0 125.892541179 2.38 24.2779317861 2212.28682232 5001.87 8303.46751928 2.69879258587e-06
1 199.526231497 1.62 37.1326171634 2052.93949246 4935.69 3056.61808658 3.01035138825e-06
2 316.227766017 1.08 51.5877724914 1596.46676755 3921.61 957.692780256 3.04238038683e-06
3 501.187233627 0.72 83.9019038603 1359.55123186 3395.64 262.571462989 3.53898437729e-06
4 794.328234724 0.48 122.951943638 1053.58810759 2590.89 73.4295594692 3.761352936e-06
5 1258.92541179 0.3 167.861971738 717.431166649 1858.49 18.2665209174 3.8746123372e-06
6 1995.26231497 0.22 208.625601676 468.869884491 1217.64 5.05090817809 3.80839034093e-06
7 3162.27766017 0.16 236.540004493 343.503797531 740.629 2.10888978839 3.64152834731e-06
8 5011.87233627 0.1 263.845200316 162.277233124 448.95 0.37828297168 3.54817205957e-06
9 7943.28234724 0.1 292.518868771 138.018074036 284.295 0.222619988024 3.57378965905e-06
10 12589.2541179 0.1 271.33912486 92.9034843445 157.717 0.117230108008 3.13343031281e-06
11 19952.6231497 0.1 220.48831452 53.9041671753 81.5713 0.0597686609253 2.56715015596e-06
12 31622.7766017 0.1 155.726054661 30.6240010262 43.8762 0.0386724155396 2.1582137416e-06
13 50118.7233627 0.1 95.9694842911 12.496339798 17.5459 0.016955059953 1.35439798926e-06
14 79432.8234724 0.1 62.1363997576 5.76780378819 8.04798 0.00861645815894 9.89144752883e-07
15 125892.541179 0.1 32.7042751109 1.88468286395 2.6287 0.00332098954823 5.15560529416e-07
16 199526.231497 0.1 2.21008983812e-05 1.09174288809e-06 1.51992e-06 0.00244017451769 4.74739107832e-13
17 316227.766017 0.1 2.17524491676e-05 6.88014551997e-07 9.47402e-07 0.00100041207043 4.71846965235e-13
18 501187.233627 0.1 1.45060510237e-05 4.36179107055e-07 5.88523e-07 0.000904130909475 4.72673482512e-13
19 794328.234724 0.1 6.39408893059e-05 1.04825448943e-06 1.38445e-06 0.000268767107627 1.84171734418e-12
