239581118.744 688.066 149.824 55.1405 158.785 48.2431 25.6145 252.866 56.6534 5.84251
239838301.028 774.029 149.383 55.1008 158.993 48.0288 30.4595 66.3056 63.4663 35.5006
240033158.132 842.413 149.741 55.256 158.656 48.1525 37.9368 55.861 71.3412 35.902
240125091.855 689.737 149.461 55.5313 158.379 47.8946 37.5715 63.8893 71.9041 33.6171
240814346.777 994.567 149.322 55.5979 158.336 47.7956 52.248 51.3751 81.9736 7.88613
241056006.37 901.625 149.233 55.3165 158.749 47.8638 38.1466 265.285 70.7821 340.388
242202978.779 753.528 149.838 55.0054 158.966 48.3057 6.05307 105.09 37.0868 351.567
242317362.694 885.358 149.105 55.4399 158.625 47.7476 20.7111 69.277 42.1968 9.90496
242340959.933 950.865 149.692 55.7034 158.064 47.9422 12.9311 287.219 37.731 332.551
242398500.457 847.375 150.116 55.295 158.47 48.331 23.4709 296.978 42.759 325.57
242444413.102 688.956 149.747 55.2628 158.645 48.1528 25.9519 297.431 44.0908 324.873
242570214.164 654.883 149.301 55.2191 158.859 47.9385 9.05751 292.671 32.7051 340.631
243291505.421 970.164 149.335 55.3986 158.603 47.8832 52.5654 19.518 68.2163 36.6395
243408022.056 872.019 149.037 54.9895 159.263 47.8912 42.1039 270.816 58.4289 334.757
243591656.904 732.15 149.458 55.7963 158.02 47.7839 48.5344 269.608 67.2479 336.161
243901225.167 738.787 148.899 55.6937 158.35 47.5387 44.7125 239.764 67.4267 342.923
244187563.466 655.236 149.757 55.5017 158.316 48.0593 30.1963 159.803 59.676 0.932771
244701825.861 946.966 149.461 55.3623 158.609 47.9638 54.9318 348.582 87.185 27.835
245047897.309 703.184 148.913 55.4741 158.643 47.6342 44.8383 103.773 79.656 5.21215
245462478.594 803.847 149.04 55.4296 158.661 47.7179 48.1845 254.998 82.4624 325.092
245783389.955 975.53 149.472 55.6631 158.196 47.846 34.9488 226.866 69.0568 325.976
246218438.293 989.11 149.475 55.6607 158.198 47.8486 24.1773 109.772 56.0172 351.398
246241913.767 673.427 150.097 55.1703 158.648 48.3731 17.8808 198.103 51.9405 330.538
246288289.036 816.575 149.972 55.0305 158.884 48.3655 33.9957 254.872 61.4814 321.157
246712218.52 660.766 149.81 55.3143 158.552 48.1644 15.6424 233.503 42.6558 328.068
247653083.211 961.363 149.589 55.4285 158.474 48.0028 43.3923 225.768 57.5771 328.675
247745061.801 802.002 148.9 55.6608 158.394 47.5525 55.439 229.316 70.465 327.99
247938802.64 791.893 149.212 55.4492 158.576 47.7992 8.12889 343.856 33.5781 19.8875
249005862.803 716.77 150.15 55.299 158.452 48.347 28.8924 108.714 61.7611 10.2373
249097412.471 794.844 149.434 55.2561 158.763 47.9926 27.4641 86.9926 61.9176 18.2793
249177459.124 840.981 150.09 55.1504 158.677 48.3773 29.0509 60.0788 64.0117 26.7639
249360651.447 631.021 149.169 54.9352 159.293 47.9821 37.1792 28.703 71.562 33.7258
249935142.889 930.246 149.43 55.3629 158.619 47.9471 47.0046 99.7238 81.7322 8.36562
250198726.103 829.126 149.848 55.6457 158.088 48.0461 52.5523 90.1916 85.8022 17.7841
250383849.798 758.329 149.704 55.4376 158.421 48.0585 34.2485 173.441 68.5467 326.828
250407136.429 676.1 149.193 55.7268 158.205 47.6765 40.1028 198.236 73.0292 324.11
251066559.012 843.373 149.222 55.075 159.083 47.9546 33.6711 203.893 58.7799 320.805
251502045.957 686.814 149.811 55.4668 158.344 48.1016 20.1947 195.559 42.3826 326.342
251605641.896 667.889 149.129 55.2148 158.924 47.8504 40.6517 199.075 57.4841 321.703
251684439.616 802.851 149.537 55.5952 158.265 47.9076 34.9176 331.924 52.226 22.9183
251822563.442 728.746 149.121 55.6461 158.339 47.6724 9.48713 328.53 33.0652 4.59734
251846396.836 952.841 149.267 55.1124 159.017 47.9635 31.0101 217.312 53.1471 323.561
252172683.751 668.148 149.866 55.421 158.387 48.149 11.0356 188.959 31.7992 347.293
252481962.602 703.97 149.883 55.5086 158.262 48.1217 9.01278 291.86 33.1836 19.5997
252550054.898 703.465 148.895 55.0222 159.266 47.8036 45.0146 250.276 60.4979 37.7311
253020013.183 738.422 149.099 55.147 159.027 47.8615 52.4705 234.191 73.2762 36.5248
253021544.1 706.059 148.699 55.1895 159.103 47.635 23.5316 129.08 48.3557 355.088
253071561.931 669.412 149.87 55.3778 158.445 48.1691 54.7794 232.567 76.4057 35.1665
253284275.137 808.328 149.426 55.1297 158.939 48.0394 24.5731 263.729 56.8693 38.3297
253353138.1 680.239 149.708 55.4483 158.406 48.0561 19.0587 274.024 56.9767 37.2029
253399603.374 690.324 149.384 55.3347 158.673 47.9348 16.6495 38.7347 51.3853 19.6582
253640073.422 920.342 149.61 55.1344 158.869 48.1338 19.7786 341.957 60.3864 32.8762
253698131.031 694.352 149.578 55.4987 158.382 47.9685 31.3686 89.1528 64.4633 9.97163
253857577.261 855.772 149.938 55.565 158.165 48.1263 40.4109 245.6 73.3038 36.045
253938146.089 979.395 148.924 55.2118 158.997 47.7439 36.7243 260.425 70.9434 34.2934
254238406.959 837.206 149.511 55.7855 158.016 47.8154 55.0748 135.77 89.2004 332.337
255008248.052 757.296 148.949 55.4825 158.62 47.6494 55.742 175.539 87.4726 333.023
255821385.029 669.894 149.995 55.0528 158.845 48.3685 11.953 117.677 42.9737 331.002
256405551.886 668.975 149.884 55.2462 158.619 48.2309 24.6154 243.4 41.7693 19.5994
256600861.085 805.708 149.151 55.359 158.72 47.8039 7.06487 221.359 30.616 3.77614
256978707.749 804.988 149.206 55.3953 158.652 47.8176 35.6499 217.165 50.5048 35.0008
257144556.27 690.038 149.0 55.5527 158.507 47.6475 57.7894 210.538 72.4326 36.0475
257633223.483 677.06 149.4 55.4936 158.451 47.8783 11.6552 16.6127 42.5861 7.6749
257908241.777 738.432 149.021 55.2776 158.875 47.7687 12.8551 289.498 47.9146 21.7484
258302905.748 676.243 148.591 55.315 158.967 47.5292 45.9453 195.849 75.9673 35.2324
258314525.438 787.711 149.608 55.2126 158.762 48.1012 41.9039 203.242 72.6882 36.6846
258999490.877 765.119 150.205 55.5446 158.098 48.2719 51.66 79.9995 85.7652 331.885
259722287.473 978.678 149.84 55.328 158.523 48.174 24.2677 45.5534 63.7232 328.982
259734164.573 940.233 149.572 55.4998 158.383 47.9649 32.3497 90.0358 69.0835 323.509
259894163.326 643.682 149.472 55.3321 158.646 47.9815 22.5202 16.7856 57.4951 333.444
260260756.148 954.805 149.47 55.7618 158.063 47.8041 19.2186 285.647 49.9657 353.388
260271595.445 651.183 149.127 55.2215 158.915 47.8464 44.6614 243.983 69.229 16.0504
260885312.209 846.086 149.782 55.1264 158.819 48.2272 62.8657 257.99 54.2227 23.8829
260937339.238 649.158 149.857 55.1292 158.789 48.2647 16.3116 218.44 36.9093 10.4371
261125883.91 913.136 149.371 55.8356 157.997 47.7229 50.6308 209.509 65.553 30.8608
261832731.957 654.21 148.884 55.4099 158.74 47.6446 33.2009 36.9082 50.1878 338.42
261974702.758 722.154 150.062 55.5971 158.078 48.1762 37.6585 175.12 55.994 38.2222
261992799.719 804.31 150.05 55.2689 158.53 48.3073 9.048 344.531 36.7574 4.66501
262341023.889 717.884 148.872 55.4919 158.633 47.6055 63.6862 129.942 86.3603 30.9929
262865291.66 832.8 148.853 55.4074 158.754 47.6293 51.1903 334.667 80.3975 344.262
262938434.325 673.662 149.499 55.4024 158.541 47.967 28.4435 219.861 62.6456 32.4155
264246650.784 898.961 149.21 55.5708 158.411 47.749 50.6639 257.895 85.8055 18.5533
264253807.842 631.426 149.553 55.8332 157.937 47.8172 27.5504 349.969 66.436 330.937
264437908.857 802.135 149.828 55.4656 158.34 48.1112 35.2968 46.3876 69.4248 322.93
264620833.484 690.719 149.514 55.7282 158.093 47.8409 20.3652 353.011 54.7477 330.59
264654728.743 829.814 149.224 55.6766 158.263 47.7128 23.3749 284.292 55.9266 349.567
265015609.179 809.693 149.279 55.8567 158.0 47.6674 33.4707 238.888 57.3026 10.1695
265033586.276 897.68 149.135 55.355 158.73 47.7974 8.96435 352.082 42.6907 335.211
265229404.106 921.78 149.976 55.3501 158.445 48.2356 48.6562 48.738 67.671 322.325
265234065.003 670.011 149.233 55.7633 158.142 47.6818 25.167 298.478 38.3717 349.102
265244935.433 869.99 148.803 55.6198 158.482 47.5185 34.212 219.543 54.5 15.9298
266368659.696 818.501 149.492 55.5809 158.301 47.89 39.094 115.454 54.9563 36.9229
266724036.895 824.524 149.07 55.5808 158.445 47.6722 42.5527 95.2159 62.0199 38.3362
266759902.375 765.005 149.139 55.3683 158.711 47.7939 30.8656 335.275 52.3326 347.03
266838789.367 857.721 149.619 55.2298 158.735 48.0996 38.6174 100.006 59.9196 39.1368
266873704.319 669.91 149.667 55.1633 158.809 48.1519 14.4574 155.429 43.7973 31.167
267029705.125 900.89 149.138 55.4553 158.593 47.7585 58.1902 315.449 68.8544 343.412
267619556.334 745.219 148.886 55.1817 159.051 47.736 29.0421 253.134 63.745 19.3798
267963742.584 919.577 149.546 55.4284 158.489 47.9805 40.1332 267.207 75.1381 18.5779
267974235.161 930.739 149.111 55.2439 158.89 47.829 46.7195 83.0022 80.715 35.2791
269306809.282 913.954 149.612 55.2567 158.701 48.085 15.7968 248.639 52.7839 345.782
269685710.62 777.137 149.894 55.7066 157.989 48.0444 12.3663 346.253 43.8104 329.629
270190130.344 885.834 149.161 55.7024 158.249 47.6701 9.46068 7.3364 33.4115 341.368
270385357.889 683.465 148.756 55.3449 158.872 47.6034 23.4941 345.766 39.638 330.015
271097192.16 694.233 149.857 55.3433 158.496 48.1768 62.9365 327.554 82.188 328.653
271119043.977 961.315 149.305 55.5074 158.465 47.8234 11.6715 310.128 36.234 358.413
271486213.323 874.437 149.314 55.0338 159.108 48.0195 20.7642 281.746 47.727 356.764
271519778.749 871.832 148.901 55.647 158.413 47.5582 18.8801 54.4948 47.5787 34.8051
271564686.779 641.968 150.06 55.4115 158.331 48.2534 61.8172 25.3143 87.0618 30.682
272404180.438 927.159 149.989 55.5583 158.156 48.1551 44.4643 284.466 79.5102 353.136
272910231.877 941.129 149.836 55.2552 158.624 48.2021 62.8047 312.361 89.9511 325.342
273470524.444 795.827 149.916 55.0853 158.829 48.3136 44.7548 75.526 79.8823 10.9003
273826075.19 652.376 149.32 55.5271 158.433 47.8233 38.0767 66.3867 75.3279 13.3004
274033419.073 791.234 149.293 55.5041 158.473 47.8189 3.92032 79.4575 48.6051 341.479
274080616.062 862.112 149.557 55.5629 158.302 47.931 49.3073 330.313 81.8493 327.845
274537423.876 850.854 149.864 55.5437 158.221 48.0969 31.7797 39.2806 51.7217 16.6318
275213845.251 990.171 149.269 55.4647 158.535 47.8223 41.0223 10.1908 54.5345 32.8882
275456369.662 883.659 149.649 55.4007 158.491 48.0452 47.7253 288.941 64.177 329.258
275546436.495 982.554 149.601 55.2742 158.681 48.0722 38.266 357.1 53.2305 36.775
275845867.474 704.459 149.687 55.3347 158.568 48.092 29.1673 261.931 48.7163 345.237
275981658.951 647.393 149.158 55.3062 158.789 47.8285 54.3257 339.506 80.4501 34.3644
276234853.394 905.664 149.963 55.6087 158.097 48.1205 14.3615 343.66 48.4309 33.2086
276475910.79 792.437 149.845 55.1615 158.749 48.2457 3.40794 27.1702 51.722 26.3114
276956397.545 954.087 148.822 55.1131 159.166 47.7294 41.3121 333.018 85.8637 29.2805
277003328.789 711.79 148.961 55.7715 158.223 47.5391 19.8467 52.8131 69.3959 30.2066
277277824.162 791.171 149.431 55.743 158.101 47.7919 38.2811 0.257208 86.7712 32.5326
278644027.918 712.919 148.801 55.4005 158.781 47.605 48.1852 45.7737 81.6962 22.4868
279321739.175 742.727 149.349 55.2428 158.81 47.9538 17.0508 318.382 33.4336 353.353
279368493.43 807.396 149.587 55.7557 158.03 47.8665 40.8545 258.508 58.1847 322.855
279505353.418 667.652 149.764 55.4609 158.369 48.0798 19.0153 291.288 31.472 347.622
279756398.812 716.802 149.417 54.909 159.244 48.1237 57.229 315.737 75.0846 34.608
279838227.762 996.346 149.406 55.0818 159.011 48.0483 28.042 249.488 38.1475 334.966
280021066.097 790.491 149.517 55.5375 158.351 47.921 22.2381 298.553 33.5848 21.2125
280077857.917 799.067 149.375 55.0674 159.041 48.0381 41.07 309.065 55.4543 36.4667
280101005.056 908.149 150.004 55.6861 157.977 48.109 32.3265 309.969 46.0972 34.1092
280353304.356 783.668 148.728 55.4013 158.804 47.5668 29.0456 300.057 46.0742 36.1357
280503805.458 816.029 149.259 55.6955 158.225 47.7231 42.1706 205.227 64.0626 337.517
280640797.95 680.787 149.347 55.5933 158.334 47.8101 16.5332 204.802 43.1351 1.71975
280973084.026 783.75 149.304 55.305 158.741 47.9052 2.5194 200.09 48.0795 20.5053
281190694.719 638.89 149.281 55.4491 158.552 47.835 9.76978 343.889 55.9366 31.2781
281339784.01 767.671 149.344 55.3942 158.606 47.8899 12.3328 3.15985 60.49 31.2666
282155802.095 797.308 148.985 55.483 158.607 47.6678 32.8347 143.065 82.4597 336.884
282316104.123 939.689 149.892 55.7303 157.957 48.0329 28.708 117.723 78.5504 346.888
282614383.054 835.347 148.967 55.4542 158.652 47.6702 22.037 105.356 70.8192 345.63
282890890.349 755.251 150.031 55.2044 158.625 48.3243 31.7849 217.7 72.7041 323.353
283372452.571 658.907 149.468 55.6341 158.236 47.8559 33.572 217.714 63.2712 321.589
283646972.44 824.198 149.908 55.1438 158.751 48.2855 13.068 248.799 38.7425 336.322
283682642.088 723.31 148.942 55.5301 158.558 47.6263 60.6455 216.551 88.278 328.18
283749713.68 727.894 149.501 55.0659 159.0 48.1049 20.4493 299.121 40.8987 4.52462
283956628.389 904.508 148.929 55.4551 158.664 47.6499 18.8997 229.834 34.9123 336.942
284024740.664 917.397 149.286 55.1508 158.958 47.9581 29.5456 273.557 43.7165 19.3341
284243674.468 918.1 149.03 55.281 158.867 47.7722 32.9833 200.127 45.0641 326.989
284495860.706 664.006 148.643 55.2707 159.01 47.5738 30.4429 192.498 41.3214 333.37
284530403.364 901.442 149.152 55.329 158.76 47.8165 35.3252 187.955 47.4357 330.941
285366582.739 933.42 149.178 55.1432 159.005 47.9043 14.4068 230.242 44.7989 31.7938
285448150.016 952.187 149.569 55.1606 158.847 48.1018 42.7422 148.463 71.7581 340.529
285527975.242 646.581 149.279 55.6136 158.33 47.7668 24.6502 133.951 56.7429 355.916
285561855.886 755.771 149.239 55.3423 158.712 47.8564 3.85913 140.991 47.4972 18.9313
285825295.91 718.557 149.573 55.401 158.517 48.0058 10.5577 274.349 56.8384 31.7203
286456717.846 796.846 148.825 55.1357 159.134 47.722 22.7695 24.0168 76.1381 14.8813
286525381.741 854.789 148.757 55.0992 159.207 47.7007 22.9045 334.326 77.4854 20.2599
286652215.116 780.585 149.468 55.4358 158.506 47.9375 37.4466 265.889 81.1374 356.297
287055032.99 658.712 149.498 55.6305 158.231 47.8729 31.3666 143.308 79.6476 325.061
287559253.438 698.023 149.529 55.098 158.947 48.1062 11.6963 120.475 58.868 328.078
287673671.171 753.861 149.594 55.542 158.318 47.9587 4.39579 38.2674 54.2711 337.048
287742228.489 941.545 149.155 55.3648 158.71 47.8037 10.6931 312.607 54.0418 347.252
288179652.736 810.276 149.421 55.2846 158.729 47.9745 60.263 166.049 89.7001 329.266
288270490.435 910.492 149.748 55.364 158.506 48.1118 26.2898 158.956 48.6968 322.602
288407239.132 870.037 149.191 55.5092 158.502 47.7637 20.4789 223.409 40.3633 4.93285
288418329.437 875.013 149.462 55.4268 158.52 47.9378 34.8689 226.174 54.0808 19.4842
288624773.922 990.812 149.232 55.2714 158.811 47.8815 34.9832 217.002 50.2207 23.1404
288681918.765 926.487 149.327 55.4703 158.508 47.8501 42.842 215.264 59.047 27.7833
289072099.033 632.444 148.966 55.6851 158.339 47.5764 31.6641 197.905 43.3435 29.0775
289163711.828 719.559 148.723 55.5519 158.601 47.504 36.0083 196.568 48.6529 32.9193
289524536.165 749.163 149.828 55.4269 158.392 48.1271 49.2514 188.681 68.7277 36.9212
289610927.382 769.233 149.465 55.5395 158.366 47.8935 31.3606 194.815 50.5458 37.4966
290598973.313 773.217 149.103 55.4874 158.561 47.7271 44.1019 69.2517 85.441 340.027
290610188.738 738.016 149.927 55.393 158.404 48.1921 36.2277 40.3781 77.8685 348.965
290739809.183 909.697 149.787 55.4693 158.349 48.0885 41.3383 169.607 85.213 29.1729
291586110.324 893.301 149.713 55.0163 158.995 48.2356 30.7347 65.508 79.7198 325.787
291884084.62 737.957 149.492 55.3184 158.658 47.9974 18.7012 38.2743 68.0823 329.119
292010658.707 673.113 149.503 55.7501 158.067 47.8261 24.4899 87.7062 69.4905 323.831
292538878.067 732.896 149.409 55.0849 159.006 48.049 53.7728 117.484 86.7346 329.72
292641253.943 735.144 149.875 55.4858 158.296 48.1269 23.3212 106.493 52.8778 322.315
292920488.539 965.1 149.523 55.4909 158.412 47.943 48.2826 351.876 76.3621 26.8779
292996649.352 668.871 149.765 55.3961 158.456 48.1075 25.783 106.497 45.3375 324.083
293259926.794 678.154 149.016 55.6783 158.332 47.6049 17.7631 134.7 32.4167 348.329
293305436.228 966.478 150.093 55.5365 158.149 48.2179 24.9631 168.791 37.3178 13.7707
293409640.76 707.131 149.114 55.5128 158.523 47.7228 37.3736 90.8278 51.1356 324.832
293902463.661 984.594 149.451 55.6021 158.286 47.8601 28.4712 73.3634 40.9309 339.183
293987566.38 916.466 149.328 55.0039 159.145 48.0389 28.3422 142.687 40.9981 32.8586
294307959.549 956.566 149.599 55.512 158.357 47.9739 52.1037 135.302 73.8063 36.1267
294366091.147 857.17 149.362 55.2848 158.749 47.9438 16.6313 143.201 41.2091 31.5815
294399668.854 791.028 148.944 55.3297 158.83 47.7077 51.924 131.009 74.8195 36.0225
294710100.928 924.364 149.31 55.727 158.165 47.7365 12.2281 161.146 48.0714 31.8193
294831390.191 858.62 149.695 55.7121 158.051 47.9401 26.3216 346.56 59.2336 356.916
294882089.843 799.607 149.21 55.1046 159.047 47.9364 13.2132 174.737 52.3011 33.0325
294996739.001 840.602 150.014 55.2961 158.505 48.2773 15.4434 184.337 56.2734 33.5082
295328379.709 882.773 149.167 55.6658 158.297 47.6878 44.6532 120.386 84.0842 29.7912
295662310.819 929.902 149.034 55.2351 158.928 47.7923 30.2227 251.412 75.2527 23.5915
295833561.517 726.262 149.187 55.3696 158.693 47.8184 42.1736 182.564 86.3418 34.7084
296120853.359 990.115 149.752 55.5049 158.313 48.0556 45.8922 235.655 89.9028 30.3624
296323711.112 692.577 149.316 55.4985 158.473 47.8329 31.4403 10.0 75.5684 326.345
296621677.456 737.652 149.443 55.4988 158.429 47.8988 14.6449 358.664 63.8584 329.788
296852165.818 906.714 149.521 55.7821 158.017 47.8216 47.067 69.1314 85.6271 331.591
297165764.582 841.586 149.079 55.0674 159.142 47.8824 16.8566 210.965 51.1548 356.899
297348559.364 820.498 149.227 55.0252 159.15 47.9769 45.7047 181.896 72.6855 22.4688
297349673.025 639.993 149.562 55.5983 158.252 47.919 64.0762 312.223 41.69 339.072
297440661.074 831.059 149.531 55.2205 158.778 48.0575 32.201 176.742 55.8456 14.6675
297681369.012 806.637 149.353 55.0676 159.049 48.0264 38.1079 144.566 56.707 22.3434
297830813.39 853.803 149.535 55.1057 158.934 48.1064 25.2087 128.811 39.532 14.0149
298037653.751 842.858 149.356 55.5074 158.447 47.8499 19.6564 75.8391 30.8681 349.755
298335476.369 844.235 149.883 55.4078 158.399 48.1635 23.0462 89.7938 33.16 19.1137
298526086.456 974.698 148.653 55.4625 158.746 47.5034 57.6495 20.3867 76.9103 327.32
298862383.526 649.007 148.984 55.6714 158.351 47.5916 37.4203 76.4142 56.9333 38.0358
298943669.815 732.071 149.332 55.1718 158.913 47.9737 18.0041 13.7273 39.2118 359.758
299035699.127 745.341 149.642 55.6812 158.112 47.926 27.3005 354.505 50.2634 349.102
299665443.999 808.772 150.012 55.4091 158.352 48.2294 14.1316 116.152 58.5125 34.1543
299689427.819 934.684 149.82 55.6895 158.038 48.0132 27.2137 312.056 67.0836 358.122
299689557.974 930.88 149.874 55.2502 158.617 48.224 31.381 318.174 70.2825 353.493
300193824.475 882.08 149.467 55.2628 158.742 48.0074 25.7635 266.626 74.8144 10.5822
301795935.778 732.763 150.191 55.4381 158.248 48.3094 47.8908 11.8806 78.6077 326.068
301887598.347 735.624 149.382 55.5218 158.419 47.8574 53.9972 356.979 75.6131 324.798
301891277.705 747.743 148.618 55.3301 158.938 47.5374 39.5008 70.0685 67.7741 17.5538
301949236.562 830.94 149.107 55.349 158.748 47.785 15.5761 99.4973 45.3721 356.663
302511655.281 665.573 148.854 55.5919 158.503 47.5563 22.4233 4.40047 36.1224 333.503
302866874.021 631.573 149.766 55.2592 158.643 48.164 20.4888 9.47673 29.766 356.205
302890634.955 797.328 149.879 55.7483 157.937 48.0191 45.3886 340.482 60.1771 327.046
303049276.077 660.102 149.224 55.7009 158.23 47.703 49.8147 33.4972 66.7667 35.2405
303141470.245 637.948 149.88 55.5743 158.173 48.0927 31.3662 31.3749 44.7237 33.4703
303852190.432 943.164 148.912 55.5799 158.5 47.5908 29.8311 19.5808 57.9235 38.739
303955395.347 726.842 148.747 55.1322 159.165 47.6827 28.4567 19.2065 59.0008 39.1093
304001883.549 669.444 148.899 55.0551 159.22 47.7928 3.86512 353.813 46.8817 24.3219
304254455.366 648.363 148.853 55.2003 159.037 47.7111 11.1191 208.863 56.0837 14.0848
304460877.016 982.95 148.89 55.0833 159.184 47.7768 14.7756 169.627 62.4772 16.0807
305287601.978 842.946 149.391 55.3621 158.633 47.9275 30.0507 204.591 80.0124 343.676
305930414.294 953.064 149.092 55.4611 158.601 47.732 12.8073 251.713 61.3747 329.195
306044821.23 763.141 148.83 55.4905 158.649 47.5841 7.32665 180.457 57.062 337.465
306194610.174 691.844 148.937 55.6684 158.371 47.5685 25.8749 307.769 62.7755 322.132
306446935.672 920.309 149.293 55.1997 158.888 47.9422 31.6346 312.914 60.6966 320.867
306675887.469 979.515 148.969 55.11 159.121 47.8078 20.37 313.328 44.8161 325.212
306766355.299 945.874 149.735 55.4052 158.455 48.088 41.1684 38.3555 63.3773 21.8819
307089066.72 763.862 149.182 55.4542 158.579 47.7817 39.7421 59.444 56.9056 322.791
307232405.164 875.324 149.169 55.1714 158.97 47.8885 43.3387 58.964 57.0972 323.614
307255535.855 787.073 149.737 55.7336 158.008 47.9525 15.4704 60.4217 67.0228 324.44
307926146.631 782.486 149.365 55.2121 158.847 47.9744 43.5091 269.97 60.5557 333.065
308052395.939 879.478 149.359 55.4935 158.465 47.8574 47.3573 266.22 67.6203 333.446
308292332.848 663.174 148.968 55.2211 158.97 47.7632 13.2038 257.22 39.8306 8.37043
308292926.646 807.699 149.458 54.94 159.188 48.1327 34.6644 242.766 57.5383 343.412
308463038.279 656.837 149.74 54.9579 159.065 48.2735 47.4155 329.59 76.3141 35.5799
308842460.534 762.916 149.095 55.6561 158.335 47.655 4.70616 52.0695 54.218 26.1191
309185954.182 852.41 149.433 55.3789 158.596 47.9423 24.4334 6.6028 70.634 36.1169
309199081.379 647.328 149.366 55.4518 158.52 47.8777 36.7477 170.748 80.6521 348.345
309289129.44 842.313 149.669 55.2939 158.63 48.0995 27.1299 8.94031 74.25 35.8938
309460603.89 927.983 149.756 55.3182 158.566 48.1349 40.0375 336.907 87.6853 29.871
309622275.117 693.256 149.191 55.1163 159.038 47.9217 29.9151 59.4929 79.6103 28.573
309933090.883 635.826 150.02 55.2304 158.593 48.3078 29.3563 128.106 79.2537 349.771
311263457.092 693.109 149.572 55.1438 158.869 48.1101 17.6299 7.43148 43.5632 359.904
311469067.15 648.095 149.102 55.7785 158.166 47.6084 49.9724 5.39159 72.7154 26.8089
311597597.295 897.692 149.826 55.0688 158.883 48.2734 61.0708 255.236 83.8929 325.301
311608383.788 877.137 149.643 55.6781 158.116 47.9275 33.7346 252.965 50.3357 323.138
311894473.52 705.771 149.3 55.1908 158.898 47.9492 20.3447 274.818 30.7534 347.506
312146294.685 907.029 149.429 55.8502 157.957 47.7465 24.7801 303.453 35.9375 22.4353
312284022.957 700.819 149.251 54.9971 159.18 48.0011 21.7152 285.777 31.8 18.0162
313453140.145 694.742 148.97 55.5899 158.467 47.6169 20.274 302.79 60.4688 36.9019
313786554.314 832.608 150.132 55.2329 158.549 48.3651 18.6861 95.6583 66.8351 15.0161
313877162.7 752.648 148.986 55.1157 159.108 47.8148 30.1665 297.315 76.0978 36.0875
314290433.992 813.594 148.584 55.3605 158.908 47.5077 34.0967 354.016 83.4458 33.2283
314567443.554 675.574 149.355 55.6202 158.294 47.8035 29.2272 130.71 79.1452 339.408
314591079.898 711.597 149.747 55.4771 158.353 48.0644 32.9543 173.965 81.9624 325.975
314694889.437 960.383 149.897 55.235 158.63 48.2424 38.5988 207.091 86.276 327.858
315285209.461 870.842 149.291 55.8254 158.038 47.6863 30.2005 207.847 69.2886 323.128
315319437.24 747.167 149.368 55.8025 158.043 47.7352 24.3716 203.632 63.9509 322.72
316413897.166 756.521 149.435 55.4215 158.537 47.9258 20.5928 214.634 32.6578 340.97
316641992.957 713.833 149.407 55.2871 158.73 47.9663 51.9226 232.569 68.6199 33.759
317009183.883 650.008 149.028 55.3107 158.827 47.7592 38.7201 228.775 53.371 36.267
317743575.049 891.386 149.338 55.5599 158.382 47.8191 6.65129 206.28 45.1465 25.2172
318144846.443 925.069 149.393 55.0326 159.083 48.0616 7.788 289.207 56.7179 28.7901
318363411.416 827.686 149.711 55.0488 158.951 48.2214 23.3481 73.7355 68.8024 6.09893
319028405.881 916.858 149.868 55.1673 158.733 48.2548 31.978 298.956 81.8179 15.1025
319281297.595 641.266 149.559 55.6158 158.23 47.9104 28.5104 11.3503 77.9867 352.622
319396655.314 957.784 149.827 55.3766 158.461 48.1473 22.8651 90.9902 72.6886 332.047
319534942.879 790.618 149.068 55.159 159.021 47.8403 29.8807 142.05 75.801 323.893
319580005.633 649.581 149.533 55.604 158.255 47.9017 16.7841 58.0515 66.7298 336.104
319751487.532 902.241 148.979 55.4183 158.697 47.6905 22.8402 303.28 67.1052 355.178
319855432.714 980.358 148.778 55.1936 159.071 47.6745 10.0539 96.8866 58.2073 329.837
319971221.349 814.013 149.237 55.7159 158.205 47.7034 47.4667 164.582 84.7499 330.67
320325350.839 752.802 149.447 55.7315 158.112 47.8047 6.22315 199.429 43.8115 339.93
320496857.713 663.732 149.858 55.1542 158.754 48.2554 23.0856 232.664 47.3164 6.64223
320658396.162 681.294 148.917 55.1477 159.087 47.7657 29.9163 147.418 49.3638 321.992
320944891.767 974.411 149.258 55.5145 158.471 47.7963 27.7173 143.146 41.5112 327.305
321012878.269 777.182 149.275 55.35 158.689 47.8722 25.1611 200.051 37.7694 15.8632
321081630.499 778.486 149.498 55.6231 158.241 47.8758 26.6954 199.096 38.9595 19.26
321529792.198 705.352 149.484 54.9219 159.203 48.1539 35.9905 119.625 48.1367 332.422
321587797.428 840.34 149.525 55.8225 157.961 47.807 62.3338 123.374 83.696 326.977
321885594.341 658.696 149.281 55.4828 158.507 47.8213 48.8553 108.684 69.3141 332.865
322405804.592 747.333 149.72 55.4074 158.457 48.0793 17.0848 174.067 51.2579 35.5378
323336236.349 865.245 148.862 55.1363 159.121 47.7413 37.4258 4.76364 85.206 341.614
323587582.738 736.459 150.213 55.4395 158.238 48.32 31.9001 265.541 81.7783 18.2936
323749893.684 985.564 149.326 55.4835 158.49 47.8441 35.2115 60.2332 84.3077 325.979
324116450.432 842.471 149.544 55.3116 158.649 48.0273 19.1914 11.8827 69.0973 332.155
324183895.004 714.242 149.819 54.9963 158.985 48.2994 41.3642 245.42 85.8076 19.4444
324254678.59 815.024 149.747 55.118 158.843 48.2124 27.1972 85.007 71.7306 323.197
324392258.419 935.142 149.39 55.4192 158.556 47.9037 3.84684 271.553 68.3791 322.874
324547582.602 860.076 148.715 55.3101 158.933 47.5958 36.038 123.844 82.8414 329.05
324575824.514 941.551 149.003 55.1709 159.027 47.8014 5.29878 162.755 68.2759 322.151
324598387.175 648.691 149.753 55.5097 158.306 48.0539 16.2102 84.1477 57.7562 324.167
324633485.531 741.114 149.345 55.2318 158.827 47.9561 43.6114 108.56 78.9959 326.524
325217759.519 850.412 149.512 55.5387 158.351 47.9178 35.7797 96.0168 56.9328 321.386
325538984.865 850.816 148.758 55.2245 159.035 47.6523 48.8133 87.6535 66.498 322.934
326764409.02 991.312 149.237 55.4414 158.578 47.8151 14.9311 117.392 42.1947 29.8874
326832306.617 712.271 149.535 55.3798 158.559 47.9947 48.6247 112.605 76.2004 35.3126
327005156.328 773.222 148.645 55.2267 159.07 47.5917 10.8603 126.937 47.232 30.8869
327279162.793 995.191 149.083 55.5926 158.425 47.6743 49.5687 98.5061 87.4444 27.7039
327396321.336 847.264 149.01 55.3291 158.808 47.7423 41.3187 348.827 80.393 343.471
327749422.4 990.502 149.425 55.1217 158.95 48.0425 39.978 113.322 85.5758 30.1894
327796262.79 820.742 148.783 55.6566 158.439 47.4936 21.9917 211.218 71.5538 30.7344
327832209.244 715.607 149.626 55.1697 158.814 48.128 39.8348 335.519 86.4681 340.005
327992829.518 812.281 149.691 55.0808 158.913 48.1984 38.224 334.423 86.4468 337.573
328003604.187 759.99 149.241 54.9938 159.188 47.9971 29.3264 292.577 78.7273 3.271
328331057.817 740.469 149.89 55.2625 158.595 48.227 8.07814 132.27 80.2318 340.142
328359036.676 642.788 149.478 54.956 159.159 48.1368 31.2749 273.153 80.9359 5.82632
328429730.058 759.203 148.971 55.0028 159.267 47.851 39.1613 38.8738 87.6233 326.518
328899790.693 651.748 148.902 55.5599 158.531 47.5939 32.0688 46.5306 75.3536 324.469
329471698.476 759.724 149.861 55.24 158.636 48.2212 18.8469 194.371 51.3255 359.248
330172741.516 718.45 148.789 55.2056 159.051 47.6755 63.0108 38.7021 85.0959 325.32
330400510.04 910.574 149.616 55.3556 158.564 48.047 21.5184 85.6296 31.6815 9.50992
330446248.765 774.896 149.011 55.1607 159.038 47.8097 24.1784 89.2732 34.0568 17.4171
330676685.643 803.613 149.47 55.8234 157.979 47.7787 45.3752 16.615 60.5278 328.619
331019121.273 703.3 148.887 55.4486 158.687 47.6304 31.662 72.1744 47.891 36.4567
331237253.235 853.319 149.338 55.3335 158.691 47.9114 17.7024 64.973 39.8554 29.6055
331419987.086 633.443 148.914 55.2576 158.938 47.7207 41.4364 58.1835 67.1236 38.0275
331534969.477 816.479 149.208 54.923 159.296 48.0079 26.3304 67.8678 54.7938 39.0385
331707585.014 698.945 149.159 55.7425 158.196 47.6525 3.58987 318.654 48.7243 18.8371
331983244.194 876.638 148.877 55.578 158.514 47.5735 23.4187 300.139 64.3879 2.10037
332452357.447 654.481 149.698 55.6245 158.169 47.9783 25.83 109.876 74.803 33.3869
332510970.591 749.219 148.741 55.2116 159.059 47.6479 31.8514 291.154 79.8146 355.404
333141019.031 803.179 149.751 55.4165 158.434 48.0916 38.7352 122.005 86.5119 20.4148
333199497.492 925.947 149.026 55.2001 158.979 47.8021 23.6237 283.757 73.6451 338.53
333292524.966 735.474 149.526 55.6344 158.216 47.8856 37.7787 1.33333 83.9057 328.51
333475831.61 865.326 150.08 55.3122 158.46 48.3052 34.0853 359.722 77.3851 325.058
333485077.204 989.755 149.822 55.3404 158.513 48.1598 42.2319 76.3971 85.3817 18.9965
333636536.279 871.27 149.701 55.2169 158.724 48.1476 41.0068 6.76576 80.9719 327.724
334369121.229 748.004 149.393 55.0864 159.009 48.0401 12.2197 27.6501 38.4276 339.088
334999947.523 999.985 149.745 55.183 158.755 48.1845 28.0397 344.319 38.6422 331.469
335217684.123 823.242 149.731 55.39 158.477 48.0922 25.9559 338.041 36.2073 338.949
335549267.534 634.396 149.608 55.4874 158.387 47.9885 29.2126 19.8847 44.0539 34.4261
336610822.555 716.511 149.73 55.2394 158.683 48.1539 26.6175 234.979 67.1687 358.894
336644953.094 895.447 149.559 54.9792 159.099 48.17 17.9685 196.968 62.1536 9.09917
336811700.497 825.405 149.526 55.2232 158.776 48.0541 33.6527 240.543 76.9791 352.273
338509594.413 693.999 149.556 55.5017 158.386 47.9556 13.6158 288.453 53.8182 325.96
338922302.863 751.73 148.958 55.1883 159.018 47.7713 20.6186 304.939 45.8622 324.707
338956424.35 742.747 149.249 55.1576 158.961 47.9357 12.7059 325.814 39.5417 335.425
340234153.159 897.144 148.898 55.087 159.177 47.7796 47.5035 81.3272 35.0925 24.7831
340371156.751 839.983 149.78 55.6144 158.154 48.0244 36.997 335.965 56.9447 38.201
340584971.498 943.452 149.96 55.2625 158.57 48.2634 44.673 239.748 69.5092 337.684
340760292.84 780.61 149.683 55.8326 157.892 47.8836 53.8457 313.728 85.3574 30.8415
340768317.266 676.794 149.653 55.2798 158.654 48.0972 40.5546 222.092 69.0702 342.09
340818837.395 661.335 149.296 55.4376 158.563 47.8476 35.2646 73.9703 45.696 25.2678
341139851.425 715.595 148.676 55.5169 158.664 47.4937 4.71289 71.0739 54.673 24.6177
341261234.803 985.559 149.793 55.0028 158.985 48.2834 35.8976 177.407 75.782 349.072
341346461.103 677.475 149.286 55.3913 158.63 47.8608 14.6125 114.532 62.7045 17.0351
342271866.029 636.617 149.946 55.0469 158.87 48.3454 40.9124 253.409 89.2325 329.148
342511402.624 844.821 149.565 55.5649 158.297 47.9341 20.6438 153.747 70.5751 336.372
342719252.083 674.927 149.495 55.7679 158.046 47.8145 46.0917 269.431 89.3293 335.565
342752322.759 684.497 149.418 55.5057 158.428 47.8826 12.9666 176.925 62.6305 331.928
343118934.643 747.144 148.857 55.1617 159.088 47.7287 2.60328 69.0525 50.8251 339.614
343153574.902 879.733 149.623 55.4508 158.432 48.0115 7.27356 244.774 50.4774 330.689
343410817.157 682.857 149.401 55.1348 158.94 48.0244 31.8388 91.7687 49.253 2.24496
343674720.973 758.954 149.386 55.2626 158.771 47.9653 7.07647 18.3602 37.4635 353.26
344006465.392 821.088 149.324 55.3393 158.687 47.9018 39.241 329.466 54.826 26.4429
344311889.14 952.482 149.047 55.3369 158.785 47.7583 50.549 213.336 64.6003 325.333
345118797.628 665.996 149.704 55.1093 158.87 48.1934 12.8695 253.211 38.2246 22.1984
345130657.395 790.588 148.964 55.6015 158.453 47.6094 18.4934 195.134 42.3759 358.892
345461912.379 681.198 149.374 55.0296 159.094 48.0524 32.4442 270.908 63.1818 39.0639
345541904.864 924.409 149.561 55.3043 158.653 48.0391 40.0549 261.106 72.9782 36.2377
345885707.516 759.43 149.777 55.7527 157.968 47.9649 36.4611 262.655 77.3794 33.9377
346000054.217 967.249 149.456 55.5216 158.394 47.8959 43.2053 250.247 86.1841 27.9543
346114768.607 935.677 149.505 55.1582 158.872 48.0696 40.2837 255.394 84.9747 30.1261
346260252.921 973.953 149.369 55.3174 158.702 47.9341 30.7911 195.484 80.7783 351.626
346620574.713 844.314 149.994 55.1497 158.712 48.3278 31.9293 60.1217 81.677 21.3223
346666314.76 925.807 149.736 55.5371 158.275 48.0341 34.0006 49.1373 83.5669 24.3132
346769941.944 650.754 149.71 55.3445 158.546 48.1001 32.2589 82.0948 81.8309 9.21965
347395772.539 836.7 148.884 55.1996 159.027 47.7278 11.2142 140.418 61.4644 331.628
347763695.126 912.005 148.837 55.4862 158.652 47.5896 49.6705 207.847 84.2311 329.464
347768177.707 731.319 150.071 55.4503 158.274 48.2427 1.48046 220.976 49.1941 336.396
348019314.426 888.446 149.118 55.4966 158.544 47.7313 35.1271 272.959 67.6828 18.2178
348787252.929 908.226 149.325 55.4423 158.547 47.8605 41.0225 234.664 55.3469 29.9326
349430235.923 818.749 149.134 55.3162 158.784 47.8121 28.52 157.709 43.5443 342.872
349544291.163 644.792 149.604 55.7276 158.062 47.8868 15.2415 189.414 35.0837 16.4067
350071339.173 956.597 149.764 55.1386 158.809 48.2126 6.14957 206.489 46.8862 26.89
350747113.357 812.137 148.733 55.2856 158.96 47.6151 23.3026 237.255 70.9848 35.1312
350759617.805 737.055 149.286 55.4485 158.551 47.8379 24.7212 33.162 72.146 7.7863
350850722.565 691.187 149.262 55.7598 158.137 47.6984 21.5901 282.297 71.6255 26.6643
351804466.6 989.861 149.632 55.6061 158.217 47.9518 33.3581 130.828 75.1625 324.25
352203599.985 652.823 149.507 55.1949 158.821 48.0558 45.0636 238.118 82.7205 20.3362
352652166.782 922.289 149.708 55.2562 158.668 48.1354 21.1655 142.632 48.5872 323.611
352674695.854 687.343 149.149 55.4846 158.549 47.7521 9.01177 174.49 41.5627 338.239
352915976.587 824.525 149.604 55.5358 158.323 47.9662 34.8551 139.063 54.7856 321.601
352948750.583 832.153 149.211 54.9277 159.289 48.0074 42.5195 217.344 62.7666 24.0392
352959924.508 701.529 149.7 55.0787 158.913 48.2037 54.2708 215.915 77.1709 29.1832
353464968.177 787.18 149.477 55.3937 158.56 47.9594 24.7485 182.703 35.236 18.5424
354107431.744 811.119 149.525 55.2852 158.692 48.0283 27.7226 92.8196 44.2475 344.953
354187858.336 757.523 150.204 55.2576 158.49 48.392 35.0082 89.1031 53.8759 340.528
354612302.746 657.486 150.156 55.5456 158.114 48.2461 48.9941 79.9534 79.5605 336.818
354749473.433 741.875 149.143 55.8188 158.098 47.6133 35.5079 45.8429 68.0816 347.74
355001654.456 766.241 149.747 55.3741 158.493 48.1071 35.7693 24.0218 74.221 349.137
355333181.537 733.436 149.334 55.0846 159.032 48.0095 17.5771 275.317 67.331 21.4817
355689198.126 775.685 149.227 55.3722 158.676 47.8382 31.2494 313.268 80.6205 357.271
355906220.0 736.707 150.033 55.402 158.354 48.2435 34.8063 249.66 84.2757 24.6762
355936424.817 661.457 148.605 55.4665 158.756 47.4769 9.21608 136.255 83.4338 331.503
356607398.485 891.41 149.229 55.6464 158.302 47.728 22.1544 69.7483 66.6407 323.835
357533962.817 770.429 149.599 55.8233 157.934 47.8444 46.9341 197.421 69.1777 25.2954
357880111.956 815.142 149.54 54.976 159.11 48.1612 65.9601 81.9308 88.198 325.305
357993458.692 683.785 149.013 55.5667 158.484 47.6488 21.2493 96.5999 32.1584 342.862
358074327.983 767.722 149.718 55.4448 158.407 48.0629 43.7177 69.9147 57.7511 325.456
358096071.149 933.812 149.342 55.2817 158.76 47.9345 25.8441 142.226 36.1257 20.8059
358876693.931 820.624 148.659 55.3235 158.933 47.5613 52.5195 33.5612 76.0612 332.425
359000899.269 681.0 149.879 55.2016 158.682 48.2469 32.0362 119.424 55.892 39.1494
359144475.449 932.646 149.552 55.1932 158.808 48.0798 15.8997 119.832 46.63 33.6631
359671320.73 804.725 148.712 55.3794 158.839 47.567 21.0437 143.062 63.9575 36.7342
359741731.542 944.697 149.515 55.3952 158.545 47.9783 39.1755 337.789 80.3457 345.618
360209485.91 723.169 149.762 55.4246 158.419 48.094 37.9631 123.175 86.063 32.7401
360255306.859 707.493 150.086 55.5387 158.149 48.2129 39.184 122.018 87.6365 32.1051
360566978.754 887.537 149.393 55.3201 158.69 47.9454 30.3519 308.44 80.371 344.503
360590020.669 862.216 148.796 55.2894 158.934 47.6465 30.3541 316.021 80.317 340.261
361279274.541 932.139 149.353 55.2898 158.745 47.937 47.8547 55.3355 88.4415 333.602
361599125.623 989.37 149.017 55.4864 158.592 47.683 16.9539 39.7372 53.9293 324.306
361793732.226 638.653 149.764 55.2753 158.622 48.1567 12.5769 56.6143 45.4115 329.222
361839611.433 932.75 149.188 55.19 158.938 47.8908 15.3487 52.6193 45.5607 327.298
362011850.805 965.269 149.21 55.5075 158.497 47.7747 32.466 39.7193 55.0159 321.295
362143563.283 841.459 149.023 55.4536 158.634 47.6992 32.3908 37.5253 51.8593 321.862
362968363.232 638.42 149.086 55.431 158.644 47.7412 31.915 12.2327 43.7981 334.693
363185774.777 733.649 149.781 55.4124 158.429 48.1089 50.9061 68.6342 35.518 352.531
363574929.849 638.234 149.625 55.5714 158.267 47.9623 12.2223 43.6279 39.6111 23.7129
363679126.304 795.083 149.935 55.0864 158.82 48.3231 41.898 338.003 67.7617 339.925
363690745.071 895.683 149.705 55.2921 158.619 48.1192 48.165 338.979 75.3818 336.356
363774151.734 842.234 148.992 55.7771 158.206 47.5526 59.603 42.7188 87.9483 29.9029
364280745.104 715.061 149.868 55.6026 158.139 48.0743 38.8541 314.109 78.9058 346.257
364336797.894 882.92 149.446 55.1547 158.898 48.04 11.7189 135.828 60.8006 29.8345
365175413.655 831.044 149.045 55.7812 158.182 47.5782 34.8465 316.266 84.236 327.886
365554421.247 724.72 149.758 55.4671 158.362 48.0745 38.2411 355.054 83.9899 328.639
366000520.322 702.247 149.415 55.771 158.069 47.7722 14.0504 328.444 58.0062 326.147
366170646.961 879.207 149.154 55.3601 158.717 47.8051 52.3093 52.3299 87.8864 25.8868
366361124.802 923.94 149.079 55.3314 158.782 47.7775 6.29612 17.974 44.6915 336.097
366371627.57 715.721 149.056 55.3013 158.831 47.7776 37.308 64.1727 66.1817 15.7056
366772879.076 977.058 150.003 55.5031 158.227 48.1853 31.4986 52.6576 50.5014 17.346
368062213.245 757.41 148.756 55.1256 159.171 47.6897 14.7585 341.04 36.5843 21.7059
368166260.088 971.125 149.263 55.5134 158.471 47.7994 38.3132 293.165 61.3028 340.861
368822877.009 692.415 149.413 55.4801 158.465 47.8908 45.5287 354.048 84.8127 29.31
368910863.461 911.51 149.119 55.8307 158.09 47.5961 29.3912 217.445 70.786 357.048
368967306.422 634.543 149.123 55.1419 159.026 47.8761 11.4377 83.8064 61.1783 27.4801
369266711.204 717.343 149.743 55.0029 159.002 48.2569 41.8427 253.045 88.2082 336.923
370046040.831 953.608 149.209 55.2118 158.901 47.8933 23.4735 194.289 73.4405 335.613
370183680.116 971.117 149.758 55.3614 158.506 48.118 8.30262 250.598 68.8725 332.763
370224800.776 756.634 148.771 55.5197 158.629 47.5418 64.1479 7.46213 82.027 327.577
370516061.854 866.303 149.67 55.6949 158.084 47.9343 12.8512 321.489 58.4385 330.686
370883792.155 700.182 149.119 55.1338 159.038 47.8774 52.04 306.715 84.5856 328.693
371123756.25 738.472 148.973 55.4734 158.624 47.6656 32.2296 295.532 57.2135 321.071
371723418.36 778.9 149.321 55.7798 158.09 47.7205 51.026 10.0742 69.1026 31.0806
371799826.681 663.819 149.538 55.0573 158.999 48.1276 47.0667 279.863 62.1196 323.919
371815437.444 757.941 148.74 55.5317 158.623 47.5209 42.233 60.157 49.5484 27.9654
371833463.798 849.097 149.42 55.3236 158.676 47.9579 21.7804 297.239 31.9975 342.629
372704070.996 712.886 149.663 55.1893 158.775 48.1394 20.5597 126.541 38.6909 4.25997
372761966.664 854.755 149.561 55.7381 158.063 47.8607 37.9538 227.389 61.0024 341.216
372852912.487 876.427 149.396 55.0274 159.089 48.0653 13.8534 117.941 40.6712 11.5754
373305048.228 779.478 148.932 55.0706 159.188 47.804 8.31907 355.295 53.5439 30.8766
373418622.148 670.832 149.809 55.6931 158.037 48.0064 42.4866 307.878 81.5903 31.2849
373499095.089 726.214 149.352 54.9911 159.154 48.0563 33.2309 323.532 73.7841 36.4823
373705980.67 870.234 149.65 55.4286 158.453 48.0343 17.9208 33.4514 67.0393 31.5707
374641275.572 970.491 149.195 54.9425 159.274 47.9931 24.4504 127.759 74.0915 343.972
375318460.13 826.649 148.676 55.5852 158.572 47.4665 35.4902 248.479 70.6897 323.255
375626921.892 851.662 148.734 55.4947 158.675 47.5326 8.56113 276.597 43.6377 334.674
375631829.01 636.792 149.684 55.034 158.98 48.2136 31.0518 21.0828 58.1613 11.9594
375953165.781 697.118 149.385 55.471 158.487 47.8799 13.1929 105.359 36.1228 350.939
376200661.324 845.108 149.096 55.6909 158.287 47.6413 55.1524 233.459 75.2097 324.436
376830348.595 959.745 149.586 55.56 158.296 47.9474 45.689 187.416 59.8918 330.034
377029444.182 801.93 149.239 55.552 158.427 47.7713 27.9384 273.686 43.3641 34.1475
377774620.99 677.919 149.464 55.485 158.44 47.9153 8.56328 142.749 50.1654 13.6334
378116983.234 908.433 148.917 55.2955 158.886 47.7069 38.0056 249.611 78.5932 33.7615
378140518.895 754.673 149.529 55.6324 158.218 47.888 18.574 303.373 64.2367 35.1941
379000702.808 636.333 149.17 55.6058 158.377 47.7141 33.0773 73.4347 82.5776 11.9522
379012925.602 701.655 149.147 55.4422 158.608 47.7683 39.3675 122.992 79.8962 342.799
379161152.227 997.491 148.837 55.1306 159.137 47.7303 33.5862 72.4966 82.0372 10.0997
379226412.39 853.62 149.063 55.3044 158.824 47.7797 40.4455 196.463 87.7895 330.394
379435782.442 868.973 149.589 55.3492 158.582 48.0355 43.6123 296.823 88.5941 22.5218
379963872.333 678.85 149.232 55.1685 158.952 47.9227 8.23712 353.654 51.2954 345.924
379964699.934 913.575 149.744 55.288 158.612 48.1408 55.4067 154.066 59.7814 321.667
380204441.674 755.698 149.358 55.2442 158.805 47.958 9.52716 289.929 44.3013 348.162
380239607.786 932.085 149.528 54.9388 159.165 48.1699 29.4395 185.724 55.7714 320.624
380834065.577 663.166 149.473 55.6148 158.261 47.8662 28.2948 238.423 42.4105 18.9084
380938479.001 895.934 149.617 55.5026 158.363 47.9867 44.6904 174.41 59.9687 323.931
380960151.685 635.367 149.705 55.221 158.717 48.1484 26.1695 230.518 37.6197 18.6786
381041135.25 679.305 148.877 55.4306 158.715 47.6324 29.1684 175.933 40.3397 330.288
381235048.06 679.558 148.992 55.2087 158.979 47.781 26.0758 217.693 36.1761 23.916
382070887.73 848.575 149.269 55.1791 158.925 47.9375 27.0203 204.032 52.5182 38.585
382769790.425 710.623 149.228 55.3135 158.755 47.862 16.0964 239.405 63.323 33.6881
383136864.579 907.345 149.985 55.2299 158.606 48.2898 23.7062 288.659 73.7366 22.2385
383229178.62 886.645 149.519 55.3988 158.539 47.9786 30.8852 18.0647 79.7951 358.713
383515349.079 666.043 149.148 55.5408 158.473 47.729 31.4334 296.869 81.4235 8.08201
383732459.089 677.937 149.015 55.379 158.738 47.7252 40.5797 246.027 88.9508 26.8115
383872444.459 643.013 150.126 55.265 158.508 48.3486 54.158 130.202 82.0195 325.799
384123977.483 775.667 150.063 55.3742 158.381 48.2701 20.739 289.438 67.3202 324.89
384199126.487 775.462 149.48 55.6626 158.194 47.8501 31.7341 157.885 81.5042 328.454
384204544.974 761.397 149.408 55.8343 157.986 47.7426 10.143 131.191 73.1777 324.118
386197249.741 836.825 149.434 55.5493 158.363 47.8732 40.7997 93.3091 57.0487 333.974
386424274.948 914.254 149.935 55.0363 158.889 48.3439 56.2087 159.325 80.1134 35.1571
386437095.243 803.193 149.542 55.5188 158.367 47.9417 15.515 94.7936 36.9408 5.72709
386597843.194 650.991 149.806 55.2775 158.604 48.1774 27.05 62.089 50.5036 349.796
386768830.575 805.714 149.247 55.3152 158.747 47.8715 12.0552 148.836 45.0703 30.301
386780259.94 727.24 149.482 55.4505 158.481 47.9386 12.594 152.102 45.9127 31.1176
386916583.165 937.556 148.884 55.7392 158.293 47.5122 52.7516 142.216 86.3553 29.6963
387088975.231 771.029 149.071 55.7822 158.172 47.5913 28.4904 162.402 65.13 37.7112
387089044.574 734.273 148.954 55.6487 158.392 47.5851 25.9695 164.497 63.0177 37.8875
387381799.691 800.392 149.71 55.3735 158.507 48.088 29.7651 88.2361 61.9103 24.6854
387673330.443 809.971 149.938 55.7049 157.976 48.0671 27.2408 202.724 75.5837 34.7047
388248151.698 930.244 149.538 54.9708 159.118 48.1624 29.3111 352.421 79.1642 334.636
389279997.915 848.042 149.694 55.2635 158.662 48.1251 39.6223 89.0948 70.2943 322.776
389382624.95 784.096 149.252 55.2086 158.89 47.9171 23.7483 84.9428 53.0769 321.937
389383187.2 724.58 149.788 55.4127 158.426 48.1124 45.7124 89.1421 74.6112 324.348
389886134.06 722.218 149.166 55.6218 158.357 47.7054 18.5196 100.458 35.5083 336.524
390035780.977 683.745 149.174 55.2872 158.81 47.8447 48.3161 71.5302 65.4285 323.114
390057558.483 796.137 149.095 55.579 158.439 47.6861 19.7678 135.294 32.9778 3.2678
390080860.119 958.582 149.296 55.2264 158.851 47.9327 22.258 89.1178 34.2009 336.16
390688106.153 924.785 149.48 55.3508 158.618 47.9782 32.7636 46.3326 45.8765 336.366
390698446.178 971.655 149.358 55.7156 158.164 47.7658 31.2468 123.46 45.1097 33.8026
391306627.115 749.245 149.261 55.0221 159.143 47.9962 49.9156 315.168 58.76 346.135
391603366.986 949.947 148.78 55.5364 158.603 47.5398 9.4314 133.096 51.2619 31.1846
392071996.023 812.145 150.094 55.3032 158.467 48.3158 39.2569 95.4326 82.9855 31.3392
392106172.99 788.79 149.418 55.502 158.433 47.8844 43.1757 85.5809 87.5067 26.8748
392348133.037 794.945 149.662 54.977 159.066 48.2252 23.8143 239.902 73.835 23.873
392404243.672 992.549 149.219 55.292 158.788 47.866 38.4623 106.983 86.3603 32.2597
392802754.703 730.312 149.504 55.337 158.629 47.9961 9.83633 97.9017 86.8004 325.299
392916761.505 721.218 149.486 55.2804 158.712 48.0099 28.656 338.745 78.2894 329.81
393042651.85 961.603 149.16 55.0177 159.183 47.9448 23.7868 330.319 73.6738 331.788
393398872.713 837.32 149.248 55.8154 158.066 47.6683 25.5305 108.466 84.0557 330.663
393730209.645 883.224 149.334 55.372 158.639 47.8935 19.2024 32.2293 57.1027 323.162
393764666.941 765.445 149.685 55.5849 158.228 47.988 23.3805 33.2978 58.8776 322.204
394033477.258 730.557 149.719 55.464 158.38 48.0555 15.3106 44.7783 45.9053 327.38
394215840.915 654.995 149.541 55.2733 158.702 48.0415 26.4052 129.847 49.0646 10.4629
394228096.585 707.535 150.099 55.4161 158.311 48.2712 17.1478 48.8135 40.9422 329.865
394601105.228 926.796 149.042 55.4781 158.594 47.6995 55.3785 22.374 75.244 324.223
394748949.059 662.737 149.767 55.6978 158.046 47.9827 20.1904 44.3046 31.8687 344.681
395344314.544 670.889 149.553 55.7364 158.068 47.8574 18.4576 22.5671 32.4405 2.24237
395578671.985 736.752 150.175 55.5832 158.056 48.2398 19.6437 49.9532 39.1123 29.5644
395899383.183 846.069 149.258 55.0449 159.112 47.9856 11.3932 41.4317 42.4039 27.5234
395910617.703 792.442 149.947 55.4537 158.314 48.1772 18.4361 53.2988 47.5116 34.9521
396129123.437 686.497 149.57 55.1756 158.826 48.0961 23.5034 310.971 56.7501 357.489
396293463.268 875.657 149.521 55.2203 158.782 48.0526 47.2221 40.599 78.2804 33.8757
396483481.109 773.021 149.131 55.5695 158.44 47.7086 8.75652 157.503 58.6955 25.7491
396609756.951 670.844 150.094 55.4396 158.281 48.259 16.0218 222.02 64.3955 16.8908
396735058.466 857.542 149.272 55.7163 158.193 47.7212 21.3076 86.2681 69.5447 33.8245
396900667.961 989.966 149.67 55.0398 158.977 48.2035 54.6921 47.1219 81.1855 35.0337
397376985.849 771.057 149.818 55.3814 158.458 48.1407 36.0269 90.0429 85.1794 23.723
397413341.886 877.879 149.531 55.5232 158.365 47.9342 35.6379 320.017 84.7418 325.666
397434068.663 994.282 149.538 55.369 158.573 48.0009 39.3899 73.3843 88.1985 28.4154
397860039.935 974.783 149.724 55.4933 158.339 48.0457 24.5545 323.997 71.0153 324.178
398202669.508 972.796 148.919 55.3502 158.81 47.6864 13.4189 146.509 57.6186 348.277
398202721.253 844.247 149.309 55.1233 158.987 47.9812 11.5163 153.021 56.5944 346.377
399320427.434 982.32 149.033 55.0659 159.16 47.8592 61.8664 324.023 71.5686 323.745
399467806.371 697.984 149.528 55.5041 158.392 47.9403 26.9107 21.2642 37.9876 21.908
400138863.288 833.548 149.206 55.6619 158.289 47.7095 42.9038 297.143 62.1663 335.309
400344267.451 648.832 149.533 55.1559 158.866 48.0851 14.86 287.435 39.5484 5.37991
400550832.03 744.425 149.736 55.2724 158.636 48.1433 29.5966 264.537 57.1351 349.795
400883038.071 777.702 149.374 55.4123 158.57 47.8983 33.0284 241.318 68.7318 350.838
400887212.254 828.637 148.874 55.1642 159.079 47.7366 26.9606 3.24106 63.7009 38.43
401341205.083 883.207 149.557 55.5549 158.313 47.9341 34.5604 196.859 79.5407 351.477
402268798.536 803.849 149.951 55.5674 158.157 48.132 27.9914 113.167 76.2525 355.404
402279483.73 772.837 149.836 55.2404 158.644 48.2085 50.4603 67.511 88.6552 23.4077
402590420.818 672.755 149.508 55.1907 158.827 48.0576 16.3264 244.798 63.5346 326.371
402602677.958 978.702 149.69 55.4778 158.372 48.0346 39.408 299.052 80.8892 327.831
403288482.956 920.867 149.357 55.3188 158.704 47.9271 8.94735 344.853 41.027 341.979
403528859.761 930.066 149.528 55.3896 158.548 47.9872 14.2367 341.518 36.0843 349.08
403624832.062 922.085 149.57 55.3918 158.531 48.008 63.1203 20.9227 88.3917 32.4097
404067681.782 637.604 149.311 55.07 159.06 48.0032 50.6143 39.1044 50.484 325.991
404369975.071 943.584 149.25 55.132 158.996 47.9464 22.2428 20.0659 38.8793 29.4287
405812457.639 799.174 149.773 55.6449 158.115 48.0079 19.713 2.13364 66.6723 34.7431
405812529.525 776.293 149.789 55.5994 158.171 48.035 18.0782 10.0648 65.7423 33.7661
405880691.731 748.137 149.08 55.3494 158.757 47.7706 32.3241 323.645 76.7983 35.3715
406702509.741 798.193 149.524 55.3883 158.551 47.9858 33.1948 205.662 81.9419 325.227
408499836.988 632.545 149.073 55.6009 158.417 47.6656 32.7715 224.528 45.9811 325.937
408647893.541 683.216 149.736 55.5689 158.231 48.0208 21.6537 277.2 32.2309 11.0806
409169723.607 749.731 148.867 55.418 158.735 47.6322 48.9615 186.724 58.3791 332.994
409604240.324 698.5 149.766 55.4207 158.423 48.0977 19.5915 175.001 45.1754 358.02
409753287.761 873.88 149.134 55.3232 158.774 47.8093 27.7908 161.342 55.6235 351.485
409924868.253 842.148 149.502 55.2553 158.741 48.0286 21.174 147.058 55.3192 359.988
410444488.997 839.756 149.848 55.6303 158.109 48.0525 27.4545 266.72 72.5854 36.1782
410753547.255 927.874 149.016 55.3601 158.764 47.733 33.217 261.975 81.3185 35.0328
410811240.838 891.259 149.562 55.1624 158.847 48.0973 29.1221 306.048 78.4884 32.934
411034199.685 861.22 149.193 55.178 158.952 47.8986 39.5146 259.081 88.681 34.8292
411253455.196 710.862 149.43 54.9127 159.235 48.129 28.4829 100.519 78.3247 348.862
412336512.328 708.942 149.807 55.586 158.183 48.0502 32.6366 184.563 61.5687 321.348
412370543.783 672.925 149.848 55.2412 158.639 48.2145 21.009 184.85 50.5984 323.107
412632461.376 986.375 150.011 55.6063 158.083 48.1461 40.3856 241.048 62.9978 21.1166
413126646.936 886.415 149.31 55.5193 158.447 47.8214 57.226 167.156 76.1981 324.654
413148283.714 862.205 149.482 55.4492 158.483 47.9389 19.8739 206.627 30.9492 1.23551
413566022.307 739.181 148.874 55.0475 159.239 47.7824 20.5205 189.274 30.5132 12.0966
413919900.831 990.588 149.495 55.0819 158.98 48.0952 48.4583 201.759 68.7816 37.4459
414063575.651 678.164 149.718 55.7987 157.926 47.9154 21.9209 196.822 43.981 33.9925
414614020.303 695.009 149.253 55.3573 158.687 47.8576 27.8566 88.8225 62.8792 354.987
414614161.297 689.694 149.04 55.2911 158.85 47.7734 33.2828 99.1592 67.4662 350.056
414705148.508 864.877 149.638 54.9777 159.074 48.2121 10.7165 32.5611 55.0743 13.7541
414957592.476 887.064 148.877 55.3596 158.811 47.6611 33.125 73.9026 75.0901 352.86
416125363.662 836.063 150.077 55.5028 158.2 48.2238 24.9651 311.412 73.1245 351.587
417213466.413 848.601 148.725 55.3941 158.815 47.5679 20.6107 129.498 43.5555 326.206
418323783.813 712.913 149.326 55.1813 158.902 47.9667 38.5512 87.1853 53.3117 334.05
418711213.13 831.987 149.771 55.5116 158.297 48.0625 40.9225 155.21 64.1341 38.1594
418848770.915 964.587 149.815 55.7404 157.971 47.9894 28.7704 155.387 55.1133 38.375
419445454.423 866.891 149.622 55.3781 158.531 48.0405 37.8131 5.17924 77.6015 347.184
419524077.574 759.088 149.55 55.0446 159.012 48.1387 18.916 187.904 64.5548 35.6279
420029058.714 929.94 149.591 55.7169 158.081 47.8849 33.0134 319.041 81.9582 352.404
420692616.625 874.544 149.543 55.7172 158.098 47.8599 31.2494 268.945 78.3589 2.87116
420785894.511 885.813 148.856 55.3478 158.835 47.6546 32.7088 70.7747 78.0452 324.843
420864206.36 883.021 149.869 55.5113 158.263 48.1131 32.9852 256.084 77.0721 6.73264
421230662.42 978.393 148.679 55.1836 159.117 47.6268 23.8422 241.092 62.0986 0.497857
421254022.738 738.829 148.909 55.1839 159.04 47.7474 5.88175 263.557 52.8232 342.066
421425665.256 818.707 149.481 55.416 158.529 47.9519 5.97045 207.488 47.6837 344.106
421963500.878 648.759 149.345 55.5526 158.39 47.8257 15.1185 126.163 34.9658 347.797
422317748.896 681.98 148.635 55.3239 158.941 47.5487 27.9539 141.464 39.8858 20.646
422319191.704 877.889 149.305 55.2932 158.757 47.9104 50.6082 60.9707 67.1546 323.935
422351132.101 690.254 149.074 55.3301 158.785 47.7756 64.9769 106.722 86.8927 34.1602
422661009.901 874.88 149.37 55.6339 158.271 47.8055 27.4167 120.959 38.6822 27.232
423363911.406 916.894 149.047 55.5134 158.545 47.6875 48.6172 87.8306 74.3768 35.871
423948564.666 953.658 148.799 55.5476 158.582 47.5454 6.29698 257.33 55.6596 21.497
424051122.06 863.865 149.402 55.2275 158.813 47.9876 15.5465 151.142 61.4653 34.2839
424612354.152 979.652 149.261 55.3231 158.731 47.8755 49.117 269.328 77.1868 22.1261
425181530.971 858.118 149.844 55.3208 158.532 48.1794 41.6388 36.0936 88.8727 332.193
425764418.49 731.558 148.701 55.361 158.868 47.5686 23.7629 22.9849 63.2532 322.324
426301698.925 731.512 149.44 54.974 159.147 48.1094 13.6917 49.6923 40.8752 332.167
426553006.735 633.686 149.809 55.3344 158.525 48.1556 17.6811 89.3216 36.4183 359.215
426587089.831 715.031 149.672 55.1078 158.883 48.1772 25.3075 93.8744 42.2055 12.5059
426912208.301 825.682 149.009 55.1478 159.056 47.8141 63.7299 48.9279 85.2082 34.0702
427268825.906 734.658 150.074 55.3773 158.373 48.2748 35.5856 359.697 47.8603 331.631
427314190.477 831.586 149.128 55.3633 158.722 47.7902 22.8394 11.3132 33.3542 347.124
427439250.658 904.074 149.188 55.6446 158.318 47.7075 31.267 51.752 45.0032 33.7976
427566049.993 914.527 149.498 55.4018 158.542 47.9665 26.109 350.875 40.7937 345.08
427622836.025 916.163 149.302 55.1811 158.911 47.9542 16.9047 18.4163 33.0827 11.2255
428274850.945 876.291 149.528 55.1245 158.911 48.0949 3.11397 28.4444 47.6125 24.2236
428389646.25 824.753 149.053 55.2919 158.844 47.7796 14.2281 279.563 54.2239 8.4038
428708379.287 739.059 149.604 55.241 158.725 48.0876 43.0705 27.3615 84.9293 29.3866
428995389.345 799.452 148.861 55.416 158.74 47.6303 22.8513 86.1173 72.0538 32.2436
429660339.067 649.772 149.51 55.3966 158.545 47.9749 29.0507 199.227 78.59 353.932
430199031.139 978.067 149.396 55.4965 158.449 47.875 50.1489 50.2574 61.1567 327.607
430239762.833 677.651 149.129 55.2259 158.909 47.846 21.2054 353.925 75.1565 324.414
430245759.317 717.668 149.058 55.1624 159.02 47.8337 37.1917 358.849 83.8574 329.718
431467760.214 868.291 149.945 55.7176 157.956 48.0656 41.0523 29.7882 56.2138 28.6922
431754490.539 735.473 149.494 55.1802 158.846 48.0547 20.4344 344.071 29.6139 3.25677
432103552.38 900.282 149.938 55.3969 158.394 48.1963 19.0639 312.214 32.9901 359.592
432422868.503 701.254 149.128 55.3361 158.759 47.801 39.1574 358.542 60.7801 38.6277
432503367.715 668.074 149.72 55.5482 158.265 48.0213 21.0689 352.807 45.4066 34.8669
432697281.164 891.913 149.676 55.2068 158.746 48.139 40.4934 353.385 68.6466 37.7621
432847475.058 819.743 149.324 55.0259 159.116 48.0279 22.6974 231.198 55.5146 358.011
433029943.714 683.084 149.606 55.2923 158.654 48.0676 2.7918 93.5307 52.7304 24.1565
433211630.843 975.617 149.85 55.6812 158.039 48.0323 46.5267 339.829 87.3727 26.8633
433269688.594 858.772 149.315 55.0714 159.057 48.0047 20.2653 18.7243 64.9479 36.356
433533828.259 704.321 149.467 55.4986 158.421 47.9111 24.3818 132.882 72.3858 9.76517
434598241.047 952.046 149.43 55.2953 158.711 47.9746 27.7164 93.4878 73.2058 359.065
435296721.91 739.438 149.892 55.5511 158.201 48.1081 5.83739 343.191 44.1161 339.895
435353826.845 920.6 149.656 55.5139 158.334 48.0022 8.03807 3.9444 42.9537 344.674
435903572.199 966.354 149.221 55.6436 158.309 47.725 44.3432 268.412 51.4924 323.393
437046377.064 653.228 149.261 55.4692 158.532 47.8167 15.6046 297.36 39.8773 28.0267
437183054.196 905.398 149.43 55.4669 158.477 47.9047 35.0225 309.178 60.5902 38.8255
437321230.618 909.72 150.155 55.3925 158.323 48.3101 8.50453 208.152 45.2201 13.4101
437413251.296 772.678 148.941 55.703 158.323 47.5565 28.9392 183.522 60.277 352.364
437937680.527 818.945 149.284 55.2456 158.829 47.9188 35.3905 306.087 78.3474 34.3787
438625100.725 989.933 149.592 55.5348 158.328 47.9606 35.0361 60.9977 84.4611 25.5112
439644846.178 983.443 149.37 55.1826 158.886 47.9889 10.3929 249.475 52.4088 328.124
440291052.423 945.64 149.804 55.1301 158.806 48.2371 42.6456 149.157 40.6051 327.339
440526119.319 806.441 148.608 55.5041 158.704 47.4635 50.0966 217.492 68.1986 323.48
440526134.899 721.062 149.533 55.446 158.47 47.9665 50.4764 218.174 68.484 323.493
440702118.798 846.48 149.304 54.9398 159.241 48.0516 22.8246 274.843 32.9535 12.4901
441372216.744 796.373 149.166 55.123 159.037 47.9063 62.5468 143.134 64.2452 332.55
441949789.907 946.613 149.913 55.5494 158.196 48.1197 53.342 144.22 74.7388 340.105
442028042.238 755.188 149.262 55.7548 158.144 47.7003 28.2615 247.376 61.0739 38.2785
442131677.309 904.483 149.324 54.9406 159.233 48.0621 0.975821 94.2021 50.3226 22.4032
442268916.209 730.346 149.772 55.1374 158.808 48.2173 5.19217 39.5387 54.9525 22.8178
442349856.641 885.837 149.326 55.1573 158.935 47.9765 34.8127 136.369 73.9093 350.18
442508704.333 721.691 148.606 55.5158 158.689 47.4578 15.9494 304.404 64.1188 32.6975
443068801.194 973.678 150.013 55.566 158.138 48.164 37.2052 256.379 86.3671 34.4852
443194810.394 943.949 149.626 55.5029 158.36 47.9912 39.1561 258.442 88.4074 33.6506
443745466.903 689.297 149.227 55.4494 158.57 47.8069 19.3828 68.6295 68.1257 344.207
444878716.77 938.143 149.428 55.0342 159.069 48.079 52.3629 154.493 66.8514 322.086
445278288.106 739.177 149.289 55.075 159.061 47.99 27.3551 165.287 37.9972 331.121
445769725.413 715.634 148.951 55.4663 158.641 47.657 21.5378 152.04 33.5779 351.816
445964668.842 770.471 149.657 55.236 158.713 48.1171 40.2174 133.648 57.3876 335.475
446341339.314 715.198 149.026 55.4493 158.639 47.7025 13.066 111.122 42.0794 7.52851
446615932.117 862.344 149.53 55.4963 158.402 47.9444 17.2025 70.0878 52.9019 3.96809
446867112.443 889.912 149.462 55.3668 158.602 47.9621 6.131 323.858 55.6132 21.7821
449086315.003 680.908 149.611 55.3012 158.64 48.0666 23.6703 229.015 52.2758 5.22438
449178492.621 824.887 149.015 55.0505 159.187 47.8556 13.2613 133.797 42.2401 331.159
449281417.339 741.828 148.594 55.3493 158.92 47.517 16.1624 130.382 41.2167 330.208
449783185.625 980.233 149.299 55.1862 158.905 47.9505 48.4177 192.956 65.0442 30.9246
449874404.912 824.919 149.014 55.4557 158.635 47.6936 57.8774 188.12 77.1355 33.2596
449875894.493 746.927 148.744 55.1156 159.189 47.6871 24.8399 114.375 35.0981 334.94
450253729.953 812.067 149.905 55.3406 158.483 48.2027 46.4616 90.8325 61.6673 328.887
450401431.331 982.801 148.992 55.4838 158.604 47.671 18.4484 116.421 31.6234 7.69282
451475849.887 650.078 149.333 55.3377 158.686 47.9073 6.77837 231.301 56.4759 26.7623
451727539.493 882.689 149.335 55.5353 158.417 47.8278 15.409 267.543 65.1229 21.8868
451737832.187 647.369 149.636 55.1499 158.838 48.141 36.0353 148.206 79.8868 33.8735
453214148.062 731.054 149.688 55.6499 158.138 47.9625 41.8409 236.111 80.5343 16.9379
453307682.451 915.451 149.36 55.8534 157.977 47.71 35.8714 76.473 72.2876 324.101
454930373.451 918.451 149.205 55.3992 158.647 47.8156 35.6094 33.3056 49.2571 334.518
455306855.855 892.143 149.999 55.2822 158.529 48.2757 13.6821 68.5398 36.6509 18.4746
455329789.559 776.876 148.712 55.2856 158.967 47.604 13.492 52.8323 36.7124 13.1582
455980933.677 720.982 149.872 55.2297 158.646 48.2313 12.2297 136.923 56.4043 33.3486
455991621.182 691.925 148.943 55.5415 158.542 47.6225 38.4619 80.942 75.6811 34.821
456203729.891 743.73 149.679 55.7221 158.044 47.9276 17.6529 146.669 64.3951 34.2066
456398294.64 737.432 148.843 55.4911 158.644 47.5907 18.4761 194.289 68.1695 29.4623
456816698.742 651.019 148.747 55.143 159.15 47.6782 31.7319 296.892 81.3461 352.458
457126707.408 702.557 149.193 54.984 159.218 47.9758 35.604 2.71405 84.1719 324.793
457411913.799 856.212 148.802 55.5576 158.567 47.5429 14.9079 325.273 69.6179 331.045
457433993.875 669.082 149.679 55.4805 158.372 48.0282 22.8482 243.522 73.7748 356.498
458359195.889 743.292 149.998 55.4053 158.362 48.2239 54.6627 58.0491 82.4952 27.6275
458393760.246 862.649 149.191 55.3713 158.689 47.8198 43.9047 74.4938 68.7958 22.0618
458634525.691 771.949 149.833 55.4609 158.344 48.1155 18.4929 82.8947 37.087 1.38015
458667964.969 653.15 149.257 55.2641 158.813 47.8975 50.4061 59.0622 71.2397 28.2166
459205985.556 754.322 149.879 55.3205 158.52 48.1975 22.3375 47.1418 31.9858 14.9314
459481174.432 713.808 149.358 55.4844 158.478 47.8606 38.3705 347.075 52.4713 332.706
460153912.238 723.235 149.799 55.3599 158.494 48.1395 36.0088 33.4949 63.3571 38.6849
460303994.298 840.564 150.048 55.1817 158.649 48.3426 28.2294 305.553 59.5252 352.706
460577485.242 821.384 149.937 55.0445 158.877 48.3413 6.56301 100.548 55.0689 28.438
460716032.766 900.034 149.468 55.505 158.412 47.9088 44.7778 307.454 85.3644 339.65
460742087.496 699.143 149.274 55.2118 158.879 47.9269 55.11 29.5687 83.9604 30.1816
460796154.779 759.193 149.513 55.3841 158.561 47.9815 46.5647 308.481 88.9014 336.618
461023746.652 752.002 149.899 55.1958 158.683 48.2592 22.1354 185.258 71.0726 14.8149
461034577.259 869.222 149.715 55.2674 158.65 48.1341 21.5229 87.2766 70.9136 31.341
461597374.856 686.731 149.122 55.3041 158.804 47.8106 39.8341 319.61 88.8136 325.873
462191232.412 900.238 149.47 55.7616 158.063 47.8044 15.1342 280.996 63.4812 328.188
462192253.782 773.716 149.632 55.765 158.002 47.8858 43.2568 342.918 85.403 331.742
462202568.958 703.781 150.082 55.2483 158.546 48.3325 12.7567 268.278 61.8631 330.0
462225170.152 845.023 149.596 55.0229 159.026 48.1717 11.007 210.389 60.7795 337.373
462384096.183 769.132 148.832 55.5238 158.603 47.5719 42.4093 62.9461 80.9328 17.5637
462466601.073 688.884 148.875 55.425 158.723 47.6337 49.209 342.754 86.4208 331.37
462511199.471 660.497 149.213 55.2261 158.88 47.8895 8.97517 303.55 52.9927 328.884
462555340.361 720.726 149.773 55.4282 158.41 48.0981 51.5018 51.6215 87.2817 25.284
462681182.464 955.406 149.467 55.3997 158.556 47.9513 48.923 51.3546 81.2628 23.2355
462717528.233 824.497 149.648 54.9572 159.098 48.2254 35.2956 331.97 64.8635 321.076
464076870.16 777.095 149.573 55.3663 158.564 48.0203 22.3302 302.486 34.3652 349.663
464443113.334 704.758 149.123 55.499 158.538 47.733 38.8411 275.617 59.2712 338.827
464842086.214 880.075 148.889 55.1646 159.073 47.7444 9.78273 337.027 46.394 29.4405
465185353.721 743.64 148.94 55.7393 158.274 47.5412 11.0424 155.052 57.1465 15.3233
465258461.044 720.815 149.467 55.4703 158.46 47.9224 34.5603 349.669 74.6243 35.5504
465590295.599 770.092 148.933 55.5422 158.544 47.6168 26.0198 23.0866 73.583 35.3868
465745402.391 699.644 149.46 55.6339 158.239 47.8519 26.6583 90.6872 74.6862 20.2909
466845507.887 843.269 149.707 55.3477 158.543 48.097 47.7624 294.839 88.7337 333.995
467370024.216 759.74 149.12 55.7769 158.163 47.6182 11.5085 284.716 45.8807 330.036
467621415.901 759.38 149.243 55.4643 158.545 47.809 15.9485 292.111 40.0796 331.605
469004361.925 679.418 148.897 55.6332 158.433 47.562 27.1278 216.782 46.6688 347.2
469351978.147 711.958 149.652 55.1042 158.895 48.1683 18.2367 308.061 49.1167 35.7924
469420611.101 645.908 149.692 55.1042 158.881 48.1889 14.4971 310.291 49.0102 34.0251
469564992.768 693.792 149.854 55.2587 158.613 48.2098 47.2982 186.772 81.3706 338.222
469626728.797 932.497 150.045 55.2089 158.613 48.3297 4.57465 134.309 51.9119 19.3177
469729545.282 998.03 149.382 55.3609 158.638 47.9231 5.82594 98.2022 54.8688 21.0872
469816245.754 698.484 149.572 55.3618 158.571 48.0213 39.1894 164.987 78.2538 345.796
469911438.266 646.9 149.884 55.343 158.487 48.1908 31.9276 307.061 73.9613 36.1281
469912874.404 782.344 149.121 55.4 158.674 47.772 42.2352 112.548 66.6044 4.91347
470026578.204 631.95 149.334 55.1518 158.94 47.9825 14.4262 54.1296 64.4033 26.2376
470193600.085 943.85 149.561 55.0633 158.983 48.1372 40.089 155.173 85.8398 340.935
470970644.689 722.539 149.121 55.6445 158.342 47.6728 35.7332 116.457 76.2519 349.04
471075306.768 703.418 149.286 55.0953 159.034 47.9801 42.2175 236.475 88.4774 332.519
471589577.043 766.297 149.737 55.6454 158.127 47.9894 44.4376 241.298 84.7722 330.612
471955015.429 820.419 148.88 55.7174 158.324 47.5193 45.7531 228.211 74.7225 324.71
472000206.787 700.14 150.044 55.6447 158.019 48.1472 25.6707 227.948 52.9232 322.067
472130582.973 725.211 149.234 55.7823 158.116 47.6746 22.5814 337.646 47.5132 6.06896
472255897.114 693.565 149.722 55.4744 158.365 48.0528 39.3593 309.114 60.7112 21.319
472320028.325 659.797 149.095 55.1213 159.063 47.8696 41.5275 157.174 44.5939 324.039
473114169.988 811.485 149.031 55.2529 158.905 47.7839 30.631 197.176 41.896 335.595
473353818.993 828.091 150.045 55.2379 158.573 48.3181 19.631 203.066 34.0208 357.575
473581095.128 664.211 149.526 55.6316 158.22 47.8868 48.5428 234.847 71.1628 36.5638
474861393.393 669.687 149.128 55.1969 158.949 47.857 28.6176 261.755 77.0464 35.1607
475513603.726 926.381 149.76 55.4228 158.422 48.0936 39.5377 270.891 87.4553 22.421
475616771.643 895.589 149.306 55.6714 158.242 47.7571 35.5729 308.499 82.7267 11.5657
475628920.527 758.824 149.624 55.2289 158.734 48.1027 23.366 75.5074 72.7206 344.885
476509651.488 642.982 149.271 55.2723 158.797 47.9011 22.6244 169.964 52.2324 322.378
476725945.688 638.692 149.444 55.4502 158.495 47.9192 16.8628 243.863 42.1205 358.981
476954963.42 710.708 149.335 55.396 158.606 47.8847 19.029 177.333 36.9047 333.385
477024106.579 907.951 149.254 55.2577 158.823 47.8982 51.6398 135.742 58.836 321.978
477034377.197 640.895 149.837 55.3801 158.453 48.1514 23.0852 223.383 38.7621 10.4767
477228725.378 783.865 149.047 55.2005 158.971 47.8128 21.6617 206.254 33.3918 8.67585
477411291.92 636.45 148.896 55.2038 159.018 47.7323 29.4503 208.206 40.3825 24.9599
477423727.061 720.506 149.388 55.119 158.966 48.0242 33.3996 151.612 44.444 328.451
478370752.101 902.411 149.266 55.732 158.173 47.7116 32.1639 187.726 57.4882 38.5994
478565787.238 667.302 149.774 55.2985 158.587 48.1524 6.09457 90.5058 45.7582 16.8262
478576898.381 895.088 149.251 55.3209 158.737 47.8712 10.0679 182.141 47.2214 30.257
478645553.907 707.836 148.772 55.4636 158.705 47.5649 4.94069 176.674 47.8538 26.2931
478806703.802 776.727 149.539 54.9972 159.081 48.1524 41.2251 94.201 76.5949 343.276
478828322.305 858.933 149.215 55.3715 158.681 47.8322 6.37146 224.989 53.6412 28.893
478930368.298 735.718 149.867 55.7436 157.948 48.0149 34.4012 185.315 73.504 35.6466
479022054.658 681.778 149.215 55.5289 158.467 47.7682 24.9053 197.655 67.463 37.0311
479045765.833 992.566 149.353 55.2071 158.858 47.9704 12.3195 322.558 60.836 18.45
479320428.546 826.333 149.854 55.4434 158.361 48.1337 26.0952 334.682 73.766 6.25941
479674819.969 895.8 149.628 55.6158 158.206 47.9457 30.6162 309.734 80.5219 2.77695
479743574.424 632.83 149.642 55.256 158.691 48.1012 31.0219 324.31 80.9677 355.478
480018865.127 887.379 149.489 55.6289 158.236 47.869 30.4037 69.2891 79.6973 327.551
480271104.435 743.106 148.968 55.6106 158.439 47.6076 39.5599 123.018 84.7057 329.519
480281055.079 750.927 149.147 55.2035 158.933 47.8641 20.9845 329.954 70.2809 343.643
480658689.573 655.111 149.592 55.5492 158.309 47.9546 10.7508 69.8401 57.6824 328.744
480863922.696 770.501 149.913 55.5377 158.212 48.1245 7.87838 261.734 51.1735 345.655
481344695.35 708.04 150.117 55.2073 158.59 48.3681 35.6529 115.396 57.0104 320.92
482647103.964 832.241 149.444 55.2278 158.798 48.0092 37.9557 62.6274 56.061 337.803
482805128.446 833.843 149.572 55.1466 158.865 48.1091 52.5433 137.461 77.1385 35.6197
482897190.245 671.424 148.987 55.7447 158.251 47.5632 23.8964 143.993 48.5604 36.5346
483206035.013 740.243 149.152 55.1442 159.013 47.8905 5.36235 133.279 47.4137 26.5159
483617820.527 696.451 150.141 55.4894 158.196 48.2621 16.8818 309.229 63.1595 12.3512
483743179.202 739.437 149.9 55.2467 158.613 48.239 14.5435 252.857 64.5441 24.6038
483983362.455 816.368 148.705 55.2255 159.052 47.6237 22.799 270.028 72.5334 18.5085
484476477.445 735.156 150.137 55.4066 158.311 48.2947 34.4469 18.4039 83.6706 326.714
485858323.669 977.885 149.961 55.4615 158.298 48.1813 16.6359 170.484 42.1589 358.531
486030599.325 636.418 149.828 55.1847 158.723 48.2272 32.8416 63.9187 51.5044 321.63
486120848.093 825.356 149.474 55.4074 158.543 47.9521 28.0381 157.095 45.1688 15.5241
487548568.547 806.914 149.755 55.1116 158.849 48.2187 35.2662 85.6091 61.0179 39.215
487719790.109 670.442 149.855 55.2915 158.568 48.1971 38.3515 79.8411 68.6484 37.6784
487868742.317 791.421 149.592 54.9522 159.125 48.1981 19.7001 103.141 56.3105 37.4442
487937856.008 642.662 148.71 55.3113 158.933 47.5925 4.15008 287.958 51.9332 19.6741
488166043.478 926.292 149.413 54.9382 159.206 48.1098 12.2965 158.969 60.1793 31.7848
488233634.078 906.225 148.941 55.4518 158.664 47.6572 40.8055 69.4814 82.6183 30.9846
488349483.274 649.736 149.124 55.2618 158.861 47.8289 20.1382 275.842 67.7862 12.4622
488462877.37 657.026 149.414 55.6194 158.275 47.8342 24.3489 137.581 72.5319 34.4993
488727383.483 824.171 149.022 55.7762 158.197 47.5682 35.9751 311.05 84.5972 343.766
488943352.795 724.595 150.002 55.5672 158.14 48.1582 34.614 214.755 84.1096 25.7003
488967847.934 655.12 148.891 55.455 158.677 47.6301 35.1866 327.863 84.5765 330.498
489151391.623 929.484 149.376 55.4364 158.537 47.8894 36.5734 2.57284 85.1301 325.619
489401147.498 817.545 148.625 55.4154 158.819 47.5075 26.0769 236.753 77.338 1.60102
489584841.041 784.887 149.502 54.9529 159.155 48.1506 8.68622 310.69 63.5672 332.842
490063565.132 886.934 149.354 55.2944 158.738 47.9358 42.6153 84.3342 75.4628 18.3861
490065478.287 825.607 150.05 55.5934 158.087 48.1717 33.6448 19.5703 65.9821 322.022
490178503.951 753.925 149.614 55.6917 158.107 47.9072 16.65 143.132 50.1512 356.874
490326385.864 980.609 149.156 55.7875 158.136 47.6327 43.3805 72.5958 70.5353 20.5642
490327537.877 950.185 150.154 55.4297 158.272 48.2942 10.9039 42.8791 42.0041 334.068
490954623.003 990.087 150.139 55.474 158.218 48.2674 53.1382 49.7776 71.4572 31.785
491048015.68 999.497 148.706 55.5066 158.669 47.5133 47.9787 357.507 63.7806 324.38
491104519.689 685.058 149.129 55.3931 158.681 47.7787 25.149 7.12562 35.5369 335.672
491217389.581 748.73 149.755 54.9819 159.027 48.2716 53.3003 43.9594 69.9904 34.6813
491308609.039 887.917 149.497 55.4778 158.439 47.9353 59.6544 40.4585 79.2101 34.7647
491549730.701 919.31 149.662 55.3239 158.591 48.0837 18.7116 13.4892 31.2822 8.53646
491572046.528 905.111 149.546 55.1692 158.843 48.0866 31.3101 39.1238 45.0268 34.9292
491720285.225 740.518 149.15 55.3587 158.72 47.8034 40.3794 35.249 58.1755 37.8918
492395210.608 855.243 149.187 55.2865 158.806 47.8518 5.47914 269.954 48.8795 16.8614
492406897.234 978.413 149.142 55.7477 158.194 47.6417 16.2127 275.141 53.5279 5.41103
492508518.422 914.196 149.038 55.6124 158.413 47.6432 30.6492 27.6679 66.87 37.6935
492714412.568 882.552 149.6 55.7757 157.998 47.865 21.4039 45.6257 64.7794 36.3674
492943232.489 760.641 150.168 55.5503 158.103 48.2502 18.6159 82.244 67.7083 31.6473
493115792.561 751.678 149.297 55.274 158.786 47.9142 32.3312 258.28 79.4941 354.565
493252835.716 881.389 149.683 55.1972 158.757 48.1467 30.8475 227.007 79.705 358.227
493299117.043 675.924 149.196 55.446 158.586 47.792 38.3347 284.166 86.7523 337.214
493355510.97 945.754 149.483 55.8469 157.943 47.7757 30.45 174.558 80.1656 4.83508
494351775.021 711.235 149.888 55.1902 158.694 48.2562 44.3198 337.123 83.3678 329.366
494830204.226 770.243 149.031 55.4595 158.623 47.7013 8.59719 45.9469 43.9431 346.547
494967331.514 990.806 149.749 55.801 157.912 47.9306 10.6805 25.6782 40.4136 347.39
495138154.529 885.124 149.766 55.2648 158.635 48.1621 30.9417 40.4259 50.8777 16.1185
495264639.73 885.001 149.482 55.4654 158.461 47.9326 18.8209 331.736 36.3686 334.402
495572230.424 657.319 149.645 55.3944 158.501 48.0461 35.2088 20.4451 48.4797 26.7369
495800664.017 762.865 149.07 55.7921 158.159 47.5866 36.6733 11.6694 49.768 31.0641
496525877.804 944.188 149.302 55.386 158.631 47.8716 39.0703 349.405 61.3625 38.5903
497920137.903 863.903 148.994 55.0577 159.185 47.8415 32.4502 42.1043 81.6824 33.5272
497926762.729 820.461 149.581 55.6119 158.227 47.9233 29.6088 106.313 79.4551 10.1565
498488153.311 763.634 149.714 55.7017 158.059 47.954 25.7243 227.168 74.4247 326.219
498688176.251 827.355 149.804 55.4611 158.354 48.1006 22.2789 241.341 68.9384 324.582
498746055.426 777.058 149.68 55.3556 158.542 48.08 42.4529 285.58 85.0647 330.837
499047553.9 660.431 149.176 55.2065 158.919 47.8782 3.41284 174.811 53.3211 335.714
500446033.302 713.525 150.229 55.3557 158.347 48.3639 43.9328 324.306 58.426 34.4811
500516120.756 752.222 149.523 54.9287 159.181 48.1714 39.5299 240.72 52.0992 329.6
500778350.942 873.437 149.74 55.7159 158.03 47.9617 20.2688 243.814 35.0853 354.815
501310163.687 798.54 149.508 55.3714 158.58 47.9842 38.1887 191.688 64.9196 343.073
501470587.833 791.155 150.044 55.6463 158.017 48.1461 54.3331 194.26 87.7453 333.311
502069306.905 811.657 149.438 54.9636 159.162 48.1127 18.9819 101.809 67.1238 14.6588
502399812.563 732.84 149.037 55.4058 158.695 47.7256 30.7207 358.66 79.7445 34.3099
502548653.301 836.127 149.41 55.3206 158.683 47.9542 32.878 34.7985 82.3756 30.8078
503036267.879 718.724 148.627 55.3986 158.842 47.515 24.5832 166.657 73.9896 328.815
503469733.899 758.941 149.532 55.6639 158.173 47.8764 16.614 50.1324 62.9671 352.444
503595812.625 852.503 150.213 55.425 158.258 48.3261 36.0289 218.397 53.8794 338.307
504156050.396 781.926 148.731 55.4101 158.791 47.5647 24.1634 222.34 47.8075 323.257
504360714.494 829.649 149.467 55.615 158.262 47.863 26.2055 300.181 44.7796 12.9915
504909586.835 671.251 149.03 55.6991 158.298 47.6035 20.6909 222.909 30.8288 350.314
504943329.623 690.441 149.278 55.0206 159.139 48.0055 28.3761 255.934 38.5571 26.0601
504978667.918 631.042 149.665 55.5313 158.307 47.9998 36.951 194.327 49.2511 329.293
505217264.637 739.815 149.69 55.8026 157.93 47.8997 34.6203 246.144 48.8734 34.6512
505514652.925 871.402 149.465 55.6861 158.166 47.8329 18.1966 232.054 37.3403 26.3634
506029311.324 646.473 149.251 54.9818 159.201 48.0067 18.1856 137.078 51.3408 2.11852
506383987.28 681.999 149.14 55.3711 158.706 47.7933 36.5429 131.676 75.2559 348.483
506485188.072 640.789 149.552 55.7092 158.105 47.8676 24.03 246.437 67.6979 36.6043
506989190.461 791.013 149.3 54.9731 159.196 48.0363 28.8664 77.7058 78.2109 5.00783
507227959.755 712.368 149.019 55.6616 158.353 47.6132 39.3301 244.705 88.5947 34.036
507676834.802 856.043 148.958 55.2959 158.871 47.7281 39.3644 171.874 85.3316 329.385
508165899.67 996.384 149.315 55.4149 158.587 47.8663 38.2339 251.92 75.3644 13.7926
508167859.15 950.449 148.777 55.4488 158.723 47.5731 35.7027 169.233 72.6469 323.766
508348886.155 659.525 150.088 55.5268 158.164 48.2193 32.5465 255.786 65.3255 10.3153
508440483.34 921.667 149.637 55.3027 158.628 48.0794 24.5923 261.701 56.0777 4.64674
508567689.389 652.402 149.334 55.1933 158.883 47.9658 42.3469 167.653 69.4938 322.454
509022413.416 655.806 150.013 55.4288 158.324 48.2216 56.2722 219.255 78.1171 30.5877
509034920.111 916.182 149.014 55.1914 158.994 47.7992 17.5611 202.206 33.6454 355.816
510204514.814 647.238 148.784 55.6081 158.504 47.5135 58.2177 182.139 84.1065 33.3543
510398926.48 789.832 149.631 55.843 157.896 47.8525 46.5371 180.788 73.8297 35.5898
510936182.788 703.79 150.12 55.1499 158.667 48.3929 35.7976 206.58 66.6237 37.8452
511753830.832 692.197 149.643 55.3194 158.604 48.0753 33.2272 253.055 82.477 25.1344
512234245.926 876.548 149.308 55.0694 159.061 48.0018 33.1447 266.326 79.8764 7.58145
512406905.461 724.409 148.681 55.3182 158.933 47.5745 18.8368 60.5716 67.0237 326.772
512429133.154 679.552 149.464 55.3954 158.562 47.9516 17.4226 315.654 65.8236 344.406
512498789.53 961.194 149.536 55.5264 158.359 47.9353 29.8331 106.665 72.5452 323.606
512509637.937 645.435 148.94 55.4128 158.718 47.6721 14.3717 52.5445 62.7775 328.475
515000455.274 699.74 149.241 55.6302 158.32 47.7404 43.6628 36.3123 70.5501 339.369
515925100.23 644.067 148.909 55.4953 158.616 47.623 22.937 283.424 71.9157 14.0061
515980893.525 651.143 149.322 55.3179 158.717 47.9093 35.3247 150.96 82.3328 33.9242
516555118.595 883.258 150.065 55.5046 158.202 48.2168 32.1564 15.8347 81.3419 326.557
516610984.74 901.792 149.18 55.2907 158.803 47.8465 30.9147 276.238 80.0709 2.08482
517021919.335 928.293 149.614 55.4047 158.498 48.0253 40.9292 242.609 83.8888 17.2178
517321430.318 972.369 149.621 55.5012 158.364 47.9895 45.1007 78.2229 85.192 330.681
517424318.858 631.262 148.814 55.6464 158.442 47.5135 49.6648 76.6984 88.6272 332.497
517811394.815 956.947 149.424 55.5382 158.382 47.8725 11.2606 96.5026 40.7731 335.738
518234252.364 795.303 149.703 55.5787 158.23 47.9993 24.6326 62.678 39.2097 329.201
518718842.679 941.399 149.613 55.7903 157.974 47.8655 20.987 211.163 41.4297 28.3838
518827407.585 634.237 149.203 55.3278 158.744 47.8435 27.7831 98.9372 38.9855 28.9202
519227416.846 817.085 149.529 55.306 158.662 48.0217 17.2907 74.8403 36.01 23.8255
519319741.822 976.17 148.947 55.3858 158.752 47.6868 38.0986 3.90581 58.3657 339.26
519512265.879 983.743 149.776 55.3954 158.453 48.1131 38.5035 77.388 63.8089 38.5013
519603446.619 732.593 149.229 55.2127 158.892 47.9029 44.9354 69.5028 72.8349 36.5334
520254210.914 841.392 149.252 55.1831 158.925 47.9272 46.8852 56.264 88.2259 26.5052
520645264.178 642.058 149.889 55.2832 158.567 48.2178 37.1147 313.689 84.9763 342.418
521456330.461 693.162 149.972 55.0324 158.881 48.3647 17.8322 246.07 70.283 348.745
521515173.093 917.726 148.889 55.472 158.654 47.6222 38.0452 25.4843 86.2429 331.743
521615436.267 926.318 149.564 55.3947 158.528 48.0037 39.6824 109.883 85.9055 19.8852
521663534.648 967.446 148.89 55.0731 159.198 47.7806 36.354 23.3879 81.067 327.443
521834040.527 650.441 149.763 55.0327 158.954 48.2551 11.9939 351.003 57.0075 326.969
522060994.65 672.754 149.071 55.4912 158.567 47.7089 47.2356 64.5161 80.9167 21.7913
522187321.623 644.21 149.584 55.5597 158.297 47.946 22.5909 123.063 53.7173 3.04056
522209793.696 924.053 149.634 55.1367 158.857 48.1455 37.726 82.7937 66.4751 16.0813
522782381.992 828.622 149.932 55.5907 158.132 48.1123 33.1954 3.54948 48.8354 323.615
522862769.849 996.206 150.032 55.0787 158.796 48.3766 51.7372 359.895 69.6948 323.24
523022673.787 788.721 149.734 55.274 158.634 48.1413 52.5312 354.392 69.5091 324.169
523730547.368 904.668 148.936 55.0969 159.15 47.7953 39.5889 328.252 56.68 335.705
524724631.062 636.55 149.425 55.8208 157.998 47.7567 41.4317 293.643 81.75 343.633
525353274.577 959.874 148.694 55.1897 159.104 47.6317 37.8438 277.027 86.5373 335.361
525398349.688 753.416 149.59 55.2157 158.764 48.0904 30.9035 184.092 80.6171 358.298
525696487.973 795.745 148.801 55.3286 158.879 47.6332 31.963 283.139 81.2669 327.098
525834305.075 961.315 149.787 55.4447 158.383 48.0981 37.7854 319.652 85.2843 327.735
526016534.369 749.969 149.223 55.5965 158.371 47.7451 24.161 288.643 71.9928 325.204
526072010.241 758.81 149.608 55.2206 158.751 48.0977 38.5969 73.8009 82.9824 15.094
526209831.341 763.865 148.935 55.4334 158.691 47.6613 18.8449 135.006 65.2997 348.898
526267101.465 732.304 149.862 55.4211 158.388 48.147 13.9506 150.331 61.3864 344.452
526439534.335 991.647 149.839 55.4629 158.339 48.1176 31.2705 320.283 68.6802 322.559
526450379.839 757.742 148.612 55.3951 158.851 47.5085 10.8248 283.804 55.9635 327.869
526758353.805 743.606 149.607 55.6729 158.135 47.9109 8.56155 58.9995 46.0964 347.333
527403230.447 793.909 150.134 55.4901 158.197 48.258 32.9726 24.8513 47.9618 22.3016
527535892.031 724.818 149.382 55.3503 158.652 47.9272 39.0114 304.421 52.9801 324.1
527877420.241 731.972 148.96 55.3885 158.744 47.6922 27.1567 355.956 37.8973 26.262
527877567.378 665.718 149.052 55.458 158.618 47.7122 23.018 347.054 33.2686 19.2174
528117651.588 733.383 149.166 55.2021 158.928 47.8742 18.8474 314.689 31.0987 8.54548
528575572.056 731.163 149.934 55.4889 158.27 48.1556 47.1214 264.579 71.6709 336.045
528814466.89 739.657 149.765 55.2888 158.603 48.1515 7.88462 249.832 44.7872 15.7807
529112411.823 670.612 149.443 55.4945 158.434 47.9003 41.4306 219.873 77.5551 343.477
529230538.579 744.898 149.549 55.3223 158.633 48.0254 27.1099 350.836 67.4214 37.6155
529728521.876 648.945 149.113 55.3134 158.795 47.802 33.4112 95.6491 74.0635 15.9844
530095714.929 981.351 149.085 55.5564 158.473 47.6899 37.8886 219.352 87.0554 326.939
530336151.286 842.417 148.813 55.442 158.72 47.5946 36.6507 254.421 84.9298 326.028
530416015.856 986.284 149.651 55.5509 158.285 47.9844 32.8162 249.067 80.7004 325.074
530473254.24 699.329 148.613 55.4331 158.799 47.4939 34.3933 257.412 81.5567 325.641
530679215.211 683.639 149.762 55.5312 158.273 48.0495 40.6458 278.499 84.3353 330.169
530770338.127 862.355 149.284 55.3023 158.751 47.8957 34.2936 269.194 76.6092 324.867
531157423.467 896.904 149.439 55.5048 158.422 47.894 12.8785 61.5077 52.8466 350.935
531238790.812 960.384 150.064 55.1996 158.619 48.3435 44.4066 275.256 76.0451 324.851
531283995.491 895.548 149.782 55.4379 158.394 48.0984 15.3304 260.06 57.3086 321.478
531353178.209 866.461 149.053 54.9533 159.307 47.9139 53.0311 274.558 83.7115 327.613
532818682.179 880.01 149.609 54.9734 159.089 48.1986 41.9814 298.737 59.1598 38.1227
533111418.888 927.604 149.493 55.747 158.074 47.822 32.4578 199.787 54.5779 344.627
533264101.669 916.894 148.838 55.3357 158.857 47.6499 36.2727 288.801 62.185 38.8285
533321226.885 751.658 149.401 55.0911 159.0 48.0418 35.0658 289.448 62.3439 39.1261
533345374.397 649.128 149.374 55.5979 158.318 47.822 42.3542 120.81 51.9133 356.335
533431525.743 962.742 149.074 55.6669 158.327 47.6393 41.457 180.808 71.5885 342.205
533573326.417 640.308 148.75 55.1155 159.187 47.6904 1.84592 168.871 49.346 21.1534
533618300.456 842.33 149.995 55.1275 158.742 48.3374 26.9245 298.699 62.879 38.5792
533732900.413 789.6 149.341 55.5803 158.353 47.8124 11.7618 335.499 56.7771 32.7673
533756464.585 945.494 148.636 55.1945 159.117 47.5994 17.5016 138.864 59.365 7.45905
533859308.095 923.624 148.85 55.1053 159.167 47.7468 19.4328 130.559 62.9755 7.46797
534337523.202 831.681 148.999 55.0542 159.187 47.8456 38.804 285.836 86.4221 31.8346
534906060.524 769.682 149.534 55.1741 158.84 48.0779 29.3929 172.012 78.5318 326.961
535179650.241 894.484 149.203 54.9889 159.207 47.979 25.9459 121.501 68.1975 341.169
535477342.936 688.706 149.419 55.1961 158.85 48.0089 16.1796 214.109 61.9391 323.93
535718077.005 974.523 149.288 55.4468 158.553 47.8393 48.322 228.778 86.2472 330.671
535767871.863 879.107 149.787 55.3476 158.515 48.1384 10.97 331.213 50.6298 349.556
535996054.332 705.41 150.164 55.5508 158.104 48.2478 23.1928 339.605 51.2516 5.12689
536220099.561 839.834 149.504 55.116 158.93 48.0859 39.9523 212.758 61.3983 321.099
537241235.749 858.25 149.765 55.6568 158.102 47.9988 20.7208 231.005 33.6713 21.1981
537526157.796 833.648 148.846 55.2779 158.933 47.6768 38.9317 229.473 58.1018 38.453
537995415.323 686.672 149.449 55.8582 157.939 47.7531 41.2549 122.532 47.4624 10.8194
538097148.593 762.593 149.864 55.0279 158.925 48.3097 34.2292 223.832 66.8311 38.4175
538520765.481 766.861 148.917 55.1929 159.025 47.7479 13.1332 26.2729 62.1167 19.5046
538829695.501 883.053 149.804 55.3363 158.524 48.1522 28.062 79.9897 76.214 4.26405
538999592.862 864.565 149.601 55.2269 158.745 48.0913 36.007 234.407 84.5905 34.7486
539744536.878 887.236 149.307 55.3631 158.66 47.8832 17.9477 84.655 67.9058 334.219
540145151.099 920.88 149.518 55.4967 158.406 47.938 50.2246 144.072 68.843 322.637
540658185.135 865.911 149.07 55.1572 159.022 47.8421 10.4226 216.199 40.2751 345.844
540932904.958 653.03 149.69 55.4461 158.415 48.0476 29.4485 155.235 47.1067 323.307
541081232.235 855.312 149.323 55.8383 158.009 47.6973 25.5928 154.088 40.6829 328.215
541184152.058 803.622 149.012 55.2354 158.935 47.7807 31.8554 148.424 44.9821 325.282
541184642.358 982.421 149.049 55.723 158.259 47.6038 50.9094 146.85 68.8582 323.976
541629509.692 698.285 149.12 55.4401 158.619 47.7547 30.7721 132.692 41.9214 334.51
542030050.067 790.003 148.648 55.2913 158.981 47.5679 60.5857 124.068 83.6662 328.273
546880008.513 974.843 149.053 55.4947 158.568 47.6984 53.1831 46.9969 79.3966 333.104
546890389.563 635.186 150.048 55.6266 158.042 48.1563 12.688 52.9506 40.9039 8.46634
547062247.366 778.111 150.159 55.2917 158.459 48.3542 30.9921 18.6146 59.21 349.077
547289855.128 909.935 149.587 55.3145 158.63 48.0486 3.22203 158.275 50.2147 26.1036
547381094.787 636.953 148.962 55.5303 158.55 47.6368 8.15299 171.377 53.7565 30.3587
547410030.998 767.752 149.014 55.6391 158.385 47.6195 8.26977 314.935 54.6002 16.5985
547576837.642 825.148 149.681 55.6579 158.13 47.9552 47.3862 2.14336 88.3184 336.995
547741388.022 667.369 149.483 55.2963 158.691 48.0017 17.6027 284.919 66.0164 16.0124
547798162.887 648.657 149.403 55.3628 158.628 47.9333 16.6123 236.231 66.6015 26.8322
548622885.449 851.597 149.45 55.2753 158.731 47.9933 32.064 25.4407 80.6866 325.032
548782263.378 658.777 149.788 55.0817 158.878 48.2483 21.008 339.178 70.9751 332.963
549069229.386 882.036 149.363 55.7995 158.048 47.7337 47.3033 73.1305 89.5873 335.696
549074872.37 690.111 149.464 55.2392 158.775 48.0152 46.1207 71.8405 87.9082 333.294
549348197.324 860.285 148.97 55.756 158.241 47.5498 22.3309 52.3288 60.6492 322.74
549667544.369 733.157 149.199 55.7021 158.236 47.6895 8.85822 84.4482 44.3427 333.611
551168125.145 863.825 150.158 55.3543 158.374 48.3277 50.5082 70.6138 71.311 36.7041
551196890.338 703.083 149.706 55.4023 158.469 48.074 41.387 76.4658 60.5534 38.0773
551232976.09 905.829 149.792 55.0181 158.964 48.2762 46.6727 4.88934 66.8105 333.781
551323635.84 737.904 149.002 55.4954 158.584 47.6715 18.719 11.4502 40.1121 358.242
551346419.253 863.689 149.021 55.1476 159.052 47.82 16.8213 15.4328 38.9176 2.00637
553597959.016 772.027 149.369 55.0205 159.108 48.0534 74.781 318.309 62.7063 334.783
554129766.7 723.217 149.379 55.1445 158.934 48.0089 62.3222 330.521 60.6352 320.88
555287065.073 697.002 149.184 55.3072 158.779 47.8418 56.3544 35.3826 74.5123 34.947
555744704.66 897.856 149.48 55.145 158.899 48.0615 21.7573 19.588 38.6439 30.5815
555813011.62 927.42 149.763 55.4009 158.45 48.1042 28.3235 24.7463 47.147 36.7751
555848630.944 638.202 149.74 55.0224 158.976 48.2475 40.128 318.9 59.9565 337.581
555886944.332 675.259 149.805 55.1534 158.774 48.2277 39.6449 23.7976 60.7697 38.7901
555905299.28 795.957 150.003 55.103 158.773 48.3515 22.252 314.147 43.1878 353.386
555991238.619 853.396 149.299 55.4467 158.549 47.8453 32.7481 309.059 55.4459 344.639
556024168.473 892.987 149.625 55.8389 157.904 47.8512 29.8758 22.9089 54.2853 38.2029
556857389.28 680.888 149.878 55.4249 158.377 48.1534 39.0216 14.6393 82.3151 31.5633
557228764.533 777.375 149.583 55.5174 158.355 47.9632 37.9945 26.9436 86.1642 32.528
558516103.526 868.783 149.53 55.4792 158.425 47.9514 13.0527 95.5737 54.4765 350.186
558572278.857 852.368 149.116 55.4321 158.632 47.7562 47.9506 52.4278 82.7541 22.3739
558727819.747 962.059 149.404 55.2807 158.74 47.9669 6.93175 325.429 45.7927 333.65
558779278.967 919.609 149.213 55.256 158.839 47.8774 10.1971 320.011 45.241 331.07
558830580.201 948.863 150.102 55.3328 158.423 48.3077 8.58708 339.845 42.727 335.941
559064460.014 702.161 149.866 55.5874 158.16 48.0795 13.9762 15.6553 38.2354 352.491
559099270.857 640.639 149.782 55.5793 158.201 48.04 23.0638 314.029 43.9226 325.467
559305278.603 985.162 149.811 55.3824 158.459 48.1364 43.0803 306.383 60.7617 322.28
559926151.603 704.752 148.727 55.549 158.604 47.5071 36.2045 358.316 49.2352 33.3477
560371468.556 685.993 149.912 55.1749 158.707 48.2746 36.288 344.727 55.2654 38.6182
560434868.133 776.307 149.39 55.6872 158.191 47.7938 14.768 313.162 37.1046 22.3551
560441299.722 886.053 149.037 55.02 159.221 47.8792 30.4851 253.574 49.6833 344.304
560503465.377 712.23 149.913 55.1682 158.715 48.2781 12.8793 301.113 37.4979 19.7977
560520611.08 795.775 149.592 55.6636 158.153 47.9072 12.0053 296.176 38.0972 18.463
562219117.144 764.875 149.409 55.4715 158.478 47.8921 37.2534 240.478 86.0916 325.483
562442229.743 780.966 149.543 55.5524 158.321 47.9277 38.1733 264.434 85.1357 328.593
562474937.605 859.153 149.387 55.2353 158.807 47.9767 24.4927 120.806 73.4588 348.074
562533813.199 859.524 149.299 54.9747 159.194 48.0348 42.5232 275.028 88.2353 332.468
563257662.49 759.569 149.082 55.2263 158.924 47.8206 9.78527 124.29 46.762 342.709
563635394.607 983.859 149.617 55.2754 158.673 48.0801 37.2494 260.152 58.5493 321.07
563824137.843 814.921 150.072 55.3355 158.43 48.291 51.6743 257.775 72.439 323.479
563852525.384 992.011 149.626 55.396 158.505 48.0354 45.7263 254.011 64.3237 322.469
563886093.538 751.312 149.997 55.4809 158.259 48.1916 14.8586 191.61 35.7677 334.444
564211670.597 923.789 149.738 55.773 157.953 47.9365 25.5698 253.239 36.6962 334.759
564250245.847 634.894 149.283 55.1733 158.928 47.947 52.418 314.219 69.2727 33.5584
564502938.154 975.772 149.802 55.3919 158.449 48.128 27.6022 237.497 38.4917 338.416
564514539.459 849.081 149.496 55.2074 158.808 48.0448 34.2599 231.152 46.0969 332.693
564640718.435 984.765 149.032 55.1456 159.051 47.8266 56.2396 226.6 74.9252 327.549
564822461.562 827.438 149.46 55.3266 158.658 47.9772 18.7721 236.666 34.4989 359.463
564885820.745 688.253 149.577 55.6834 158.131 47.8914 36.5985 208.459 54.5009 338.398
564908733.165 990.247 149.055 55.6344 158.377 47.6427 39.6043 206.939 58.1995 336.974
565336447.992 794.793 149.508 55.4062 158.532 47.9698 13.3136 185.074 46.0921 6.87096
565894841.724 842.465 149.042 55.1876 158.99 47.8155 33.7298 282.066 75.1548 35.7833
565999006.653 898.713 149.865 55.2996 158.553 48.1985 20.1316 108.846 67.067 11.3562
566118554.4 976.465 148.841 55.5284 158.593 47.5747 18.0273 55.5727 67.9707 24.1926
566146634.91 809.254 149.5 55.3213 158.651 48.0004 23.3744 346.033 71.7237 34.4131
566697697.727 822.02 149.904 55.451 158.332 48.1563 41.8111 188.358 88.5655 325.531
567011136.19 869.134 149.167 55.0256 159.17 47.9451 48.1705 144.443 72.7858 332.66
567189100.876 965.739 149.219 55.1637 158.963 47.9175 35.4372 208.297 78.8118 325.19
567257150.399 808.107 149.824 55.657 158.08 48.0291 33.0135 173.261 67.7227 325.177
567457486.83 718.466 149.387 55.4893 158.461 47.8735 36.4363 209.0 73.4186 323.994
567560194.879 900.17 149.75 55.6719 158.086 47.985 36.9052 202.17 69.1659 322.903
567789133.226 732.099 149.729 55.3104 158.586 48.1238 60.3022 214.113 87.6053 330.633
568474033.358 763.943 149.166 55.4209 158.63 47.7867 52.805 199.711 72.5392 323.69
568513741.475 824.224 149.592 55.2172 158.761 48.0908 42.6143 198.581 58.8563 322.427
569633010.593 802.237 149.416 55.4019 158.57 47.9239 44.4965 155.508 66.8056 336.604
570008261.353 734.539 148.797 55.4611 158.7 47.5788 26.5313 223.054 58.0322 38.5594
570100189.392 677.629 148.882 55.4335 158.709 47.6337 2.79091 231.415 48.9625 25.1059
571622109.065 850.884 149.738 55.4557 158.385 48.0683 63.3296 151.206 84.1417 328.166
572940259.644 869.996 149.532 54.9539 159.143 48.166 18.5056 164.922 35.5338 335.387
573031261.866 784.93 149.897 54.9953 158.958 48.3403 28.5008 190.004 34.0135 1.47319
573580723.556 847.085 150.127 55.6072 158.04 48.205 55.4467 136.492 74.206 326.471
574300434.0 985.562 149.498 55.2686 158.723 48.0211 60.8778 113.744 89.5038 329.201
574504712.066 882.607 149.172 55.7887 158.128 47.6402 8.71989 67.6843 45.4513 12.8815
574858538.913 640.381 149.619 55.2296 158.735 48.0999 5.01804 256.12 54.8555 25.8031
575143276.884 867.926 149.329 55.3879 158.619 47.8844 30.6315 183.603 74.6958 36.0204
575440300.909 805.526 149.352 55.5726 158.36 47.8212 33.2253 197.348 81.1779 34.7902
575795706.42 709.622 149.395 55.149 158.923 48.0153 31.4449 276.434 81.3476 11.5092
575921435.146 985.379 148.672 55.2744 158.996 47.5872 32.1555 276.329 81.6722 8.27933
575921774.35 672.751 148.997 55.1758 159.021 47.7966 29.7101 303.264 79.6374 354.933
576150811.35 959.409 149.821 55.2451 158.643 48.1982 22.4088 355.314 72.4452 336.304
576436972.41 708.789 149.501 55.0891 158.968 48.0952 22.0089 76.0643 67.4535 323.78
576585094.127 776.374 149.461 55.1602 158.885 48.0454 5.82485 112.722 58.5102 330.125
577110042.931 825.094 149.724 55.2548 158.664 48.1441 11.7217 203.462 43.9647 351.211
577498969.825 742.53 149.223 55.7378 158.18 47.6873 26.3365 99.9707 44.126 325.241
577543555.625 800.408 149.812 55.0465 158.918 48.2751 36.6447 240.905 50.0889 20.608
577585127.452 697.296 149.279 55.7817 158.101 47.6979 47.5007 93.8026 66.4939 323.217
578001488.319 984.66 149.404 55.3296 158.673 47.9471 32.1704 82.0822 43.161 329.915
578527110.111 908.882 149.65 55.5546 158.281 47.9822 42.2697 53.5829 59.8902 334.401
579028914.298 971.491 149.93 55.0663 158.849 48.3287 10.8807 29.8099 44.4436 10.3273
579200697.315 882.033 149.363 55.2568 158.786 47.9555 28.4354 0.848415 60.8353 353.111
579302607.993 645.348 149.263 55.283 158.785 47.8924 6.83876 158.329 51.654 29.4584
580113185.653 782.415 149.026 55.6587 158.354 47.6178 32.0088 188.948 81.0292 34.1738
580206222.992 662.986 149.219 55.5962 158.373 47.7429 33.7557 316.571 83.0441 346.584
580366983.783 650.406 148.878 55.5472 158.556 47.5862 28.1935 11.0644 87.0029 326.67
580668869.598 682.376 149.598 55.3054 158.638 48.058 25.5647 297.23 75.2478 346.902
581321521.55 727.794 148.88 55.7225 158.317 47.5169 44.9734 61.6611 81.3665 328.476
581954662.541 652.945 149.727 55.7995 157.921 47.9197 28.7681 51.7623 49.1028 322.923
582000443.207 835.883 149.63 55.0561 158.969 48.1759 34.1131 49.3122 52.7873 321.267
582114258.614 667.521 148.905 55.3268 158.847 47.6882 40.4916 323.27 37.9964 330.549
582131394.093 709.924 149.654 55.0427 158.978 48.1943 40.0973 323.09 37.4438 330.539
582444941.935 691.718 149.769 55.5017 158.311 48.0654 30.7958 80.1591 32.4673 10.0018
582558707.748 680.752 149.266 55.6582 158.273 47.7418 35.2017 97.6692 47.7508 29.3796
582651084.421 921.213 149.381 55.3219 158.691 47.9383 28.0962 34.9556 38.3263 335.128
582947595.088 789.685 149.127 55.5185 158.51 47.7269 18.6257 52.6057 31.4107 6.86713
584306272.865 705.164 149.808 55.2971 158.577 48.17 9.32447 119.983 66.4426 32.0897
584317659.551 872.44 149.6 55.7554 158.026 47.8731 10.0543 118.216 67.1758 32.2219
584386145.716 874.362 148.898 55.2319 158.978 47.722 12.1495 116.007 69.2885 33.2359
585160126.662 709.927 149.204 55.8404 158.047 47.6354 38.4025 358.561 86.6595 328.039
585211055.643 996.846 149.09 55.3694 158.726 47.7679 30.6212 338.045 79.2455 325.162
585279478.891 671.685 149.414 55.5155 158.416 47.8768 27.1126 331.759 75.6472 326.0
585417006.529 982.317 149.822 55.7397 157.969 47.9932 32.6885 358.808 78.3475 325.362
585514485.495 692.188 149.446 55.5773 158.321 47.8676 42.7096 13.9478 86.379 332.21
586551245.87 875.157 149.542 55.6045 158.251 47.9057 52.3667 49.1558 75.7638 27.7487
586553512.37 908.024 149.888 55.4639 158.32 48.1425 51.627 358.491 74.1622 323.898
586656158.172 657.133 149.761 55.4812 158.342 48.0699 47.6808 354.955 67.4684 322.823
586587873.789 738.772 149.158 55.1672 158.979 47.8841 56.5471 358.063 79.7953 324.847
587042898.836 898.73 149.507 55.4208 158.513 47.9634 31.4773 41.4766 43.3783 25.7299
587328275.259 669.304 149.004 55.3683 158.756 47.7235 35.4219 32.1491 47.9695 33.1515
587396270.378 687.146 149.313 55.7587 158.121 47.7246 55.8898 29.8033 75.0103 35.0484
587409221.446 765.776 148.766 55.2016 159.064 47.6651 27.1629 334.661 38.1967 339.905
587476940.135 678.024 149.253 55.5107 158.478 47.7954 26.9566 24.6265 39.6816 30.5245
587534658.743 940.779 149.397 55.4737 158.479 47.8846 20.9327 336.934 33.9462 353.381
587626870.209 957.8 149.511 55.4081 158.529 47.9707 51.6084 323.756 70.8924 330.383
588276935.83 850.712 149.691 55.2866 158.632 48.1139 10.6726 264.631 48.0126 10.4697
588664625.614 951.912 149.61 55.4923 158.38 47.9872 10.9934 14.922 60.7458 33.9212
588800767.49 790.927 149.569 55.7237 158.08 47.8704 42.1115 6.39541 84.8587 28.8885
588869559.088 732.172 149.568 55.6104 158.234 47.9171 34.747 16.9769 78.8233 33.9702
