240056995.818 2263.05 149.45 55.3106 158.683 47.9789 22.4266 185.618 68.8974 15.2167
242157619.357 2204.2 149.543 55.3274 158.628 48.0202 20.2347 294.762 44.2646 325.318
242513273.565 1610.17 149.246 55.4637 158.545 47.8108 29.0849 296.986 46.099 324.663
244301273.519 1954.04 149.258 55.2306 158.858 47.9113 26.7487 37.1482 58.921 35.5148
247240171.055 1965.06 149.703 55.29 158.623 48.1189 39.3025 242.734 54.1463 323.793
247446876.69 1974.73 149.57 55.3763 158.552 48.0143 54.2112 243.485 68.5745 325.141
248146202.918 2433.75 149.488 55.2059 158.813 48.041 42.3222 193.742 60.1184 337.305
248248512.968 1846.35 149.349 55.5813 158.349 47.8165 4.03616 31.488 37.7582 19.5011
249521935.479 1870.88 149.465 55.5748 158.318 47.8787 40.8861 90.9608 75.7435 16.5154
251628062.25 2046.15 149.445 55.3013 158.697 47.9803 14.3493 195.373 37.1678 331.813
251920362.118 1910.17 149.436 55.447 158.502 47.9163 9.24881 201.156 31.85 343.578
251967022.802 1881.53 149.393 55.5444 158.384 47.8538 49.3529 189.194 63.7549 324.628
252230505.971 2358.55 149.592 55.325 158.614 48.047 35.6849 176.95 49.9384 329.929
252327054.586 1632.58 149.297 55.3617 158.666 47.8788 67.0422 126.699 33.8408 22.1167
252975719.53 1601.05 149.47 55.2562 158.75 48.0113 25.3144 134.053 48.9926 352.661
253238794.034 1891.07 149.592 55.5621 158.291 47.9496 14.29 329.378 47.7318 28.6666
253926083.365 1696.73 149.202 55.4196 158.62 47.8062 48.226 230.833 80.7148 33.6493
255649346.059 1705.52 149.239 55.4072 158.624 47.83 14.25 107.63 47.4438 331.094
256737681.844 1972.14 149.589 55.4904 158.39 47.9774 46.7365 220.531 60.7866 33.4873
257088597.848 2507.67 149.428 55.5413 158.376 47.8736 68.5846 195.315 35.5323 349.719
257924381.631 2423.28 149.149 55.2335 158.892 47.853 49.6902 193.605 74.5274 35.7078
260456261.384 2131.37 149.224 55.4051 158.632 47.8235 13.6895 58.4792 43.678 329.663
261752465.456 1770.68 149.705 55.3615 158.525 48.0907 33.2512 43.2921 49.5111 336.836
263087538.686 1884.44 149.534 55.2976 158.672 48.0277 32.8989 223.389 67.404 32.2438
263576522.423 2129.24 149.269 55.4795 158.515 47.8161 44.4655 317.533 83.1622 343.853
263887127.096 2219.92 149.133 55.4545 158.596 47.7562 43.2357 22.6285 81.6114 325.625
265537552.678 2083.81 149.75 55.4397 158.403 48.0813 73.2552 291.55 43.3275 17.5494
265863812.514 2142.35 149.134 55.4708 158.573 47.7501 53.5876 117.239 68.5505 33.0915
266146929.822 1835.23 149.568 55.4138 158.501 47.9983 58.7326 17.9342 73.6945 326.937
266231396.617 2193.11 149.624 55.437 158.45 48.0175 21.9473 141.492 39.2952 30.0637
267505314.538 2387.23 149.41 55.4733 158.475 47.8921 35.82 296.058 67.3872 2.09864
267626490.382 1808.13 149.422 55.3405 158.652 47.9521 57.7736 323.231 88.7274 337.024
270177866.854 2376.12 149.581 55.246 158.726 48.0735 34.2631 73.9097 50.6572 23.6247
270420295.703 2312.83 149.319 55.5663 158.38 47.8068 49.2064 345.383 64.4816 324.643
270465677.003 2110.97 149.408 55.336 158.663 47.9469 25.7054 343.141 40.9893 330.244
270637152.014 2007.18 149.606 55.2153 158.759 48.099 9.96465 40.0112 29.9 6.51078
271107715.197 2154.22 149.39 55.2895 158.732 47.9564 18.2111 310.694 39.3873 350.558
272001542.588 2508.67 149.255 55.2125 158.884 47.9171 20.0078 77.5114 57.291 32.4083
272230031.513 2228.8 149.545 55.4282 158.49 47.98 47.9788 25.0079 82.1584 31.5657
272413738.962 2178.95 149.251 55.397 158.634 47.8403 43.9663 33.4384 80.3599 34.2192
272967298.94 2099.52 149.623 55.4286 158.462 48.0202 46.8565 300.07 85.395 326.316
273608096.271 1765.52 149.428 55.454 158.495 47.9091 46.7661 70.2391 80.2469 13.5933
274034240.251 1858.72 149.288 55.5164 158.459 47.8111 29.7571 320.719 62.689 321.522
274389274.762 1641.82 149.533 55.363 158.583 48.0008 16.9497 325.802 42.5841 328.404
274491611.862 1833.13 149.245 55.4366 158.582 47.8216 28.7185 41.0473 49.7691 13.337
276269606.688 2044.5 149.368 55.4572 158.511 47.8769 4.57273 261.059 45.6844 19.4252
277085292.468 1804.39 149.336 55.3401 158.682 47.9076 43.1654 201.246 89.7038 335.309
277244609.452 1691.26 149.099 55.3951 158.688 47.7622 26.3972 85.5489 76.3505 20.7452
277946705.929 2083.16 149.082 55.4997 158.551 47.7116 35.8377 266.559 82.3345 326.833
278209454.615 1759.81 149.104 55.3078 158.805 47.8 12.1847 161.811 62.0934 335.641
278233318.612 2151.09 149.309 55.4072 158.6 47.8663 32.1231 267.891 74.2276 324.03
278357551.788 2356.21 149.186 55.3916 158.663 47.8087 37.4921 62.2846 76.5231 12.5607
279114383.884 1851.5 149.094 55.3386 158.767 47.7825 46.817 18.8311 69.4964 24.8827
279344897.913 1684.55 149.461 55.2515 158.76 48.0086 18.5452 287.633 34.109 338.691
279400866.185 2186.6 149.379 55.4327 158.541 47.8923 57.3986 350.267 78.4317 31.4753
279595877.357 1910.77 149.71 55.5188 158.309 48.0279 55.8499 332.253 74.5398 32.702
279745578.103 1664.68 149.464 55.4362 158.507 47.935 31.3675 326.352 42.7763 27.2271
280744011.614 1641.58 149.294 55.2406 158.832 47.9258 15.4839 195.148 45.2173 3.63068
281327264.35 2094.71 149.394 55.5587 158.364 47.8489 44.0857 270.106 84.6909 29.1563
281638276.64 1950.09 149.19 55.4283 158.612 47.7964 19.5564 60.9482 69.5015 23.8305
281707502.048 2062.11 149.707 55.2602 158.662 48.1333 24.8839 100.478 73.7704 11.3861
282190786.986 2237.59 149.394 55.3134 158.699 47.9484 36.3208 176.653 85.4685 326.262
282534594.985 2458.65 149.787 55.3763 158.476 48.1269 21.9989 154.384 71.7488 331.123
283050265.766 1824.87 149.6 55.3364 158.596 48.0462 12.6417 55.8472 56.7242 347.742
284129286.937 1994.01 149.324 55.3658 158.651 47.8913 43.189 200.39 58.6541 323.432
285149374.066 2143.32 149.76 55.4431 158.394 48.0853 21.1537 162.526 43.4497 354.889
287398389.965 2450.05 149.288 55.3075 158.743 47.8957 13.4307 61.1764 63.2898 336.57
287639462.095 2507.19 149.44 55.3725 158.602 47.9485 8.35592 114.591 55.9542 330.189
288211785.746 1933.29 149.476 55.5809 158.306 47.882 38.3631 233.217 62.6251 18.5459
288728237.051 1636.68 149.518 55.2137 158.792 48.0536 26.3922 207.919 38.7476 17.396
288946534.101 2232.84 149.617 55.4848 158.388 47.9942 20.1565 167.564 30.0708 354.791
289267823.443 1594.25 149.661 55.2978 158.627 48.0936 23.117 136.28 34.247 347.201
289473575.481 1828.61 149.619 55.5614 158.283 47.9638 24.7536 180.624 39.8594 31.4207
289926239.392 2357.51 149.48 55.1988 158.826 48.0397 29.4206 179.202 54.8015 39.0125
291745290.519 2428.94 149.517 55.2139 158.792 48.0531 32.7952 268.412 80.0321 6.72149
291999103.633 1773.24 149.228 55.4019 158.635 47.8268 22.6318 80.6306 68.4162 323.994
293248867.225 2495.84 149.414 55.3587 158.63 47.9406 27.1818 101.629 41.3236 327.046
293340983.659 2077.05 149.483 55.5502 158.345 47.8983 42.4463 92.9948 58.0395 323.572
294017000.075 2372.42 149.394 55.3733 158.617 47.9246 23.8043 73.2132 37.0866 347.549
294583418.462 2103.07 149.235 55.3676 158.679 47.8441 37.5765 139.873 63.0762 38.7039
294835985.2 2465.45 149.555 55.3767 158.556 48.0065 22.7964 156.33 56.6025 37.5501
294962190.438 1607.19 149.46 55.3099 158.681 47.9845 20.0918 167.196 57.7368 36.3245
296415258.154 2174.23 149.101 55.3144 158.797 47.7956 26.3332 353.443 70.9598 329.213
297693459.082 2089.94 149.756 55.3833 158.477 48.108 17.0584 123.105 35.5604 357.128
297842794.564 1692.34 149.298 55.3656 158.66 47.8777 17.787 76.4061 33.2528 341.169
299012262.523 2191.8 149.648 55.2515 158.695 48.1061 12.3862 34.2425 37.9359 13.6076
299023838.084 2100.13 149.421 55.3897 158.585 47.9319 13.9798 16.7135 39.2593 7.11695
299366434.957 2255.25 149.319 55.2567 158.802 47.9326 48.9949 57.364 81.1186 32.9115
300330556.516 2396.67 149.539 55.5406 158.339 47.931 30.7372 117.791 79.9408 33.3412
300763418.037 2337.68 149.507 55.49 158.419 47.9352 36.1884 350.355 84.8802 325.446
300836297.291 2100.0 149.332 55.2513 158.805 47.9418 31.7519 254.634 80.5249 4.69127
301084128.817 1677.92 149.224 55.3787 158.668 47.8337 37.7294 326.743 70.0469 326.823
301141667.37 2467.7 149.154 55.4103 158.649 47.7847 23.859 345.227 70.6744 324.396
301914725.789 1890.29 149.283 55.447 158.555 47.837 19.5556 102.953 49.0008 1.09104
304414967.464 2389.44 149.312 55.3359 158.696 47.8969 13.1068 169.701 60.9969 17.1472
304896308.263 2206.43 149.308 55.4594 158.529 47.8447 26.5488 77.9516 76.3316 28.6908
307003332.245 2362.22 149.272 55.5641 158.399 47.7835 9.18907 8.48461 70.1414 323.438
307547342.555 2027.95 149.13 55.4094 158.658 47.7726 28.8938 288.441 39.5926 334.918
307868068.449 1795.89 149.622 55.238 158.722 48.0982 18.9088 292.23 32.519 0.987978
308234683.874 2266.16 149.342 55.3721 158.636 47.898 14.1693 315.099 39.0912 25.688
308382545.974 1866.04 149.484 55.2062 158.814 48.0389 56.992 324.216 86.5666 31.7352
310313189.077 1738.25 149.147 55.2357 158.889 47.8512 37.9417 265.246 82.9873 327.916
310345287.397 1632.66 149.531 55.4007 158.532 47.9841 39.4395 68.4208 84.0696 16.2111
311654602.288 1708.22 149.515 55.2065 158.803 48.0553 48.8666 250.665 67.2106 322.814
312880718.429 1719.17 149.67 55.3558 158.545 48.0746 18.18 200.912 42.6449 359.555
313372730.484 1614.71 149.36 55.2768 158.76 47.9458 26.6523 289.343 62.9087 38.3928
313717630.639 1676.84 149.063 55.3735 158.73 47.7522 14.9008 87.7392 63.4269 17.9274
315474007.435 2318.35 149.088 55.3736 158.721 47.7652 17.1359 203.966 55.2164 324.058
315868644.848 2367.4 149.395 55.4066 158.571 47.9114 23.657 306.116 48.7433 6.9466
316093845.978 2262.5 149.527 55.3845 158.555 47.989 52.8435 202.207 75.1075 324.01
316403275.2 2314.77 149.408 55.4219 158.546 47.912 50.3158 191.972 67.5693 323.681
318511517.547 2059.13 149.493 55.3698 158.588 47.977 22.6168 254.171 71.1238 33.9999
319798666.634 1994.9 149.237 55.312 158.754 47.8677 27.7338 146.745 69.2165 322.726
320004741.77 2190.24 149.078 55.4067 158.679 47.7468 16.8712 137.311 57.2615 324.245
320324733.25 2384.36 149.303 55.3849 158.632 47.8726 26.6227 243.751 55.4834 7.58655
323334197.369 2158.58 149.465 55.3476 158.628 47.9715 33.9973 198.029 82.2541 34.9418
323600328.598 1639.14 149.292 55.2604 158.806 47.917 35.4152 21.955 84.7184 332.734
323715502.383 2415.84 149.378 55.3353 158.674 47.9315 36.4527 62.3257 85.5231 325.764
324287982.637 2185.56 149.327 55.508 158.456 47.835 18.7749 295.329 66.0668 347.67
325514462.033 1639.65 149.125 55.4664 158.582 47.7471 33.2833 181.169 48.7371 21.9434
326398128.15 1616.32 149.515 55.4267 158.502 47.9656 22.4689 59.6339 37.9004 350.919
326615074.123 2374.91 149.321 55.297 158.746 47.9175 28.3586 129.213 48.8018 37.5946
327475956.996 2266.11 149.741 55.4482 158.394 48.0734 21.0744 313.458 65.3723 6.8655
329151988.423 2437.98 149.468 55.4247 158.521 47.9418 31.9743 50.9025 69.7493 322.783
329564436.691 2053.2 149.337 55.4828 158.487 47.85 26.4619 50.5345 54.5583 321.601
330395795.894 1715.75 149.15 55.3396 158.747 47.811 20.0381 66.6225 58.9529 324.762
330596205.099 2395.8 149.566 55.3233 158.625 48.0342 36.5209 22.7335 48.559 329.658
330791754.723 1744.87 149.617 55.427 158.467 48.0178 62.3366 14.8932 83.297 326.537
331466402.761 1945.4 149.259 55.3907 158.64 47.8471 18.2599 71.1648 47.1005 34.7745
331879125.364 1709.43 149.507 55.5438 158.346 47.913 13.7435 97.5059 56.6323 34.1461
332590677.045 2248.29 149.275 55.3483 158.692 47.8725 26.8469 232.407 76.7669 16.8852
332843320.458 2179.13 149.583 55.3702 158.556 48.0236 30.8992 261.208 80.9393 3.82826
333106881.812 1970.41 149.182 55.4692 158.559 47.7758 34.0985 183.192 82.5876 10.682
334105122.963 1952.65 149.458 55.3532 158.622 47.9659 12.8245 104.986 47.4507 352.661
334839423.326 1952.96 149.572 55.3725 158.556 48.0173 25.851 350.527 38.2887 330.33
335710162.797 1880.18 149.22 55.4651 158.552 47.7968 16.0091 350.747 34.8514 18.671
336168550.388 2003.48 149.505 55.3135 158.66 48.0064 11.0407 7.08826 46.0332 30.2992
337176633.556 1661.22 149.48 55.4579 158.472 47.9344 23.7177 104.823 86.2034 32.4319
338258476.061 2438.37 149.537 55.1872 158.822 48.0743 48.9524 322.373 89.5345 334.36
338383666.756 2379.65 149.771 55.3937 158.458 48.1115 19.795 290.65 60.3037 323.188
338520674.148 2178.27 149.65 55.4856 158.375 48.011 1.76935 106.196 50.3958 338.964
338625154.485 2397.12 149.413 55.3092 158.698 47.9601 50.4133 314.644 83.1925 328.298
339304950.795 1684.45 149.401 55.3352 158.667 47.9433 48.2975 38.3534 65.1354 27.9396
339357663.729 1942.38 149.383 55.3228 158.689 47.9393 19.8385 313.21 33.8052 338.299
340378226.361 1864.16 149.336 55.4677 158.508 47.856 30.3458 244.86 49.1686 343.98
340779542.919 1838.45 149.36 55.4729 158.493 47.8662 31.2608 211.861 60.0396 349.213
341965653.625 1847.39 149.393 55.1956 158.86 47.9957 30.2001 85.9569 80.1317 16.9709
342132378.392 1816.46 149.306 55.5548 158.4 47.8048 30.8011 111.607 80.8896 358.788
343612105.66 2091.53 149.317 55.3797 158.635 47.8818 17.3531 265.406 41.2113 329.384
344144385.782 1946.69 149.424 55.4489 158.503 47.9093 25.7476 312.072 37.5011 18.3141
344621445.207 2088.99 149.265 55.2827 158.785 47.894 53.3889 215.706 71.0069 327.924
344706264.187 2346.35 149.184 55.4114 158.637 47.7997 18.6036 258.726 31.6602 12.0045
346138601.814 2301.17 149.613 55.3538 158.568 48.046 20.3123 348.917 69.2958 32.6099
346903030.614 1617.26 149.331 55.2703 158.779 47.9332 29.238 154.183 78.6272 328.517
347109854.155 1658.55 149.369 55.515 158.432 47.8538 30.2759 185.705 77.3324 324.531
348524649.012 1770.45 149.36 55.3773 158.623 47.9049 19.4102 209.121 34.4922 337.308
349257760.021 1833.6 149.555 55.2134 158.779 48.0733 19.7789 204.69 31.492 14.8938
349555917.045 1711.96 149.677 55.5303 158.305 48.0063 16.0116 169.886 35.5885 6.02891
350289619.615 1999.79 149.632 55.3627 158.549 48.052 17.4522 82.5737 57.6734 6.30798
352205452.986 1715.01 149.39 55.4033 158.578 47.91 24.1586 136.38 63.1743 322.275
352318890.575 1824.01 149.711 55.2965 158.611 48.1205 21.0896 264.744 58.2876 358.892
352548792.604 1695.6 149.311 55.5384 158.421 47.814 10.0664 146.545 45.916 330.994
352662548.156 2274.88 149.251 55.3021 158.763 47.8788 28.4805 233.708 54.9321 10.2979
355332227.828 1745.97 149.577 55.5113 158.365 47.9629 30.2423 181.827 75.9671 35.6809
355481946.334 2293.39 149.126 55.3599 158.727 47.7904 22.3754 245.235 72.3042 27.9839
356181911.501 2247.31 149.408 55.5095 158.426 47.8761 31.5841 275.951 80.1448 3.51966
356182420.461 1594.22 149.18 55.5296 158.478 47.7498 26.0395 318.911 75.8841 344.515
356445778.802 1597.12 149.113 55.4672 158.585 47.7408 25.3344 279.629 71.9665 354.883
357902011.697 2228.73 149.465 55.4891 158.434 47.9141 26.3566 85.0149 38.521 330.541
358721799.457 1749.51 149.692 55.4202 158.449 48.0597 45.0358 38.8016 64.274 334.1
358863011.292 2250.39 149.128 55.3623 158.723 47.7907 49.3679 109.108 72.392 36.6038
360062745.135 1613.88 149.247 55.4509 158.562 47.8167 39.0792 329.288 85.5011 342.332
361736887.069 2504.9 149.29 55.4784 158.51 47.8276 29.2836 42.6728 59.0039 321.209
361909265.78 1795.66 149.694 55.3853 158.496 48.0748 52.0989 43.5138 79.3499 325.692
362440795.423 2213.46 149.499 55.2793 158.709 48.0172 18.628 72.7421 31.4145 352.787
363169498.052 2052.36 149.38 55.3013 158.72 47.9462 18.9359 127.183 75.6205 328.627
363190533.964 2476.21 149.574 55.4834 158.405 47.9725 50.7847 68.6654 53.2391 36.9893
363259928.516 1754.68 149.467 55.2862 158.71 47.9978 50.7277 67.5616 33.2274 15.4079
363272012.161 1935.59 149.558 55.5111 158.372 47.9527 50.7753 67.6959 47.154 341.273
363621202.722 2032.07 149.564 55.2805 158.685 48.0507 17.6216 343.25 43.7803 0.486588
364570479.851 2440.36 149.469 55.3775 158.585 47.9618 63.1038 39.7495 89.3791 25.1842
364702611.521 1945.99 149.193 55.3652 158.697 47.8234 58.9099 45.8885 83.9134 32.7342
365267609.545 1840.21 149.273 55.4593 158.541 47.8265 37.3679 338.115 86.0789 325.743
366337971.774 1900.69 149.332 55.5048 158.459 47.8385 8.76704 91.8019 46.2437 347.53
366629860.855 1805.32 149.171 55.4904 158.534 47.7612 22.1209 62.5422 45.351 6.13277
368267994.386 1994.34 149.272 55.4341 158.576 47.8364 24.7784 13.9742 51.0979 37.7824
369007001.752 1662.69 149.394 55.3733 158.617 47.9246 53.3809 48.9109 66.5927 35.5774
369437759.643 1688.12 149.309 55.3603 158.664 47.8854 28.4365 126.222 77.8831 8.25677
369885987.276 2285.8 149.099 55.3486 158.751 47.7811 31.0531 246.946 80.4174 327.718
369942422.306 1982.2 149.174 55.5247 158.486 47.7487 28.4337 135.305 77.9859 351.201
370069449.226 2299.06 149.193 55.3572 158.708 47.8267 26.3859 253.357 75.2016 326.123
370104334.273 1980.93 149.51 55.5736 158.304 47.9025 34.1457 290.671 80.9945 325.802
370475331.092 1778.05 149.604 55.2962 158.649 48.0647 30.4244 46.4496 63.4186 351.882
370693256.077 2147.82 149.636 55.5065 158.351 47.9951 41.1909 12.8132 53.5096 345.356
370847323.808 2059.49 149.458 55.4238 158.526 47.9371 32.4008 56.0165 64.5311 10.5009
371186669.994 1830.59 149.537 55.3706 158.571 47.9995 29.3495 295.392 52.5411 321.47
371649191.33 2040.49 149.727 55.4557 158.389 48.0631 58.4534 318.057 57.4392 27.6705
372280760.55 2072.52 149.653 55.3749 158.525 48.0579 38.7019 258.145 52.948 332.846
372349177.58 2132.18 149.437 55.4959 158.435 47.8967 26.5147 257.77 40.0141 343.423
373064242.133 2379.06 149.417 55.3513 158.639 47.9452 19.5379 327.528 52.3843 36.7498
374618517.266 1773.74 149.549 55.2738 158.699 48.0455 24.4352 142.557 74.3503 339.179
374858706.988 1714.43 149.181 55.4855 158.537 47.7683 24.8347 92.5105 71.8459 354.707
376452720.853 1605.55 149.772 55.3346 158.538 48.1362 59.3436 226.444 78.2982 324.889
378392215.434 2175.12 149.314 55.3764 158.64 47.8815 30.2659 273.63 76.6828 35.7105
379264781.828 1900.16 149.282 55.1831 158.915 47.9429 26.0503 89.9501 75.0077 350.551
379306557.273 1789.99 149.384 55.4558 158.508 47.8854 38.8102 195.916 85.2448 329.117
379477588.978 2268.05 149.372 55.3319 158.681 47.9298 49.9723 148.743 67.5849 326.737
379982269.749 1856.53 149.203 55.4478 158.581 47.7949 39.8519 195.601 73.1288 323.998
380124706.411 1948.1 149.157 55.3663 158.708 47.8038 12.5945 195.039 48.111 327.823
380502388.91 2040.87 149.12 55.3091 158.798 47.8077 13.3307 230.344 36.664 344.457
381968830.149 1960.51 149.552 55.214 158.78 48.0715 22.6461 130.8 45.6836 353.864
383125523.22 1764.01 149.492 55.3981 158.549 47.965 23.858 303.998 73.6682 18.3511
383193214.822 1605.53 149.62 55.2404 158.72 48.096 33.9178 218.266 82.1174 35.0596
384008161.148 2157.71 149.352 55.3291 158.692 47.9205 29.7471 281.88 75.9913 1.47888
385326937.447 1774.34 149.369 55.4221 158.559 47.8917 43.2367 126.766 60.7024 322.389
386345348.455 1792.0 149.167 55.371 158.698 47.8071 15.8455 117.285 34.241 11.8107
386620988.903 2454.78 149.508 55.3968 158.545 47.974 36.6756 65.6225 60.6289 342.666
387433935.824 1790.78 149.483 55.5447 158.353 47.9005 24.7986 328.06 69.8107 4.2566
388131849.576 1661.78 149.631 55.5088 158.35 47.9913 38.18 230.619 87.4027 31.3833
388592673.825 1744.02 149.033 55.4064 158.695 47.7234 31.2951 72.2624 77.3213 324.496
389506776.346 1617.11 149.388 55.4006 158.582 47.9102 54.247 208.938 82.7684 27.2685
389576346.373 1879.19 149.582 55.3643 158.564 48.0255 21.367 194.096 46.0189 4.71395
390480837.892 2485.64 149.561 55.4623 158.438 47.9743 33.7958 133.642 45.8792 31.7235
390503175.708 1592.56 149.268 55.4554 158.548 47.8258 56.1136 117.163 74.4088 35.0074
390566204.444 2019.71 149.322 55.5159 158.448 47.8289 54.0328 116.363 71.9989 35.3276
391374678.797 1936.3 149.179 55.3718 158.693 47.8134 7.7555 32.9324 43.6085 15.5986
392703138.65 1878.16 149.265 55.403 158.621 47.8456 34.7535 232.263 84.2291 26.2094
394056376.417 2472.06 149.634 55.3887 158.513 48.0423 15.6961 45.1765 45.3809 327.386
394078003.221 1859.98 149.366 55.2888 158.742 47.944 41.9506 112.064 68.4802 19.9961
395511355.928 1639.47 149.588 55.4233 158.482 48.0043 51.9944 348.052 72.731 331.223
395533745.7 2417.59 149.349 55.5708 158.363 47.8208 31.4189 347.332 48.8866 341.917
396060398.352 1954.92 149.505 55.4151 158.521 47.9649 23.2908 315.167 54.8488 356.842
396677891.375 1942.53 149.51 55.1977 158.817 48.0561 18.308 96.9376 66.6963 33.0715
396999817.525 2030.08 149.567 55.2137 158.775 48.0793 32.208 279.472 80.6668 354.21
397640352.099 2312.2 149.244 55.4777 158.526 47.8044 42.5164 68.1793 89.8826 25.5586
397698917.406 2059.35 149.53 55.2967 158.674 48.026 21.9258 254.265 71.8061 339.706
398076488.6 2415.98 149.158 55.4943 158.533 47.7528 21.8828 135.951 65.1952 355.015
400642349.819 1899.08 149.501 55.261 158.733 48.0258 25.5933 251.439 56.0789 354.48
401077714.896 1713.22 149.411 55.1761 158.88 48.013 32.3562 219.459 72.4853 352.966
401184708.884 2273.7 149.519 55.3465 158.61 48.0 32.7166 3.60876 75.3839 35.6525
401947862.501 2376.33 149.502 55.4857 158.426 47.9345 31.4892 108.58 81.2986 5.03857
402578843.42 1951.6 149.675 55.2528 158.684 48.1194 13.8309 224.851 62.6346 329.187
402611907.361 2131.37 149.637 55.2698 158.674 48.0928 38.1396 67.6241 79.6235 13.5615
403232244.533 1808.13 149.488 55.3856 158.568 47.9682 42.4851 292.772 69.767 322.742
403963300.267 1887.9 149.427 55.4129 158.551 47.9255 50.6669 39.7977 49.9822 27.5934
405011555.389 1779.01 149.208 55.5094 158.495 47.7726 38.2976 92.4592 39.941 13.9451
406258859.039 2427.42 149.413 55.3536 158.637 47.9421 33.608 5.83788 82.5026 34.8448
408487837.439 1939.83 149.349 55.2306 158.827 47.9588 19.1429 265.07 30.8462 351.94
410234498.151 1706.84 149.244 55.3802 158.659 47.8439 40.2362 144.144 78.3939 345.576
412616334.46 2190.12 149.484 55.2979 158.689 48.0018 14.6903 199.725 39.2064 333.752
412976723.213 2348.69 149.597 55.2533 158.71 48.079 18.2524 203.27 31.9391 348.169
413051244.286 2054.15 149.265 55.5409 158.433 47.7896 20.2324 188.463 32.8949 340.849
413056110.94 2308.97 149.449 55.1919 158.846 48.0266 37.3719 227.582 51.7229 26.4797
413691038.334 1625.37 149.194 55.3856 158.669 47.8155 48.5333 207.574 65.9459 36.5397
414109741.364 2126.47 149.677 55.4514 158.412 48.039 12.1696 159.987 37.9164 17.328
414499752.636 1658.43 149.499 55.3434 158.621 47.9913 35.8361 109.359 67.2214 346.885
415025524.501 1645.84 149.601 55.5077 158.362 47.9762 15.2247 312.248 64.7023 20.6089
416531964.152 1740.65 149.241 55.4731 158.534 47.8044 52.5306 235.049 58.0413 344.886
416743851.532 2493.76 149.682 55.4133 158.462 48.0574 3.28978 269.677 49.9608 340.865
418541123.37 1793.63 149.368 55.3315 158.683 47.9279 33.8232 72.8481 51.871 340.733
419124348.898 1913.7 149.518 55.3195 158.647 48.0107 13.7835 11.5709 51.635 7.73298
420016353.588 2326.84 149.21 55.1987 158.918 47.899 29.1653 223.758 78.6197 31.9911
422386767.101 2357.07 149.44 55.3222 158.671 47.969 20.1929 109.109 30.3238 1.1935
422969677.244 2400.26 149.521 55.1935 158.819 48.0634 34.5487 111.148 49.9458 36.9976
426199280.597 2297.54 149.274 55.4172 158.598 47.8444 32.4599 27.968 59.0769 320.997
428081621.633 2042.05 149.621 55.3393 158.585 48.0561 50.4496 328.637 79.1435 335.285
428583755.679 2175.79 149.399 55.2237 158.82 47.9875 7.17659 147.525 57.0987 25.6264
429854326.339 1746.07 149.388 55.4376 158.531 47.895 37.56 82.454 84.0466 14.9971
430472860.7 1871.86 149.526 55.359 158.591 47.9989 69.3272 46.6167 56.5237 356.057
433809169.755 1625.86 149.027 55.3607 158.759 47.7385 49.3185 215.408 84.5975 342.331
434358341.948 2340.06 149.668 55.2204 158.731 48.129 22.6169 170.165 74.4268 344.662
435262407.688 2030.88 149.484 55.3571 158.608 47.9777 4.94861 341.878 45.0107 339.101
435409759.896 1873.54 149.428 55.4701 158.473 47.9024 55.9431 36.4687 85.3959 28.0982
435833606.022 1701.34 149.401 55.5405 158.387 47.86 34.7865 9.84362 51.6058 21.8821
436176829.348 2335.94 149.37 55.4341 158.542 47.8874 32.9331 345.468 45.1162 27.149
437229175.442 2171.64 149.344 55.3494 158.667 47.908 19.3996 311.135 47.8849 35.5824
438052406.244 1931.64 149.405 55.2827 158.737 47.9666 27.0372 339.603 73.3852 36.2068
438386028.388 2378.07 149.302 55.494 158.484 47.8275 51.9769 185.33 84.4024 343.395
438522078.857 1938.09 149.136 55.306 158.797 47.8172 32.2661 56.804 81.9159 26.8997
439523830.125 2338.33 149.668 55.4337 158.44 48.0414 25.1239 41.5362 65.4515 2.72646
439633693.461 2228.56 149.172 55.4488 158.59 47.7786 20.2026 240.348 58.4868 322.656
439941925.562 2246.18 149.137 55.4382 158.616 47.7649 20.0406 131.353 42.6966 340.15
440278588.937 2085.37 149.346 55.46 158.515 47.864 33.4897 321.363 52.8319 18.6913
441284931.047 1848.93 149.226 55.3434 158.715 47.8493 32.6173 256.301 47.4978 35.9391
441880736.55 2377.05 149.281 55.5406 158.428 47.7978 28.0253 155.281 56.3833 351.574
443653591.167 1637.47 149.319 55.3802 158.633 47.8825 27.9368 38.6911 75.2086 357.502
444111825.104 2469.26 149.319 55.4736 158.506 47.8445 6.40015 127.339 54.8306 332.084
444249451.881 1790.95 149.235 55.3757 158.668 47.841 21.6558 173.102 57.8594 322.409
444946544.955 1671.59 149.422 55.4089 158.559 47.9247 18.7472 185.09 35.9172 335.203
445323525.246 2386.31 149.547 55.3707 158.568 48.0047 20.6025 198.723 30.7935 4.98106
445735438.844 1989.27 149.283 55.4822 158.507 47.8223 21.9443 153.419 33.5621 350.477
447038548.628 1645.85 149.185 55.4905 158.529 47.7685 11.0545 285.982 61.1022 24.9011
447153622.671 2335.63 149.391 55.4143 158.562 47.9064 28.1032 21.6338 72.9354 0.294264
447715237.518 1779.41 149.151 55.4642 158.576 47.7615 40.659 96.6102 89.6876 326.144
450000981.686 2063.78 149.592 55.2355 158.736 48.0832 26.5523 167.677 36.7469 22.6169
450287911.321 1793.08 149.373 55.4981 158.454 47.8627 41.9685 87.4414 56.4181 330.711
450641050.593 2390.93 149.358 55.2532 158.793 47.9544 24.7644 148.43 42.9358 34.5984
451887317.807 2117.82 149.286 55.3825 158.641 47.8648 20.9432 228.605 70.6497 29.8796
452733821.846 2221.99 149.561 55.256 158.719 48.0587 40.0056 247.178 86.8389 20.4432
452769312.731 2245.25 149.716 55.4837 158.355 48.0455 21.2121 328.047 71.2 337.796
453809544.752 1640.72 149.362 55.4039 158.586 47.8955 11.3088 151.811 39.9615 347.872
454083878.558 2040.7 149.173 55.3792 158.685 47.8071 16.0865 126.53 34.4898 351.908
455123531.997 1944.99 149.439 55.5727 158.33 47.8663 28.2255 102.676 44.7229 35.1249
455900182.619 1995.37 149.554 55.3304 158.62 48.0251 39.9557 80.8448 75.1619 35.2836
457593520.079 1885.22 149.283 55.3163 158.733 47.89 36.6896 170.315 82.7584 16.209
458840646.643 1889.21 149.7 55.3798 158.502 48.0806 20.2723 30.9178 33.5647 338.641
460714257.442 2319.29 149.474 55.3535 158.616 47.9737 19.7317 55.3047 63.933 36.1645
461153565.373 1765.37 149.608 55.4827 158.394 47.9903 41.2966 26.343 88.7819 27.8053
462316918.011 1733.24 149.32 55.4778 158.5 47.8434 11.475 281.881 59.0695 328.707
462945695.615 1800.46 149.299 55.3784 158.643 47.8728 22.2362 328.592 47.4735 323.769
462990131.641 2390.79 149.525 55.2177 158.784 48.056 37.9931 47.73 61.4918 18.9644
464557362.638 2343.59 149.427 55.5098 158.42 47.8856 36.1983 267.072 58.9839 342.22
467530543.828 1678.45 149.57 55.4749 158.417 47.9741 35.2364 277.084 59.2817 321.123
472251260.976 1958.18 149.152 55.3358 158.751 47.8137 64.7662 135.68 39.5249 330.817
473491531.665 1813.7 149.28 55.5229 158.452 47.8046 39.3444 174.517 57.7634 337.072
473559805.831 1637.78 149.555 55.4692 158.43 47.9685 27.3248 174.038 46.3023 346.889
474061660.456 1640.7 149.461 55.539 158.368 47.8912 58.4148 227.191 51.6766 34.73
475582665.596 2414.91 149.332 55.4972 158.469 47.8419 32.0262 351.569 79.9289 4.66489
475829986.533 1706.92 149.132 55.4154 158.649 47.7712 47.563 151.824 72.6477 323.641
476725155.238 1802.4 149.591 55.4494 158.445 47.9951 48.0181 230.145 73.0328 24.5915
476749258.235 2407.4 149.603 55.3537 158.571 48.041 14.4329 185.462 39.4544 333.731
476795785.32 2462.72 149.402 55.439 158.525 47.9017 46.2865 168.368 69.0098 322.715
476953446.424 1738.63 149.155 55.4007 158.662 47.789 58.9739 221.008 82.8549 30.9693
477126929.168 1838.97 149.485 55.2582 158.743 48.0184 43.2604 143.828 57.9137 322.632
477560393.622 1741.17 149.455 55.4443 158.499 47.9272 20.9733 164.935 30.5907 352.459
477571469.752 2114.19 149.602 55.4028 158.505 48.0202 23.0834 193.578 33.1093 18.7945
479822166.374 1693.06 149.294 55.4756 158.512 47.831 40.2202 224.798 89.4155 34.1663
481482203.547 1999.85 149.412 55.2928 158.721 47.9662 53.9749 113.712 76.3089 324.171
482177632.936 1656.35 149.45 55.3486 158.631 47.9634 24.9035 153.745 35.1932 23.3222
483583129.98 2155.46 149.75 55.373 158.493 48.1091 9.24575 239.593 59.2015 26.3012
484682950.069 1655.86 149.627 55.3001 158.636 48.0755 40.0491 69.9282 87.5051 329.76
484818927.088 2218.44 149.458 55.5482 158.357 47.8861 20.4637 341.53 70.4857 333.74
486007031.548 2137.73 149.127 55.3554 158.733 47.7926 14.4179 129.508 36.275 350.022
487652228.717 2413.02 149.702 55.2418 158.689 48.1381 6.66609 26.0393 43.9181 17.6477
488429071.052 1599.66 149.371 55.3987 158.59 47.9019 18.2523 214.831 68.2463 25.7214
488852392.558 1690.46 149.328 55.3619 158.655 47.8946 30.1504 264.291 80.1923 10.6258
489699603.808 2121.39 149.607 55.3827 158.53 48.0312 19.0156 14.2141 65.5394 323.4
490042740.907 2272.03 149.511 55.3074 158.666 48.012 37.9576 20.8324 70.7403 322.974
490734078.277 1692.19 149.664 55.3798 158.514 48.0615 49.0344 34.0779 75.3446 324.047
491651949.824 1858.48 149.339 55.4771 158.494 47.8538 32.7273 37.6026 48.3004 36.2333
492622919.827 1606.92 149.376 55.2778 158.753 47.9537 24.809 36.3266 64.6587 37.8077
493276392.05 1841.5 149.49 55.336 158.635 47.9894 40.4224 291.633 88.6618 333.6
493447471.206 2418.04 149.544 55.4906 158.405 47.954 33.2242 257.229 82.7899 344.058
494396521.108 2361.95 149.551 55.2208 158.771 48.0682 12.2921 290.837 57.5882 327.0
494784336.854 1793.21 149.29 55.4001 158.616 47.8593 14.0206 65.8754 47.5735 354.227
497016914.499 2451.31 149.523 55.2607 158.726 48.0373 39.2985 341.223 73.3113 36.1486
497299222.843 2033.18 149.07 55.4014 158.689 47.7447 49.0984 238.687 89.9499 335.088
498837122.978 2399.02 149.466 55.2579 158.749 48.009 33.708 274.364 74.781 324.161
499452505.334 1802.61 149.445 55.3866 158.581 47.9453 25.5762 33.2334 52.7043 7.56309
501166281.323 2093.85 149.427 55.3426 158.648 47.9538 14.7455 288.638 41.0009 28.7498
501378684.322 1940.02 149.701 55.515 158.317 48.0251 36.6006 186.186 65.1314 345.114
503334055.936 1968.03 149.642 55.4176 158.47 48.0347 30.6155 228.368 76.4691 324.898
504429500.423 1599.91 149.54 55.2896 158.68 48.0342 19.2481 283.862 36.0776 2.81335
505137317.944 2086.88 149.352 55.3727 158.632 47.9027 34.7953 248.066 47.677 33.9085
506269867.451 2262.08 149.698 55.3116 158.595 48.107 41.3262 140.043 77.5985 343.516
507227842.113 1675.78 149.239 55.3798 158.661 47.8408 40.6533 240.015 89.8488 34.6195
507457342.555 2048.32 149.498 55.3634 158.594 47.9823 36.0672 291.053 84.6433 17.3189
507790863.394 2475.54 149.08 55.4703 158.592 47.7222 33.7915 165.109 78.4496 325.383
508326209.072 1828.26 149.404 55.4529 158.505 47.897 25.3607 270.102 59.9677 3.68251
508487444.25 2060.2 149.425 55.3753 158.603 47.9397 29.6433 165.323 58.8048 321.059
508817399.387 1782.24 149.653 55.316 158.605 48.0822 30.1538 233.857 51.0047 14.8802
510474019.516 2359.93 149.327 55.4189 158.577 47.871 12.2039 172.451 44.8594 30.1648
510520549.148 2094.31 149.468 55.2779 158.721 48.0014 26.6925 81.1648 55.6144 352.896
510828577.836 1860.95 149.388 55.5786 158.339 47.8371 9.85155 7.48623 54.5679 14.4433
510829092.023 2091.78 149.45 55.5227 158.394 47.8923 29.1239 53.7433 65.9301 354.804
511217844.287 1825.53 149.466 55.2462 158.765 48.0134 37.2115 42.418 81.1498 347.286
511461601.393 2258.55 149.693 55.3683 158.52 48.0814 33.4082 202.415 81.2786 34.9625
511879613.166 1683.48 149.35 55.4229 158.564 47.8812 34.6616 255.321 84.4967 22.4817
512028850.078 1721.93 149.32 55.4759 158.502 47.8439 29.7225 298.526 79.2279 356.75
513018504.487 1912.23 149.708 55.5076 158.324 48.0317 50.0982 351.659 62.5851 321.374
513468753.618 1753.41 149.41 55.4429 158.516 47.9044 50.166 344.946 36.4154 355.079
514851084.063 2350.81 149.567 55.3635 158.57 48.018 12.8557 69.3154 38.8984 10.078
515147915.024 1600.79 149.417 55.3219 158.679 47.9568 4.5512 89.031 45.5857 22.1979
515274113.02 1827.6 149.462 55.1772 158.861 48.0393 21.6636 359.944 56.8356 359.981
515765823.646 2439.1 149.416 55.4456 158.51 47.9062 36.463 338.341 80.1619 348.619
516165320.931 1868.48 149.099 55.3912 158.693 47.7636 29.5748 292.384 79.1554 4.43991
516669428.294 2046.28 149.45 55.4827 158.448 47.9088 29.5048 21.343 78.3526 325.817
516725235.559 1796.63 149.081 55.3506 158.754 47.7708 30.9027 270.736 79.0474 2.35649
517113622.365 2106.42 149.143 55.2704 158.843 47.8348 32.336 246.651 74.0426 6.81091
518154326.943 1969.49 149.287 55.3947 158.624 47.86 24.9836 63.1372 41.0796 326.985
518290266.585 2427.13 149.684 55.4876 158.36 48.0274 38.274 133.705 53.7542 25.7242
518563808.914 2171.37 149.342 55.4909 158.474 47.8496 62.7303 78.6745 83.4181 34.1778
518781221.527 2010.62 149.326 55.2384 158.824 47.9433 46.9761 91.9785 62.2114 35.2822
519502422.281 2353.28 149.679 55.489 158.36 48.0243 32.7669 353.545 57.3024 345.751
519513766.038 1704.44 149.538 55.4199 158.503 47.98 29.5539 353.082 54.3763 348.371
521101480.1 1706.52 149.343 55.4891 158.476 47.8508 33.8053 250.398 83.0107 13.0164
522667445.627 1946.67 149.201 55.2221 158.889 47.8846 16.3569 56.7654 34.8107 353.792
523078813.208 2226.56 149.184 55.5059 158.508 47.7614 20.2097 18.7092 30.6002 349.917
524705153.289 2185.32 149.259 55.2597 158.818 47.9001 42.7664 15.8889 81.9682 31.5634
525353177.582 2085.7 149.092 55.4012 158.682 47.7562 36.6119 269.992 85.442 338.544
528277568.979 1790.06 149.484 55.5646 158.325 47.8925 16.5476 305.314 33.3954 10.9231
528864673.769 1806.8 149.38 55.35 158.653 47.9264 44.408 335.399 75.3019 35.3762
529203710.541 1951.03 149.355 55.2682 158.773 47.9466 37.7146 204.032 75.6996 347.062
531478126.239 2035.72 149.246 55.3781 158.661 47.8452 27.5275 267.846 53.3354 321.464
532293280.389 2269.41 149.474 55.5099 158.403 47.9097 44.7492 326.807 59.6112 32.4644
532830820.15 2025.47 149.444 55.4902 158.44 47.9022 17.6102 276.125 33.7587 18.5651
532921540.12 2181.0 149.583 55.5366 158.329 47.955 37.7191 297.575 56.5366 38.0423
536715216.156 1891.76 149.24 55.2414 158.85 47.8971 44.1489 250.004 59.3096 30.4289
536726678.891 1635.73 149.616 55.4929 158.377 47.9899 42.5419 251.701 57.4649 29.9895
540143743.369 1908.61 149.617 55.4425 158.445 48.0114 22.6567 288.744 62.4149 358.574
541241518.889 1796.35 149.3 55.4602 158.531 47.84 42.2059 144.987 56.9464 323.828
541548866.864 1836.8 149.1 55.3128 158.8 47.7956 22.5708 182.557 32.2425 16.4728
541960973.292 1881.56 149.372 55.2888 158.739 47.9473 38.7776 117.469 55.0703 335.581
541971461.187 1837.23 149.611 55.2748 158.676 48.0773 19.1696 166.299 34.8028 23.415
542708043.034 2216.62 149.616 55.4389 158.45 48.0125 61.3134 227.734 51.3674 31.2942
548783341.283 1822.9 149.232 55.2589 158.828 47.8861 38.3765 59.8887 84.6571 328.379
549290871.428 2418.62 149.531 55.3515 158.599 48.0044 14.0855 41.2471 57.0941 325.72
551527667.278 1673.98 149.363 55.2334 158.818 47.9649 53.434 59.7866 81.7173 33.5884
552975568.515 1912.05 149.297 55.5322 158.434 47.8093 41.7373 323.71 84.2062 329.774
553467359.571 1958.14 149.377 55.3426 158.664 47.9276 29.1531 357.403 74.9483 323.935
553564132.573 1622.52 149.609 55.3998 158.506 48.0247 27.0384 335.245 66.8996 325.277
554853963.206 1953.95 149.309 55.3902 158.623 47.8735 22.1581 50.2902 35.5691 9.74141
555340266.734 1641.31 149.631 55.3141 158.615 48.0711 37.4134 338.949 49.9338 330.473
555880892.615 1801.37 149.54 55.4061 158.521 47.9864 53.1385 21.6027 77.1483 35.437
559401525.408 1825.97 149.34 55.2737 158.771 47.9366 18.2684 335.205 31.9381 347.561
559406957.144 2300.87 149.29 55.3471 158.688 47.881 21.0539 4.1169 34.7516 7.15359
559451782.832 1714.52 149.595 55.2662 158.693 48.0724 53.1675 22.8449 71.918 31.3217
559834543.773 2312.1 149.733 55.4299 158.421 48.0767 46.6889 5.45252 61.9344 34.3715
559966433.91 1976.04 149.321 55.3786 158.635 47.884 25.4202 345.904 36.6087 26.5056
564364266.707 2106.41 149.388 55.2688 158.761 47.9633 59.699 294.572 79.0004 34.7145
564629131.555 2413.51 149.331 55.4134 158.584 47.8751 49.2962 224.315 66.0112 329.174
564707409.742 1652.47 149.363 55.357 158.65 47.9148 36.4967 298.788 51.5318 36.5285
565438066.983 2395.87 149.199 55.5279 158.473 47.7602 36.3678 279.65 67.2502 37.7764
565438653.436 1709.32 149.136 55.4555 158.593 47.7571 12.9258 297.617 49.1945 32.9197
567388572.01 2172.3 149.261 55.2174 158.875 47.918 32.7425 180.183 65.4296 323.389
567646377.109 2329.08 149.277 55.3513 158.687 47.8723 57.6525 216.403 87.7051 331.832
568255022.065 2462.7 149.227 55.5192 158.475 47.7785 44.0176 260.45 65.9758 23.8215
569472963.709 1702.81 149.531 55.3667 158.578 47.9979 39.2803 161.71 57.5278 337.012
569894128.476 1761.35 149.501 55.4037 158.538 47.9674 25.5066 224.503 54.2606 38.345
573248545.0 1831.92 149.687 55.4511 158.409 48.044 30.0158 166.175 31.7013 344.136
574036841.643 1717.21 149.513 55.5038 158.398 47.9324 27.1662 104.255 44.3962 345.892
574607458.626 1805.26 149.484 55.2699 158.727 48.0128 5.776 52.7887 47.5656 16.5746
575108806.821 2140.57 149.659 55.3277 158.587 48.0805 36.5294 172.879 79.3358 33.6862
576722151.979 1918.61 149.424 55.407 158.561 47.9258 8.74609 134.558 54.4332 330.295
577104377.015 1602.97 149.268 55.4276 158.586 47.8365 9.95286 198.812 43.7503 348.568
577773547.374 1775.58 149.559 55.3553 158.584 48.0173 49.0535 88.5135 65.623 323.605
578298146.623 1770.65 149.222 55.3837 158.662 47.8304 31.7015 89.9821 34.6864 346.675
579143126.544 1726.04 149.447 55.4582 158.483 47.9169 10.0627 8.11587 47.9191 11.1636
579793653.285 1747.76 149.229 55.3648 158.685 47.842 18.4483 209.142 67.7602 31.1015
579942583.571 1827.53 149.474 55.3986 158.554 47.9556 22.551 261.638 72.3831 19.9154
581085535.047 2016.12 149.407 55.2871 158.73 47.9657 56.3605 290.914 68.4625 358.828
581555711.991 2353.35 149.385 55.488 158.464 47.8726 51.9964 59.8192 83.896 328.572
581623554.043 1884.08 149.306 55.2529 158.811 47.927 27.1936 54.5354 55.9428 321.155
582446137.399 2287.85 149.463 55.5343 158.373 47.8943 51.1536 42.4084 67.4189 324.518
582833756.27 2120.03 149.634 55.4584 158.417 48.0136 26.0735 28.7692 37.3853 341.512
583357413.468 2068.2 149.721 55.3332 158.558 48.1102 56.211 57.1219 82.3136 33.9153
584169393.826 2126.8 149.313 55.4201 158.581 47.8632 2.39313 112.58 60.6467 27.483
585937078.948 1738.57 149.426 55.5042 158.427 47.8873 50.0239 13.2461 85.8675 330.731
588139758.121 2202.1 149.413 55.4077 158.563 47.9198 8.45092 303.289 42.8805 14.8966
