240033770.953 6540.51 149.29 55.4155 158.595 47.8531 31.7189 102.64 66.6478 24.0483
247021616.02 8113.9 149.312 55.441 158.553 47.8541 4.40835 247.508 33.8426 342.976
248214581.963 8374.94 149.48 55.4358 158.502 47.9437 20.8402 175.721 43.8034 352.623
251260239.209 6387.26 149.488 55.316 158.663 47.9963 29.7177 39.5161 52.6944 9.9169
252069180.782 9968.8 149.325 55.4121 158.588 47.8729 7.53218 294.26 30.5203 6.57878
253033317.207 9891.38 149.408 55.4119 158.56 47.9157 37.7901 141.061 59.7337 345.28
256681193.673 7374.27 149.529 55.3765 158.566 47.9932 5.61482 197.445 29.9158 1.5433
262066271.163 7530.15 149.45 55.3874 158.578 47.9476 45.3644 166.498 64.0742 38.1952
262233856.544 6554.91 149.341 55.3589 158.655 47.9025 20.8967 350.068 46.7689 357.331
263317614.024 6957.89 149.301 55.3553 158.673 47.8834 39.8905 275.15 74.7021 14.237
265136457.766 8948.62 149.558 55.364 158.573 48.0132 46.313 297.556 41.7535 354.766
267012333.926 8778.11 149.507 55.3811 158.567 47.98 38.5412 323.498 61.7586 348.272
274790421.791 8412.02 149.413 55.3539 158.637 47.942 18.2946 336.787 32.7095 343.571
278175766.71 8663.68 149.279 55.3236 158.724 47.8847 26.259 254.404 70.6466 323.256
280090631.473 6386.08 149.307 55.391 158.623 47.8722 31.4698 231.946 44.3981 336.781
284059408.706 7342.95 149.497 55.3646 158.593 47.9813 21.4159 266.799 34.7646 7.91913
284209131.795 9243.35 149.371 55.4023 158.585 47.9008 27.6186 206.17 39.2698 330.347
287215717.651 8076.35 149.381 55.4018 158.583 47.906 30.2985 151.076 76.79 324.324
289982830.772 9219.62 149.366 55.3962 158.595 47.9005 57.126 169.876 87.5223 30.8107
290529799.395 7180.76 149.533 55.3742 158.567 47.9962 33.4336 38.4829 73.5569 351.787
297998548.739 9081.99 149.453 55.4006 158.559 47.944 53.5902 40.9775 71.4635 324.119
299206161.855 6464.65 149.459 55.4742 158.457 47.9167 41.6243 66.1733 69.1367 37.3304
299573591.792 6471.19 149.419 55.3454 158.646 47.9486 17.9754 95.9779 57.8873 36.4101
301330562.511 8524.53 149.417 55.3945 158.58 47.9278 12.308 322.094 60.801 329.211
306032541.424 9137.33 149.434 55.3017 158.701 47.9741 32.4574 74.9552 71.8435 7.61058
309072222.069 8420.82 149.324 55.4317 158.562 47.8641 17.0786 131.057 63.8132 13.2172
311216727.613 8691.48 149.452 55.4604 158.478 47.9192 51.0217 27.1285 78.6752 25.5063
311538274.957 6400.77 149.496 55.3804 158.572 47.9742 34.3255 357.87 52.4145 20.3037
312617258.327 6431.29 149.401 55.3602 158.632 47.9333 30.5427 209.795 47.0807 342.124
315038730.257 8378.01 149.296 55.4081 158.603 47.8595 31.7356 205.508 75.454 324.269
318454013.084 6705.01 149.462 55.4451 158.495 47.9306 24.5392 239.701 71.513 35.7047
321643766.812 9851.48 149.544 55.3869 158.546 47.9968 18.7905 149.057 31.4651 11.0417
324310651.959 9164.58 149.342 55.4405 158.543 47.8701 25.3995 270.359 69.8104 357.47
324975478.631 6448.12 149.314 55.458 158.529 47.8482 34.1927 219.307 61.5024 14.1729
331626589.427 9264.87 149.292 55.3423 158.694 47.884 28.4499 66.1162 59.4596 38.855
332383653.103 6936.51 149.465 55.3631 158.606 47.9652 22.37 125.438 71.5033 32.3792
337207104.301 9129.99 149.434 55.3758 158.6 47.9439 42.5737 199.92 79.5048 0.570497
338777372.794 6515.31 149.317 55.3923 158.617 47.8769 53.2032 46.2997 81.9258 25.5691
342022657.985 6947.97 149.344 55.4035 158.593 47.8862 33.3888 63.617 82.9716 26.3248
343594227.302 7997.43 149.339 55.3173 158.712 47.9186 21.4624 0.977491 44.9397 5.31217
348134545.84 9397.37 149.332 55.373 158.638 47.8925 16.5526 289.725 43.3319 358.451
350414488.659 8925.03 149.411 55.3913 158.587 47.9258 28.0729 213.299 68.112 37.4955
353683637.316 6529.75 149.509 55.3986 158.543 47.9736 36.7692 114.827 49.0484 330.511
357535480.624 7070.49 149.401 55.381 158.604 47.9247 27.203 90.3326 46.4601 323.442
359305161.812 7953.58 149.338 55.3433 158.677 47.9072 3.42528 91.8882 47.1526 23.7424
359797825.447 6544.97 149.243 55.4015 158.63 47.8346 12.8708 216.96 62.6787 27.9441
361506336.859 7274.29 149.446 55.332 158.655 47.9684 28.0139 215.545 64.0491 5.09543
363914014.543 6570.61 149.439 55.4138 158.546 47.9312 40.0022 327.562 71.4507 343.556
363993431.833 7725.83 149.576 55.3808 158.544 48.016 8.47466 295.467 50.8633 13.9067
364198976.634 6614.81 149.413 55.4526 158.502 47.9017 18.7219 77.2895 61.0338 36.2774
365266638.627 8278.44 149.529 55.3985 158.536 47.9844 28.6074 289.341 78.6103 337.359
365496755.45 6866.86 149.511 55.3087 158.665 48.0114 31.4287 338.762 78.6554 324.529
365703492.586 7044.15 149.286 55.3703 158.658 47.8694 41.375 359.985 84.845 330.472
366372490.659 8414.6 149.353 55.4456 158.533 47.8735 5.86758 51.5122 44.2425 340.788
367249301.634 9023.18 149.396 55.3608 158.633 47.9303 26.7403 336.534 37.4052 333.122
367437189.121 7263.63 149.399 55.3144 158.695 47.9511 41.2873 26.7636 54.9353 33.6447
371673345.18 6332.23 149.345 55.3935 158.606 47.8906 27.9853 287.875 40.8238 328.017
373821178.911 9145.37 149.339 55.3121 158.719 47.9207 28.6856 100.89 71.305 14.1877
378221247.9 9646.57 149.408 55.3635 158.626 47.9354 13.5058 51.1912 63.2158 22.5166
381339487.378 8287.77 149.466 55.3387 158.639 47.9757 51.0381 160.499 67.2197 327.28
382014945.433 8049.89 149.247 55.4127 158.614 47.8323 34.2321 130.732 57.8163 344.239
382335223.16 8212.17 149.403 55.3462 158.651 47.9403 14.1772 88.7722 51.0434 7.07847
384765213.32 6851.97 149.468 55.3816 158.58 47.9596 14.3249 134.059 47.5629 327.08
389897360.619 7254.7 149.501 55.3343 158.633 47.9959 16.8622 130.07 33.355 351.315
390452898.578 7903.38 149.536 55.441 158.476 47.9702 20.8775 85.3195 30.5733 353.1
394157973.624 7123.58 149.527 55.4164 158.512 47.9758 50.1626 79.4248 76.4352 25.3668
395968359.971 7600.44 149.528 55.3859 158.553 47.9886 8.15047 339.363 43.7767 14.6282
396471153.368 7237.35 149.408 55.3819 158.6 47.9282 33.4209 44.0484 73.5519 36.1029
404300469.317 9393.63 149.292 55.331 158.71 47.8884 59.4971 334.087 79.0362 35.0376
405315308.496 7466.02 149.329 55.4114 158.587 47.8753 20.4924 160.215 53.3979 2.1789
406691189.24 9845.19 149.574 55.3586 158.575 48.0238 35.1618 214.341 83.7491 325.134
407010550.72 7060.52 149.298 55.4549 158.539 47.8417 24.174 98.8454 71.4506 351.646
420487134.981 7510.96 149.351 55.3455 158.67 47.9134 27.189 320.186 77.2182 342.804
424404917.933 8127.66 149.513 55.4312 158.497 47.9627 41.5598 81.6127 87.9127 27.6104
425581861.288 9108.76 149.403 55.4196 158.55 47.9104 39.1688 35.1817 80.2295 327.355
425867487.533 9420.85 149.391 55.2949 158.725 47.9545 27.9477 28.2231 63.5677 321.595
429580335.052 8480.12 149.349 55.3796 158.624 47.8982 29.4157 235.339 79.3651 350.004
429740431.629 6349.78 149.24 55.3601 158.688 47.8495 28.309 182.761 77.3574 354.294
432503791.172 9684.58 149.385 55.3621 158.635 47.9245 11.3915 302.547 38.6036 15.9021
432880360.124 9866.77 149.464 55.3988 158.558 47.9505 35.5471 353.137 68.0921 37.709
438018323.38 9242.62 149.487 55.3408 158.629 47.986 21.2164 1.89771 68.8882 34.7152
444877877.057 8449.52 149.419 55.4284 158.533 47.9148 16.2595 193.249 35.8698 338.183
446878763.286 8366.2 149.338 55.3448 158.675 47.9066 12.4797 9.55426 57.7201 13.5622
448285608.032 7043.9 149.485 55.3907 158.562 47.9643 33.4302 265.091 78.9492 7.39156
454450169.228 7618.71 149.477 55.3795 158.58 47.9651 30.0443 59.0846 41.4624 329.057
455696221.942 9411.83 149.49 55.4318 158.504 47.9501 30.7569 346.849 60.9099 350.217
456375759.304 7973.2 149.373 55.3912 158.6 47.9062 24.7397 272.645 67.5786 20.6711
460590249.351 8606.59 149.449 55.3739 158.597 47.9525 44.7285 310.147 82.5717 340.26
460977871.887 8812.13 149.414 55.4189 158.548 47.9164 19.3026 162.706 68.6896 19.1754
463824760.208 9666.73 149.48 55.3651 158.598 47.9725 29.1126 7.82656 40.062 27.6141
465613241.126 9478.63 149.311 55.453 158.537 47.8489 25.2145 30.347 73.3785 34.8264
467517626.765 9617.53 149.384 55.4595 158.503 47.8839 33.5941 46.5203 57.4507 14.5559
467586469.007 6663.69 149.47 55.4027 158.551 47.9517 22.5686 20.6556 46.1309 6.49049
470960726.191 9500.53 149.309 55.4458 158.547 47.8507 37.5058 221.689 85.1471 327.309
471245580.837 7794.87 149.469 55.3996 158.555 47.9523 11.3174 168.454 65.6775 330.806
479891858.59 8209.36 149.353 55.3602 158.649 47.9081 31.6371 285.434 81.423 6.74374
489972657.069 8628.13 149.392 55.3848 158.602 47.9185 23.331 173.871 60.106 0.765566
501919200.441 7565.76 149.448 55.4288 158.523 47.9299 42.5962 277.049 84.0891 29.8175
505365504.72 7168.97 149.475 55.3985 158.554 47.9557 43.9576 237.099 61.5325 37.3563
509126634.935 8257.91 149.404 55.3692 158.619 47.931 21.0869 167.49 34.7441 335.7
510588999.903 7387.97 149.244 55.4154 158.611 47.829 22.6926 69.0977 54.4194 357.527
528905670.821 6768.1 149.409 55.4655 158.486 47.8946 8.65573 73.2594 47.1019 24.3241
531273297.064 7827.94 149.55 55.3564 158.586 48.0119 53.6062 277.157 86.4121 329.8
532956331.491 8157.89 149.436 55.3879 158.582 47.9398 18.3149 285.533 37.522 27.1726
535374631.32 7415.25 149.303 55.4443 158.551 47.8481 18.9552 210.124 66.4896 323.659
542108986.076 9622.97 149.462 55.397 158.561 47.9501 20.1535 110.722 39.1041 355.843
547626040.129 6802.02 149.529 55.3461 158.607 48.0052 30.46 141.902 72.5676 36.5723
549725057.243 8656.98 149.432 55.3499 158.635 47.9535 25.5312 59.6958 52.3037 321.845
552913063.11 8682.41 149.395 55.32 158.689 47.9464 39.9209 339.069 89.0457 325.712
558499392.472 8435.56 149.297 55.3094 158.737 47.8996 4.42684 263.883 52.3138 332.93
560068289.276 7421.12 149.538 55.4275 158.493 47.9765 60.5863 352.34 81.6657 34.9948
563184061.477 8344.2 149.338 55.4627 158.514 47.8586 21.5285 273.201 56.5766 322.41
563617331.138 7142.97 149.245 55.4148 158.611 47.8302 21.2935 113.308 38.7718 352.956
564478676.737 6964.58 149.386 55.434 158.537 47.8955 50.9742 299.896 67.7693 35.1963
564936601.683 8520.67 149.25 55.3884 158.646 47.8433 16.1022 236.363 35.4354 5.94242
565370006.588 6882.63 149.512 55.3417 158.619 47.9982 19.0659 294.375 50.6756 36.2674
572335055.174 8040.59 149.274 55.4032 158.617 47.8496 9.31045 145.494 49.6771 329.428
573043158.58 7279.92 149.396 55.4028 158.576 47.9131 30.2319 166.098 37.4521 331.072
575280838.772 6852.14 149.363 55.4129 158.573 47.8918 21.7511 224.633 70.6112 33.0449
578573075.613 9168.22 149.284 55.3703 158.659 47.8681 53.6927 57.3954 74.6315 330.526
579017152.117 6974.84 149.478 55.3516 158.617 47.9766 9.3642 112.453 43.6704 26.5852
580652693.56 6960.4 149.341 55.335 158.687 47.9121 29.862 18.042 78.4818 325.264
581132488.174 6691.6 149.551 55.3302 158.621 48.0235 23.3925 42.7742 65.7348 322.857
588047957.035 7201.47 149.579 55.3644 158.565 48.0238 18.4124 14.609 45.3674 34.093
