240115217.923 54140.0 149.397 55.4068 158.57 47.9122 52.1024 304.382 84.6317 343.528
290901215.861 55146.9 149.394 55.4524 158.509 47.8923 24.354 222.765 73.0483 33.7722
309991388.741 40416.1 149.455 55.4339 158.513 47.9311 32.1445 214.082 81.2558 326.317
315118535.347 41740.1 149.401 55.3797 158.606 47.9256 18.1663 182.848 64.4357 325.316
340159750.23 43046.9 149.509 55.442 158.484 47.9558 18.8117 310.105 32.9465 17.4954
424234337.944 44141.0 149.442 55.3802 158.591 47.9465 16.7675 187.062 65.9363 31.0842
449714713.929 62590.0 149.346 55.4013 158.595 47.888 43.2166 195.93 59.4374 28.2506
459125628.552 47245.1 149.519 55.4048 158.531 47.9765 32.7751 58.0213 44.5612 27.9785
482245377.247 50331.6 149.382 55.3317 158.678 47.9348 55.0359 163.597 73.0485 35.4167
486509981.407 55149.5 149.443 55.4068 158.554 47.9361 22.4133 68.5078 32.6243 341.13
488748400.068 57408.0 149.404 55.3332 158.668 47.9457 34.6349 112.58 83.4751 34.8561
513948144.397 42821.5 149.368 55.2917 158.737 47.9439 30.1559 169.887 41.4967 24.8828
539800390.572 42476.7 149.441 55.4265 158.528 47.9271 41.4529 250.343 85.7147 18.7546
