240641908.217 2955.56 149.334 55.2777 158.768 47.9322 48.6152 63.1082 83.3145 21.0042
241422407.034 3474.94 149.549 55.3855 158.547 47.9997 42.5196 79.6837 72.1555 6.83673
241510665.763 3187.36 149.555 55.3473 158.596 48.0188 60.0194 335.891 88.0631 332.769
243069362.856 2815.79 149.299 55.4906 158.49 47.8276 71.7759 27.9687 40.7472 336.585
243533214.138 2616.97 149.398 55.3259 158.68 47.9457 6.88181 32.8595 36.3014 22.3375
243841949.02 3554.9 149.512 55.3466 158.613 47.9964 49.5063 5.46344 71.1521 36.9084
244279698.826 3199.48 149.566 55.2995 158.658 48.0439 44.8731 191.206 72.8406 348.825
244624056.745 2656.68 149.567 55.2775 158.688 48.0531 49.9368 192.691 84.5102 342.589
245564134.249 3613.72 149.255 55.3069 158.755 47.8789 46.0152 94.0187 79.8425 4.50123
245910219.491 3371.27 149.496 55.5082 158.398 47.922 48.7652 274.912 79.4071 326.748
246563110.286 3089.7 149.42 55.4352 158.524 47.9127 15.3895 223.799 45.3777 328.385
250028469.443 3319.37 149.428 55.4656 158.479 47.9045 48.0139 186.622 82.4174 325.503
250893520.461 3787.98 149.33 55.3119 158.723 47.9161 22.2499 88.226 53.7929 351.756
251192706.173 3032.28 149.479 55.376 158.584 47.9675 33.621 203.446 56.8682 321.019
251673070.532 2745.89 149.296 55.4423 158.557 47.8455 30.2515 340.888 47.7643 20.0814
252207340.063 3820.78 149.322 55.2934 158.751 47.9194 24.0121 177.953 39.8268 334.842
252746095.517 2710.07 149.305 55.4211 158.582 47.8586 11.6634 139.328 37.6601 359.6
253812257.778 3558.74 149.604 55.4032 158.503 48.021 27.0278 315.227 64.9571 29.1533
257048323.553 2680.66 149.176 55.4249 158.621 47.7903 8.154 106.715 32.1678 357.131
257104491.954 2797.52 149.292 55.3325 158.707 47.8881 66.7667 224.615 68.7909 36.545
257220704.816 3269.49 149.548 55.4496 158.459 47.9731 26.1042 98.6447 44.4663 342.919
258211002.352 3498.2 149.345 55.4659 158.508 47.8613 51.1749 189.71 79.8909 32.65
260044292.219 3517.15 149.228 55.4404 158.582 47.8109 50.7164 113.339 77.5406 326.016
260432820.284 3437.47 149.634 55.4308 158.455 48.0251 14.7219 273.777 44.4908 354.674
264162359.681 3077.86 149.51 55.4555 158.465 47.9511 33.9626 19.5264 71.8856 325.422
265113573.517 2937.4 149.412 55.351 158.641 47.9427 22.5596 288.786 41.4666 351.447
266823416.769 3430.3 149.23 55.3822 158.661 47.8358 55.934 334.063 72.2657 336.755
267205911.709 2902.49 149.388 55.4639 158.495 47.8845 31.1959 115.639 59.585 38.0067
267297452.06 3134.44 149.288 55.45 158.549 47.8384 39.2976 92.408 67.2913 37.761
267321707.108 3821.8 149.462 55.3206 158.665 47.9813 29.4669 295.611 60.1484 3.51484
270568990.602 2789.5 149.498 55.3454 158.619 47.9897 30.998 339.071 45.507 329.542
270625606.038 3953.06 149.174 55.3787 158.685 47.8079 11.7288 53.4103 30.9341 11.5942
272218336.723 2561.87 149.422 55.468 158.478 47.9005 54.229 17.6975 88.2871 25.9903
273539715.885 2604.78 149.268 55.5202 158.46 47.7994 34.9703 111.003 70.9029 357.167
275741649.154 3487.75 149.279 55.4687 158.526 47.826 25.8045 345.421 43.0377 34.3519
278609646.854 2995.09 149.351 55.4149 158.575 47.8852 47.2552 47.4331 81.2522 21.7327
278908153.368 2711.3 149.32 55.5181 158.445 47.8272 37.4842 32.674 63.5125 16.9701
279676424.83 2751.33 149.285 55.4403 158.563 47.8407 44.7512 332.964 59.5622 31.6353
281019050.481 3186.98 149.342 55.2353 158.823 47.9531 5.57378 158.197 49.8688 16.8727
281522717.071 3675.57 149.385 55.4137 158.565 47.9033 29.6165 307.685 74.5955 36.0686
281937664.579 3806.7 149.359 55.2859 158.748 47.9415 35.299 138.68 84.092 342.928
282958794.083 3917.03 149.518 55.3568 158.596 47.9955 7.61673 119.892 57.455 336.556
285436074.288 2834.22 149.655 55.3954 158.496 48.0505 18.6455 139.106 49.8256 0.623138
287249263.469 2775.59 149.38 55.3899 158.599 47.9105 18.4439 73.2274 68.3321 336.877
287743188.779 3138.44 149.6 55.3649 158.557 48.0344 27.04 158.976 63.4174 321.74
288064337.97 2861.0 149.452 55.4433 158.501 47.9261 33.5508 160.794 61.0675 321.13
289130485.35 3056.4 149.35 55.3709 158.635 47.9027 31.9898 134.046 43.3864 332.843
289508415.698 2651.64 149.389 55.3612 158.635 47.9264 17.2498 139.799 33.2033 6.86813
289910884.743 3977.38 149.479 55.2624 158.739 48.0138 51.6263 110.426 78.879 334.092
290166866.328 2631.51 149.457 55.5068 158.413 47.9027 32.9327 177.793 64.5444 38.3277
292599460.346 3293.21 149.254 55.5003 158.492 47.8 69.0296 253.712 76.6681 21.4524
293868766.199 2627.54 149.197 55.3482 158.719 47.8324 56.407 77.4466 75.0241 327.093
297194862.688 3048.74 149.433 55.4724 158.468 47.9043 5.40302 118.063 45.5544 337.923
298735994.016 3334.33 149.56 55.4675 158.431 47.9721 49.6168 71.1964 69.3799 36.7446
298862369.654 3638.37 149.461 55.4026 158.554 47.9474 38.3474 76.202 57.8206 38.3726
299196378.825 3974.15 149.167 55.4032 158.654 47.7943 31.8894 344.76 58.2901 347.436
299574517.483 2519.3 149.342 55.5151 158.442 47.8398 18.727 310.182 58.251 4.79158
301513966.964 3532.58 149.47 55.4013 158.553 47.9522 6.53003 325.704 54.497 331.534
302288990.061 3366.84 149.202 55.322 158.753 47.8453 59.1667 352.152 78.2222 324.597
304587018.081 3751.2 149.239 55.4891 158.512 47.797 18.0583 147.65 66.8191 17.3052
305883346.898 3331.5 149.478 55.3709 158.591 47.9688 35.3481 76.2432 77.5392 10.0462
306102585.993 2897.09 149.347 55.3852 158.617 47.895 14.9097 287.997 58.0196 325.326
306720872.968 3590.48 149.413 55.3306 158.668 47.9518 25.1936 39.1419 47.9158 9.4588
307009284.37 3207.3 149.435 55.2921 158.713 47.9789 26.2327 312.787 81.4421 325.024
307890310.234 2605.47 149.496 55.3632 158.595 47.9817 31.9021 346.202 46.9633 35.8353
308922427.504 3314.07 149.488 55.2821 158.709 48.0104 15.129 6.51447 59.6045 34.6955
309461766.13 2757.86 149.319 55.4225 158.576 47.8656 24.617 66.3115 74.5396 26.7807
312675428.327 3342.84 149.151 55.3704 158.704 47.7993 63.3132 214.742 88.4789 327.681
312960580.731 3159.8 149.599 55.3787 158.538 48.0287 10.1076 257.797 40.704 22.5662
313820331.292 3373.15 149.305 55.3249 158.714 47.8976 18.4335 359.72 67.2959 32.3959
314970228.384 2950.85 149.283 55.4039 158.613 47.8545 39.5264 215.449 83.7982 329.254
315083306.326 3270.23 149.543 55.4227 158.498 47.9816 19.3745 78.133 65.9287 349.184
317147860.748 2580.48 149.537 55.4471 158.467 47.9684 24.189 170.973 38.9907 347.877
317215115.278 3519.48 149.164 55.3825 158.683 47.801 54.8412 219.199 76.4624 35.7551
317606481.422 3519.01 149.527 55.3413 158.615 48.0064 18.9763 140.13 46.4975 359.322
318133492.958 2823.14 149.32 55.5267 158.433 47.8236 6.22342 334.488 56.2868 24.5913
319695356.711 2779.22 149.361 55.3705 158.632 47.9085 24.6919 138.249 69.1286 323.368
324552964.639 3655.8 149.407 55.3951 158.583 47.9222 9.57 126.735 70.5518 322.976
325320154.509 3621.79 149.442 55.2718 158.739 47.9905 15.0459 147.058 35.1208 348.35
325777390.391 2768.28 149.508 55.4462 158.478 47.9536 64.802 153.484 86.5005 34.1939
325973282.811 2826.44 149.163 55.4166 158.637 47.7868 26.3231 143.672 36.7948 24.3008
326030075.691 3236.78 149.357 55.4605 158.511 47.8698 45.9532 149.848 61.0668 34.7362
326924705.529 3337.11 149.332 55.4076 158.591 47.8783 19.9242 129.876 50.2623 36.3675
327715029.01 3637.49 149.322 55.2965 158.746 47.9182 39.7232 112.958 84.8569 30.3158
328818663.493 3274.72 149.402 55.3346 158.667 47.9442 15.9217 329.198 65.9585 333.891
328875140.02 3078.46 149.44 55.404 158.559 47.9357 30.6372 252.098 74.6597 3.79289
330331587.886 3575.79 149.616 55.3466 158.576 48.0505 24.4233 98.1134 35.5543 16.1865
330561664.309 3518.72 149.302 55.2833 158.771 47.9129 31.1533 27.6455 41.9331 332.102
331043178.444 2952.55 149.207 55.3463 158.718 47.8378 30.0519 4.02139 46.2027 342.171
332475999.068 2549.05 149.302 55.3688 158.654 47.8786 24.1361 235.954 73.767 16.7746
333634644.949 2570.7 149.395 55.3293 158.676 47.9428 27.7815 141.174 69.3105 1.8912
335905796.979 3190.55 149.419 55.2639 158.758 47.9817 32.1153 299.815 54.029 344.657
336506245.688 3699.21 149.566 55.4404 158.466 47.9861 26.5222 17.0601 64.9717 37.8882
336540378.703 2653.31 149.479 55.4739 158.451 47.9272 35.3469 9.65466 73.3439 35.9613
338623510.166 3348.34 149.267 55.3178 158.736 47.8807 15.3172 66.8373 51.4875 354.644
339002601.151 3455.87 149.164 55.4137 158.641 47.7886 23.7883 303.548 46.35 323.908
339804378.776 3505.93 149.318 55.3288 158.704 47.9027 21.73 327.911 31.0186 12.3971
342648219.21 3359.85 149.587 55.484 158.399 47.979 40.5194 92.4195 75.5111 3.11589
343376483.449 3759.74 149.454 55.346 158.633 47.9668 48.3087 110.617 48.8501 359.346
344900384.05 2888.11 149.574 55.512 158.365 47.9609 38.021 278.038 56.4367 37.9542
345263205.743 3177.16 149.245 55.3371 158.718 47.8614 63.8112 143.924 72.9045 337.356
345415893.969 2800.41 149.512 55.4269 158.503 47.9637 39.6788 263.692 69.6205 37.2528
346172385.736 3274.92 149.432 55.2941 158.712 47.9765 33.1042 275.605 79.1266 34.9083
346184473.343 3052.72 149.233 55.3452 158.71 47.8521 21.1936 353.689 70.4433 32.1055
350507819.244 3904.93 149.537 55.3689 158.573 48.0005 32.9389 103.077 73.9031 352.841
350679778.121 2906.72 149.315 55.4731 158.508 47.8427 33.6651 95.5314 77.7893 352.743
350736686.075 3024.85 149.517 55.4778 158.432 47.9455 24.2592 34.782 71.5248 8.05208
351584739.497 3734.98 149.615 55.4649 158.415 48.0014 36.7049 263.093 84.568 15.8674
354015230.586 2857.45 149.498 55.5206 158.38 47.9179 17.4177 137.593 32.9094 13.8575
354108089.419 2557.5 149.41 55.4216 158.545 47.9132 53.8812 104.45 75.1204 330.643
357569222.004 3219.9 149.476 55.345 158.627 47.9786 15.8722 155.159 35.9437 354.263
363528368.229 2659.48 149.383 55.3523 158.649 47.9271 39.6097 54.1837 62.2168 38.5692
365668923.013 3817.98 149.408 55.38 158.603 47.929 36.2679 353.327 80.3989 326.631
366641790.431 2910.29 149.425 55.4975 158.437 47.8896 12.3359 20.3783 37.9963 340.817
371019680.753 3470.6 149.221 55.3517 158.706 47.8433 13.4288 40.5237 45.6589 353.767
371392270.344 3111.49 149.492 55.286 158.702 48.0109 15.1012 332.353 34.908 345.053
371654813.753 2635.05 149.491 55.2848 158.704 48.0107 48.2104 38.8086 62.5116 29.3133
371918543.353 3247.43 149.595 55.4361 158.462 48.0028 35.4938 31.9322 49.3566 30.2578
373517984.048 3726.68 149.514 55.4105 158.525 47.9712 29.9046 159.274 71.1767 356.288
374882588.809 2813.86 149.153 55.3696 158.704 47.8008 19.7634 202.232 67.7885 326.338
377167299.374 2524.35 149.273 55.4293 158.582 47.8386 15.621 244.978 34.9162 17.7539
378151678.739 2680.32 149.224 55.5021 158.5 47.784 27.5078 271.733 70.2781 36.8537
378588466.362 3500.55 149.409 55.4531 158.503 47.8997 29.4139 104.338 78.2065 3.12146
380491198.547 3692.61 149.277 55.4376 158.57 47.8375 17.7816 199.998 39.9982 330.429
381246220.27 2803.39 149.488 55.2374 158.77 48.0287 35.9077 221.439 48.1119 32.2445
384020745.953 2522.76 149.505 55.3159 158.657 48.0055 20.6974 89.4426 69.2866 326.977
384730083.93 3764.58 149.551 55.3843 158.548 48.0013 20.068 243.63 52.2804 0.514479
386630949.963 3551.52 149.536 55.4012 158.53 47.9865 31.7536 160.79 56.2195 38.9348
387655707.77 2531.68 149.496 55.3965 158.55 47.968 35.1433 169.657 81.7099 33.801
387983917.199 3917.69 149.274 55.4475 158.557 47.8322 30.6995 298.711 80.5988 1.10192
388225687.797 3781.12 149.429 55.4643 158.481 47.9055 33.8178 34.2612 83.0445 326.791
388614784.07 3163.97 149.499 55.3711 158.584 47.9799 17.8854 351.133 67.9116 333.866
389003396.183 2937.49 149.548 55.3101 158.65 48.0299 29.8691 243.599 68.2126 5.6508
391625728.106 2627.68 149.364 55.4316 158.548 47.8852 30.9229 108.887 65.5683 38.1551
391782218.291 2519.89 149.348 55.2735 158.769 47.9408 48.9603 330.086 78.7299 343.642
392348234.99 3212.99 149.338 55.5297 158.423 47.8319 24.3137 251.924 74.2516 20.3715
396472012.088 3453.69 149.352 55.4616 158.511 47.8669 8.53044 150.921 58.3771 26.4446
397620066.078 3204.04 149.57 55.3049 158.649 48.0435 15.8292 48.2377 86.1454 328.572
400137404.751 3141.59 149.437 55.3393 158.649 47.9603 30.6159 5.70763 48.4868 37.1832
400561992.064 3707.59 149.144 55.4273 158.629 47.773 18.1928 253.815 48.4106 0.853718
401024790.752 3078.07 149.589 55.3849 158.534 48.0206 20.2239 16.6168 62.6704 36.6994
402658387.966 2718.78 149.169 55.3623 158.709 47.8117 17.3341 107.418 62.7968 349.306
403209558.581 3851.28 149.341 55.3879 158.615 47.8907 50.2564 295.469 79.4042 326.05
403585803.1 2803.59 149.368 55.529 158.414 47.8476 21.9409 10.0354 40.8636 7.68307
403844961.673 3705.68 149.395 55.3953 158.586 47.9161 15.4206 316.7 78.046 324.549
405292118.713 3620.3 149.417 55.4058 158.565 47.9231 61.1793 90.2424 47.6057 14.7735
405480684.364 3855.67 149.148 55.3971 158.669 47.7868 7.17571 353.836 53.1867 29.7504
406954121.252 2842.66 149.372 55.3885 158.604 47.9068 21.7685 185.883 70.7864 327.732
409260582.331 3405.06 149.42 55.4411 158.516 47.9101 17.4536 218.722 33.9182 3.9583
417326398.407 3917.1 149.444 55.3675 158.608 47.9525 52.2339 212.781 75.1738 27.9847
418608523.316 3060.28 149.507 55.3377 158.626 47.9975 30.5349 157.084 50.314 37.9531
419444352.338 2813.34 149.367 55.2457 158.8 47.9619 8.4986 240.528 58.3614 26.7608
421059091.843 2987.56 149.604 55.4077 158.497 48.0192 22.1356 259.045 64.8939 355.927
421300227.229 2928.27 149.444 55.331 158.657 47.9676 11.74 65.9826 53.0439 327.073
421586695.913 2791.52 149.263 55.2618 158.814 47.9012 32.2197 78.6341 59.3105 320.832
422719302.876 2974.71 149.373 55.3743 158.623 47.9132 37.8665 44.5992 50.7548 331.102
422947244.342 3857.19 149.361 55.4191 158.566 47.8888 19.8895 97.0717 34.1218 22.2626
423016301.512 3028.72 149.33 55.2529 158.803 47.9399 20.0915 48.1656 35.4102 355.96
423684599.488 2943.27 149.272 55.4096 158.609 47.8461 30.7989 100.796 62.9648 38.6065
424142077.806 2536.21 149.494 55.3698 158.587 47.978 33.6393 98.4043 76.0641 35.3081
426753103.252 3055.45 149.564 55.4549 158.447 47.9793 22.5955 79.2255 36.4599 10.5151
429005873.342 2672.3 149.564 55.343 158.599 48.025 41.028 30.1569 87.5703 28.3578
430461871.067 3157.22 149.492 55.3991 158.548 47.9645 2.65747 153.944 51.2176 337.296
432195506.483 2720.32 149.555 55.2538 158.724 48.0569 31.8926 290.281 47.6235 340.176
432296613.57 3841.66 149.411 55.2627 158.762 47.978 57.8184 359.149 81.4585 34.7761
432754366.107 3513.64 149.264 55.3409 158.706 47.8698 43.6756 350.686 73.5027 36.0982
434003393.304 2645.85 149.502 55.4562 158.467 47.9464 31.2827 136.851 81.1626 353.386
435799506.164 3885.07 149.487 55.3227 158.654 47.9932 26.533 5.04533 43.0004 14.5504
436166110.196 2796.34 149.404 55.4069 158.567 47.916 21.2738 286.958 31.4773 344.816
437664033.364 3106.46 149.476 55.402 158.549 47.9552 6.87775 8.43565 54.8139 28.9397
445643605.575 2854.87 149.364 55.3966 158.596 47.8993 21.0427 188.655 31.541 15.5151
445791766.616 3365.12 149.238 55.3772 158.665 47.8419 34.2408 202.116 48.2928 35.4597
446226725.688 3935.31 149.516 55.4159 158.516 47.9705 12.6782 164.684 38.5115 22.0856
449051595.416 3376.77 149.549 55.4721 158.429 47.9643 40.245 227.816 69.0605 17.8516
449075965.375 3755.32 149.59 55.3572 158.571 48.0324 46.914 108.877 53.1355 321.889
450938395.071 2587.97 149.376 55.2936 158.732 47.9472 15.1946 140.027 43.9587 31.6262
451795703.503 3617.72 149.367 55.2836 158.749 47.9467 19.9125 208.842 68.6187 32.9639
453341632.857 3223.54 149.271 55.3571 158.681 47.8669 24.0553 68.1271 61.28 322.009
453375898.27 2987.21 149.52 55.3646 158.585 47.9935 23.2129 68.7951 59.7062 322.073
454245319.08 2711.04 149.337 55.2708 158.776 47.9363 63.6845 63.8343 86.2364 325.601
455969975.419 3031.39 149.509 55.3667 158.586 47.9867 7.95468 291.103 54.5703 17.0655
456558321.785 3073.22 149.264 55.3749 158.659 47.856 24.212 193.205 73.8751 30.1719
456873097.62 3974.02 149.512 55.4486 158.474 47.9546 32.0031 240.311 81.8238 21.4052
458211705.816 3001.96 149.331 55.4716 158.505 47.8518 9.85442 133.916 45.0931 348.783
459022201.233 2691.8 149.498 55.386 158.564 47.9733 55.0506 49.9792 73.3266 32.9359
459732177.245 2678.13 149.671 55.3816 158.509 48.0646 20.7941 345.416 37.7336 354.228
461206479.225 2667.56 149.207 55.4679 158.552 47.7892 25.6245 125.731 75.5292 20.6532
461561827.819 2615.76 149.628 55.2864 158.654 48.0815 30.5383 249.736 80.5281 345.786
462750050.411 2536.6 149.248 55.2703 158.808 47.8898 38.4903 56.4026 67.9431 16.3481
463573314.459 3518.0 149.549 55.4198 158.5 47.9859 29.5741 19.3848 41.693 22.9488
465781028.346 3014.12 149.489 55.4152 158.527 47.9567 41.9199 214.473 89.7058 333.337
466437143.646 3558.48 149.391 55.3654 158.629 47.9262 37.5332 75.0671 84.7198 16.3081
469066860.33 3966.46 149.583 55.4834 158.402 47.977 28.7593 105.751 38.2333 6.51607
471306978.132 3235.51 149.497 55.3391 158.628 47.992 40.4214 44.1978 87.1459 21.2376
473490959.097 3919.15 149.241 55.3926 158.643 47.8371 18.7239 191.83 36.6024 358.686
476885110.854 2547.03 149.402 55.4113 158.562 47.913 49.83 225.679 72.1165 27.0132
476885673.153 3051.76 149.552 55.3753 158.56 48.0055 27.3659 234.407 46.542 13.5569
478051692.944 2815.52 149.277 55.38 158.648 47.8606 21.1541 127.123 34.92 3.91046
478406166.163 2978.18 149.561 55.3332 158.614 48.0275 20.629 94.3267 47.7925 357.477
479160219.744 3707.38 149.165 55.3546 158.721 47.8129 19.0212 331.794 66.3854 12.7104
480761770.227 3145.63 149.376 55.4532 158.514 47.8828 19.0773 103.253 58.8886 323.419
481560059.828 3167.61 149.378 55.4573 158.508 47.882 45.9118 203.54 65.4971 26.5728
482062863.52 3720.06 149.408 55.3697 158.617 47.9333 43.8761 175.221 58.1207 33.1218
483709587.669 3185.63 149.403 55.3783 158.607 47.9268 27.8719 327.417 71.8159 359.808
484584287.095 3206.07 149.626 55.3576 158.558 48.0512 24.2381 53.915 77.6594 344.099
485847103.572 2618.29 149.351 55.3752 158.629 47.9015 11.1869 140.518 39.4605 346.452
488244952.137 2533.0 149.301 55.2758 158.782 47.9156 43.9231 65.3174 86.1419 28.3087
489310689.839 3719.95 149.423 55.2311 158.801 47.997 18.7134 323.89 73.3865 330.559
489870784.032 2719.67 149.418 55.3746 158.607 47.9364 14.444 3.08491 57.4051 325.526
490008912.23 3670.95 149.495 55.4283 158.507 47.9545 52.9214 28.0345 88.4632 331.966
490624585.592 3658.85 149.312 55.3843 158.63 47.8775 17.1185 32.2654 36.7761 335.131
490761616.112 2803.64 149.313 55.4448 158.547 47.8534 17.9924 33.1779 33.9351 340.39
494579691.624 3540.8 149.405 55.4452 158.515 47.9009 26.7908 321.901 61.6774 321.639
496778470.179 2897.53 149.393 55.4394 158.527 47.897 20.4455 232.074 50.1541 358.509
500252559.234 2599.75 149.451 55.5189 158.399 47.8945 20.5242 306.318 30.8663 5.91495
501851557.136 2652.84 149.501 55.4777 158.438 47.9371 14.5054 347.377 60.7199 33.6591
503818901.251 3092.25 149.489 55.4255 158.513 47.9523 13.8078 242.406 49.9421 327.264
504601316.454 3328.98 149.632 55.3254 158.6 48.067 22.1704 224.673 34.859 335.06
505285278.407 2798.87 149.676 55.4169 158.459 48.0527 55.4215 233.24 75.2413 35.7659
506977460.122 2752.13 149.267 55.4991 158.489 47.8072 27.0442 24.7579 76.9258 15.9115
507688113.51 3092.2 149.335 55.2862 158.756 47.9287 36.1043 166.823 81.9912 326.588
509240250.261 3518.36 149.461 55.3863 158.576 47.9535 26.1893 209.991 38.4741 17.8441
510439516.075 3886.93 149.441 55.3684 158.607 47.9507 21.9007 180.357 49.8283 36.8712
510844205.471 3692.28 149.575 55.4292 158.478 47.995 47.0946 170.413 84.4013 29.9712
511984589.859 2832.23 149.182 55.3462 158.726 47.8251 36.4484 93.522 85.0969 325.268
512258127.645 3435.99 149.412 55.3196 158.684 47.9552 20.2292 23.6848 70.1484 332.4
513234560.712 2728.17 149.241 55.3571 158.691 47.8515 50.1762 348.421 41.5839 351.831
516930750.335 2803.62 149.19 55.4017 158.648 47.8067 34.114 254.049 79.0 8.39746
517458594.662 3441.05 149.623 55.3272 158.6 48.0619 50.9188 76.7104 88.8575 331.902
519170907.221 3894.93 149.607 55.3411 158.587 48.0476 25.7351 18.6694 42.0962 346.872
520564124.055 2562.12 149.407 55.238 158.797 47.9859 22.6612 220.586 72.6555 23.8737
521765244.7 3333.7 149.183 55.4112 158.637 47.7994 7.8763 293.575 57.883 334.5
527256007.244 3828.97 149.329 55.3851 158.623 47.8855 52.5438 306.807 51.8725 322.139
529425371.883 3093.34 149.271 55.4875 158.503 47.8143 29.737 68.671 63.4585 27.3317
529459098.168 2591.9 149.567 55.4634 158.434 47.977 24.8888 7.77079 70.5746 36.2579
529801818.659 2558.67 149.365 55.414 158.571 47.8927 31.953 22.0015 80.5916 34.9718
530428008.686 2513.94 149.243 55.4507 158.563 47.8142 42.6234 279.049 89.9759 334.04
532757541.239 2838.34 149.337 55.3126 158.719 47.9191 43.121 222.217 59.4231 332.583
533505412.674 3430.72 149.238 55.3182 158.745 47.8654 52.8508 120.09 59.2831 354.566
535774621.56 2819.61 149.227 55.4708 158.541 47.7983 31.5146 217.12 64.178 321.61
536601198.754 3224.47 149.577 55.334 158.607 48.0354 35.922 263.89 50.4875 25.1857
537093695.518 3308.1 149.305 55.3933 158.62 47.8699 40.4537 160.804 53.4428 329.969
537434260.932 2559.39 149.483 55.333 158.641 47.9869 61.1707 223.699 84.8399 34.2231
538645838.145 2701.58 149.276 55.4652 158.532 47.8255 20.6453 263.929 68.6106 34.2079
539910969.209 3358.97 149.359 55.3583 158.649 47.9123 68.5945 142.516 72.548 323.426
546957661.022 2836.06 149.366 55.2454 158.801 47.9617 47.0233 124.789 73.8108 36.2497
547209457.71 3048.63 149.396 55.3519 158.645 47.9337 22.0066 141.163 55.8851 37.7605
549090445.118 3108.68 149.383 55.4762 158.48 47.8767 12.9194 291.914 61.7413 341.63
551437125.722 3017.64 149.429 55.4514 158.498 47.9104 22.0749 81.1142 46.3084 35.6548
553021299.345 2664.48 149.237 55.3372 158.72 47.8575 38.4083 324.852 83.0015 329.066
554918138.838 2904.82 149.327 55.3605 158.657 47.8943 53.8449 352.518 72.1194 323.98
555311435.046 3958.42 149.351 55.3989 158.596 47.8916 27.38 345.068 37.9105 337.448
555334640.886 2662.07 149.37 55.3412 158.669 47.9248 40.8516 338.498 54.1827 329.08
558831865.117 3358.23 149.156 55.3211 158.769 47.8213 57.4066 322.088 88.1146 329.528
558910944.288 3662.76 149.351 55.4392 158.542 47.8751 24.7369 312.776 50.4928 322.407
559487274.044 2988.2 149.305 55.3134 158.729 47.9024 20.1782 321.888 32.1427 342.412
559750673.5 2996.24 149.473 55.3824 158.577 47.9614 45.829 291.996 60.2798 325.946
564092779.621 2538.58 149.647 55.3729 158.529 48.0556 62.0535 256.331 86.733 325.448
565313246.078 2923.6 149.444 55.31 158.686 47.9761 8.09906 265.607 43.2484 24.4917
565438933.766 2886.58 149.414 55.5398 158.383 47.8667 3.60787 246.347 46.4639 22.3905
566096763.52 3780.2 149.519 55.3572 158.595 47.9956 37.1549 143.722 81.7972 347.254
567526314.584 2957.75 149.253 55.2719 158.803 47.8921 45.4484 219.506 82.6978 328.942
567953755.012 3561.34 149.395 55.2813 158.742 47.962 53.0405 149.233 48.8687 324.158
568256907.703 2924.56 149.503 55.3839 158.565 47.9764 44.4342 205.453 65.7185 322.124
568364365.865 2634.49 149.53 55.259 158.726 48.0412 16.2307 259.76 34.59 353.061
574184471.964 2752.57 149.428 55.27 158.746 47.984 20.4966 169.022 42.0584 32.9774
574835643.982 3806.59 149.409 55.4892 158.454 47.8847 5.3759 234.396 54.3928 27.1908
576197421.957 3639.55 149.345 55.3655 158.644 47.9018 32.6172 90.721 79.3896 324.871
576899975.724 3087.08 149.518 55.3614 158.59 47.9934 39.8919 108.296 72.0145 323.475
577179287.907 2892.56 149.639 55.3203 158.604 48.0728 24.9264 102.999 50.502 322.254
577265022.462 3814.77 149.411 55.3661 158.621 47.9357 29.6384 101.458 52.5697 321.436
577458373.467 3445.9 149.526 55.3472 158.606 48.0034 16.8185 168.41 36.3711 357.166
579291092.24 3808.51 149.415 55.4657 158.483 47.8977 10.6194 152.481 52.6537 32.2294
580114393.986 3620.62 149.566 55.3696 158.562 48.015 29.5182 291.911 78.9952 4.01248
580218145.44 3238.96 149.423 55.3524 158.635 47.948 38.6541 347.137 87.5577 331.559
582832731.629 2879.83 149.272 55.3536 158.686 47.8686 36.6652 84.0951 49.9295 34.6882
584260211.153 3973.36 149.405 55.488 158.456 47.8833 18.6849 76.4526 70.0738 36.4091
587956425.834 2796.66 149.311 55.4012 158.607 47.8697 26.4756 17.876 49.3078 37.5456
