239782257.671 5401.24 149.494 55.3971 158.55 47.9665 42.7869 294.237 72.573 352.878
241755871.496 4087.83 149.469 55.3099 158.677 47.9893 12.7736 219.804 47.7611 337.097
243315182.679 4451.2 149.538 55.418 158.506 47.9806 14.9232 25.0547 36.3595 27.1458
244438559.83 4891.13 149.3 55.4214 158.583 47.8562 38.8537 17.0811 69.7464 37.0779
253216631.246 4945.49 149.364 55.3793 158.619 47.9065 30.3642 124.543 56.5564 354.947
254421063.542 5497.25 149.539 55.4153 158.509 47.9827 47.7681 119.024 80.9129 2.66705
255338805.135 5310.5 149.322 55.3239 158.709 47.907 29.8239 292.489 66.9455 3.21846
258906769.527 4971.06 149.393 55.3455 158.655 47.935 45.0106 283.107 79.9605 3.76942
261316266.156 5310.81 149.48 55.2996 158.688 47.999 11.8674 71.1942 32.0305 344.065
261499610.415 5230.23 149.439 55.4562 158.488 47.9139 6.00812 87.079 30.3856 358.295
262915280.018 5586.51 149.427 55.3171 158.682 47.9645 32.2041 197.664 64.8903 36.0327
264407415.82 4016.09 149.336 55.2934 158.746 47.9268 45.9708 258.14 79.2023 13.0911
276555048.751 5503.23 149.467 55.314 158.673 47.9865 44.3843 331.426 81.5504 31.8524
281546659.583 5502.61 149.368 55.3875 158.607 47.9049 17.7543 81.9913 67.0713 19.2659
283269071.288 4137.96 149.487 55.3942 158.556 47.964 25.487 217.047 58.6935 321.547
283279068.582 4156.03 149.382 55.4735 158.484 47.8776 33.7278 13.645 66.1575 11.808
284299682.361 5714.58 149.574 55.3595 158.574 48.0232 41.1385 250.717 54.8238 30.9724
286047839.606 4458.75 149.429 55.3894 158.583 47.9361 44.3965 211.094 86.9789 27.3716
292491652.357 5342.8 149.393 55.3474 158.652 47.9344 2.05969 174.375 47.999 338.051
293615332.073 4810.84 149.429 55.3405 158.65 47.9559 20.3522 125.154 29.7725 1.00569
294010648.792 3987.68 149.481 55.4503 158.482 47.9382 22.9983 134.739 36.3971 27.221
297241412.429 5949.82 149.502 55.3269 158.643 47.9993 30.6017 58.3442 59.2157 320.967
297727228.581 5548.16 149.484 55.4589 158.469 47.9359 38.7052 139.295 56.9287 23.1819
299769826.121 5665.63 149.466 55.39 158.569 47.9548 31.1534 313.633 71.8093 354.518
302523615.887 5593.8 149.504 55.3567 158.601 47.9882 40.3718 352.99 55.6264 323.11
302670912.429 5010.07 149.527 55.448 158.469 47.9629 49.4711 42.8961 66.1847 31.8176
305815457.248 5552.89 149.513 55.3895 158.554 47.9796 14.4498 195.94 64.3144 336.83
309449788.477 4604.55 149.392 55.4795 158.473 47.8799 28.9998 23.6828 77.6796 34.6693
312434332.397 4154.0 149.278 55.4391 158.567 47.8373 52.8003 220.149 71.1992 329.015
314510080.471 4303.6 149.499 55.3802 158.571 47.9759 30.3785 131.836 80.2352 339.761
317043558.705 4225.04 149.237 55.3651 158.682 47.8461 39.3549 227.911 54.6458 36.6598
325789867.982 5369.5 149.444 55.3381 158.648 47.9645 25.8945 152.82 36.6114 19.8629
327132480.953 4157.37 149.377 55.4027 158.583 47.9037 38.9455 1.01514 72.053 344.928
328360180.803 6101.99 149.492 55.3137 158.664 47.9996 32.4159 351.153 81.883 329.049
329023639.628 5608.04 149.562 55.3907 158.535 48.0045 47.7205 233.001 88.7335 23.7156
333945517.425 4946.69 149.438 55.3987 158.567 47.9367 24.4373 355.757 59.0857 321.784
333968002.366 4135.62 149.337 55.3956 158.606 47.8856 6.84556 352.521 49.5088 331.27
335377494.536 5120.18 149.533 55.3379 158.617 48.011 24.7864 18.9739 36.348 26.7289
337067839.517 5518.54 149.284 55.4282 158.58 47.8452 34.0236 23.7325 81.3471 34.477
339679115.889 4327.74 149.27 55.3599 158.678 47.8656 37.9542 282.724 50.4799 326.842
341253513.98 5334.84 149.301 55.3087 158.737 47.9022 35.745 326.188 75.897 35.1561
342719247.832 4355.8 149.367 55.4554 158.514 47.877 46.3068 269.322 89.4919 335.286
344740674.884 4814.41 149.427 55.3999 158.569 47.9306 18.1196 254.369 31.9189 10.8541
345369996.789 4253.3 149.507 55.3195 158.651 48.0051 42.6084 261.682 71.6325 36.7656
346743051.841 4828.67 149.345 55.4037 158.592 47.8868 39.6703 180.593 88.6444 325.556
346850281.581 4415.98 149.273 55.4245 158.589 47.8406 31.9162 84.8497 81.2321 5.21248
356332852.165 4274.8 149.348 55.3861 158.615 47.8955 37.0337 92.3317 83.0077 327.434
359396043.124 4563.19 149.479 55.3691 158.593 47.97 32.7595 115.127 66.6522 38.0586
363460526.429 6078.49 149.519 55.4082 158.526 47.9752 13.6765 21.8341 36.5441 12.5243
363564134.221 5517.73 149.364 55.3625 158.642 47.913 26.6821 342.06 49.4338 349.605
366831862.246 5336.82 149.484 55.3841 158.571 47.9667 51.6004 343.569 72.6476 323.534
367483577.084 4189.24 149.285 55.3866 158.636 47.8622 22.2991 9.4144 32.4115 17.5986
370104346.739 4734.79 149.314 55.3855 158.628 47.8778 34.5992 291.454 81.3801 325.791
370733550.642 5337.73 149.492 55.3067 158.674 48.0026 46.1788 4.04992 50.9153 337.499
372085292.828 6228.12 149.518 55.4042 158.532 47.9759 19.8051 305.206 29.9187 2.93032
374084867.353 5147.33 149.405 55.4344 158.53 47.905 30.5863 102.94 78.5682 9.70179
375975251.423 4385.55 149.386 55.4503 158.515 47.8891 42.8858 342.466 63.5086 24.0706
378507684.88 4817.79 149.397 55.3539 158.642 47.9337 22.6942 46.8813 72.6558 22.8866
380033376.845 4333.03 149.48 55.4697 158.456 47.9296 33.7776 162.569 57.2319 322.015
384879978.32 5896.88 149.266 55.3525 158.689 47.8661 25.4423 133.962 51.8781 321.948
388133561.838 4637.63 149.346 55.4119 158.581 47.8837 32.7443 352.334 82.4128 335.561
390045458.302 4265.61 149.535 55.3584 158.588 48.0036 41.6575 164.682 57.4461 27.6705
390727278.116 4347.08 149.421 55.3197 158.681 47.9604 24.4201 116.026 37.3838 28.8581
391694281.519 4717.81 149.523 55.4134 158.518 47.9749 35.9632 101.445 71.9172 36.5239
399594677.659 4042.09 149.265 55.3399 158.707 47.8707 32.8325 319.175 44.0662 330.679
405063947.054 5035.11 149.479 55.3426 158.629 47.9811 41.5256 214.198 67.1686 340.19
406254879.36 4522.63 149.36 55.472 158.494 47.8667 34.8528 142.208 83.4021 346.508
409295331.674 4226.09 149.256 55.3395 158.71 47.8664 29.062 190.549 45.4609 343.445
412330381.488 5893.45 149.327 55.4518 158.533 47.8578 16.3247 184.683 49.1571 325.504
412821667.239 3995.61 149.552 55.4097 158.512 47.9915 28.0953 240.789 45.473 15.5464
413273625.14 5946.32 149.312 55.3674 158.653 47.8841 36.1131 220.245 48.6545 29.6128
413817889.711 5931.4 149.34 55.386 158.618 47.8913 17.2954 173.028 32.8059 12.2087
422800085.688 4855.32 149.512 55.3548 158.601 47.9932 65.1482 48.3911 87.0941 326.051
425306193.175 4137.1 149.43 55.4107 158.553 47.9278 8.69604 279.738 70.0337 332.349
425833469.359 4889.11 149.235 55.3788 158.664 47.8394 38.7472 33.1307 74.3437 324.422
439691138.648 4832.11 149.414 55.3095 158.697 47.9609 30.6639 241.386 65.3279 321.626
449474592.932 3991.66 149.292 55.321 158.723 47.8924 43.7584 208.18 63.7213 24.9959
450377687.634 5069.47 149.386 55.372 158.622 47.9206 44.7604 163.218 61.1265 36.7721
450389530.606 4492.51 149.431 55.3464 158.641 47.9545 28.6728 156.837 42.0849 33.0513
451133046.021 4009.29 149.425 55.3123 158.689 47.9653 4.68031 56.5594 46.0902 18.905
458921616.157 4386.96 149.337 55.3644 158.649 47.8984 56.4501 7.21944 75.4944 324.318
459217875.373 4228.66 149.379 55.4668 158.495 47.8787 23.9639 10.3106 33.9025 341.203
459994514.663 5416.6 149.475 55.4011 158.551 47.9548 15.1154 29.7027 41.0255 28.9719
461012594.99 5879.37 149.471 55.3914 158.566 47.9568 26.9196 241.49 74.133 4.35311
462854624.907 4204.75 149.372 55.2863 158.743 47.9484 35.2699 329.885 61.6997 321.011
464362150.541 5393.52 149.516 55.3298 158.634 48.0053 17.0761 332.632 36.1125 23.8581
465703914.411 4404.73 149.557 55.4129 158.506 47.9927 41.192 345.542 88.4078 27.9651
467644213.785 5057.49 149.499 55.4274 158.507 47.9569 14.8745 298.832 38.5613 334.613
468307295.771 6067.16 149.459 55.4346 158.511 47.9329 30.4903 258.022 41.427 331.204
471006259.135 4246.37 149.263 55.4374 158.575 47.8302 33.6396 212.902 81.1479 325.214
472171509.754 4473.3 149.361 55.3627 158.643 47.9113 25.1146 196.435 47.3963 323.251
474359097.943 5895.59 149.491 55.3677 158.591 47.9771 58.4056 227.385 56.5271 25.0888
474645307.799 6000.63 149.318 55.3861 158.626 47.8797 22.807 86.8409 69.711 8.97636
479627548.501 4045.25 149.318 55.2981 158.745 47.9154 37.7734 207.031 86.5294 34.3271
485241062.249 5300.88 149.434 55.4486 158.5 47.9146 23.9753 246.707 64.6227 359.043
490487329.787 4390.14 149.523 55.4514 158.466 47.9594 12.2262 61.1673 37.8141 343.173
492456640.648 4128.28 149.492 55.3324 158.639 47.9917 62.6679 29.557 83.9988 30.7691
502926307.866 4273.47 149.482 55.4667 158.459 47.9317 36.1376 73.282 84.3346 15.6364
504465031.812 5572.94 149.366 55.3355 158.678 47.9249 50.5656 210.77 70.0327 323.175
506702784.943 4828.65 149.372 55.3199 158.697 47.9345 18.0139 318.671 67.9332 28.5018
511113637.319 5422.65 149.321 55.429 158.566 47.8636 42.1626 236.548 63.9105 32.7776
511313466.833 4626.91 149.4 55.4268 158.542 47.9054 54.6191 231.665 71.4542 33.9332
521583179.408 5849.57 149.51 55.3185 158.651 48.0067 24.4757 10.8346 72.128 323.376
531773947.289 5274.85 149.313 55.428 158.57 47.8599 48.3984 92.0997 46.9905 14.946
532465393.1 4668.09 149.409 55.4016 158.573 47.9207 4.7979 324.997 30.1618 7.59174
533492441.306 5880.87 149.498 55.3982 158.547 47.9679 36.5808 285.361 68.4323 37.6205
534837929.203 5509.68 149.474 55.4736 158.452 47.9245 36.4241 195.95 85.0822 325.432
535859306.548 4905.49 149.327 55.3468 158.676 47.9004 9.00835 351.803 47.2968 347.904
540486060.9 4795.06 149.422 55.4505 158.502 47.9073 37.5752 240.448 66.7649 15.7585
542800138.865 5278.51 149.362 55.3804 158.618 47.9047 61.1715 227.69 58.5459 3.59508
547689653.801 4686.83 149.406 55.4257 158.541 47.9089 12.9417 237.43 62.9413 26.3126
559344150.006 6166.35 149.339 55.4183 158.574 47.8771 20.2657 7.47135 35.44 5.25037
560331562.319 4632.08 149.363 55.3842 158.613 47.9035 33.8112 344.894 51.7846 37.8267
563029777.832 4264.68 149.515 55.4335 158.493 47.9626 15.5498 267.662 57.6092 324.306
563858328.728 5028.8 149.411 55.419 158.549 47.9142 49.5347 255.02 69.1464 323.102
564856733.443 5920.91 149.475 55.4679 158.46 47.9275 18.4635 233.132 35.3227 359.604
566405061.456 5491.13 149.3 55.3491 158.682 47.885 32.811 124.913 81.5171 352.455
567291491.263 4073.64 149.347 55.3847 158.617 47.8951 32.758 180.106 68.1067 323.976
568559287.525 4615.12 149.461 55.4467 158.493 47.9291 37.5009 176.316 52.3053 323.379
569129933.646 4524.74 149.322 55.354 158.668 47.8947 25.8664 185.493 36.9125 341.854
570401681.74 4378.99 149.551 55.3487 158.596 48.0158 43.0688 208.799 83.22 30.5693
572529476.797 4916.54 149.393 55.4515 158.51 47.8919 22.9838 153.38 51.4575 322.607
579863520.389 6185.2 149.42 55.3899 158.585 47.9311 36.8566 330.107 82.5445 346.98
586117821.644 4414.21 149.528 55.4556 158.458 47.96 27.4096 78.5251 58.098 6.54918
587671240.65 5420.64 149.297 55.3656 158.66 47.8769 20.1117 11.4917 36.0942 26.2335
