241120618.219 27070.8 149.332 55.3452 158.677 47.9034 55.096 335.348 87.2693 332.339
249659458.158 25556.3 149.303 55.4067 158.602 47.8638 43.9619 83.336 78.9085 21.0191
260420878.0 33910.9 149.453 55.3737 158.596 47.9546 36.5714 244.87 59.3124 13.1476
271840813.77 28351.2 149.45 55.3769 158.593 47.952 36.2008 357.933 56.1255 36.2489
274229658.89 35768.6 149.433 55.3138 158.685 47.9687 50.8535 327.078 80.1862 326.256
282764822.484 28411.8 149.363 55.4644 158.504 47.871 34.0325 217.569 77.4049 325.265
288706042.554 34857.8 149.453 55.3752 158.594 47.9541 24.8499 154.459 37.6497 330.933
294537347.544 25783.1 149.535 55.4325 158.487 47.9732 46.8606 132.09 71.8307 36.6341
300054389.575 37696.4 149.337 55.3755 158.633 47.894 42.1129 55.2878 87.4527 27.4968
300687034.463 37076.4 149.446 55.4078 158.552 47.9374 32.7113 251.577 82.2485 10.8049
302281132.544 37124.9 149.553 55.3552 158.587 48.0141 44.1263 54.87 64.3452 25.0655
306595680.537 28045.0 149.473 55.3205 158.662 47.987 20.9525 312.145 47.6296 324.032
316322615.931 25429.0 149.44 55.3954 158.571 47.939 33.6847 197.077 48.1822 323.969
338212324.565 33937.4 149.438 55.367 158.61 47.9497 39.6101 313.641 80.3974 327.448
343812289.284 30203.0 149.437 55.3634 158.615 47.9509 10.2717 93.7494 34.7314 354.046
394056686.749 25759.5 149.537 55.3775 158.562 47.9968 49.0981 346.001 54.6109 321.294
408419696.562 39777.9 149.421 55.3925 158.581 47.9306 31.8383 228.096 45.6322 325.037
426621903.319 32852.9 149.363 55.4045 158.585 47.8954 16.6807 54.8842 33.9376 343.367
433315563.658 25301.1 149.449 55.3971 158.565 47.9431 17.6905 32.0271 64.6296 34.3422
435456837.281 29410.4 149.389 55.3605 158.636 47.9269 9.79352 336.629 40.1524 342.136
465864105.958 25381.9 149.436 55.3554 158.627 47.9536 40.4092 359.356 88.9712 30.9979
470788220.237 28821.8 149.406 55.3491 158.646 47.9403 30.323 152.029 80.0503 334.273
506623159.19 27193.5 149.453 55.3461 158.633 47.9659 17.11 40.9033 66.0039 17.8965
509994459.103 33634.7 149.486 55.4281 158.51 47.9498 16.9936 157.222 33.4375 15.3337
514015893.416 32920.1 149.468 55.3549 158.616 47.97 61.1876 170.224 81.0695 34.317
517948772.284 31650.5 149.465 55.3491 158.625 47.9711 23.8171 65.9464 44.9751 324.452
531261125.096 35352.4 149.43 55.3783 158.597 47.9408 24.8888 266.841 57.0391 321.621
532533096.49 31487.1 149.33 55.3365 158.689 47.9059 45.7035 310.092 61.0372 35.5169
540201286.574 26656.0 149.405 55.4207 158.548 47.9105 6.28892 337.154 53.3555 342.189
549587256.441 33657.4 149.285 55.3765 158.65 47.8664 29.416 296.737 46.9174 348.648
588195942.745 29803.8 149.417 55.4718 158.474 47.896 40.4484 30.9837 63.6932 38.5232
