239694284.08 1278.47 149.345 55.4251 158.563 47.8778 49.6255 34.0833 77.6295 33.9728
239794003.949 1435.61 149.578 55.5757 158.278 47.9365 51.9356 306.513 81.2195 343.73
240171188.298 1202.5 149.422 55.3193 158.681 47.961 36.9495 73.6155 71.7491 30.1622
240298068.401 1300.39 149.168 55.5649 158.433 47.7298 59.4179 20.8059 76.805 9.75341
240699861.647 1246.29 149.477 55.1741 158.86 48.0482 61.4022 1.00535 80.3972 358.902
241200707.954 1082.11 149.699 55.1879 158.764 48.1587 49.1498 329.291 81.4203 327.274
241755265.734 1566.04 149.873 55.3574 158.471 48.1791 30.3788 94.9411 57.5671 3.3538
241950955.449 1368.0 149.424 55.3653 158.618 47.9431 10.5595 256.01 43.4277 333.14
242936462.549 1213.7 149.132 55.2257 158.908 47.8473 30.1229 33.7812 44.7858 30.4363
242983027.255 1066.07 149.286 55.3823 158.642 47.8647 8.53724 283.858 30.8466 351.771
243256772.87 1186.93 149.4 55.5718 158.345 47.8462 68.496 17.3083 85.4865 34.3173
243979643.165 1021.38 149.417 55.2673 158.753 47.9796 45.1377 6.0406 68.8594 37.6469
244565784.611 1038.99 149.899 55.2996 158.541 48.2165 31.3046 102.569 65.5398 15.7606
244610816.588 1303.81 149.291 55.4199 158.589 47.852 36.3868 34.2262 69.7528 35.7217
244667453.305 1032.7 149.807 55.3133 158.555 48.1632 54.1523 350.795 86.1383 28.815
245633484.597 1572.75 149.656 55.3508 158.557 48.0694 38.1078 133.467 72.6677 345.458
245977563.956 1494.72 149.689 55.5541 158.268 48.0027 30.1186 119.947 63.2394 349.199
246207294.334 1507.33 149.287 55.3284 158.715 47.8871 17.7932 158.996 52.697 337.897
247021913.83 1506.37 149.777 55.4574 158.369 48.0882 19.4245 240.285 40.0608 328.136
247468268.464 1181.59 149.581 55.6508 158.174 47.9071 27.4029 9.18375 42.8861 27.302
247835894.1 1440.03 149.255 55.4539 158.555 47.8197 8.82476 216.447 32.5955 356.358
248237963.431 1141.32 149.009 55.3307 158.806 47.7411 43.1698 187.442 62.0306 338.605
248374918.051 1216.72 149.277 55.3993 158.622 47.8529 11.3013 143.972 41.7522 6.98823
248477739.949 1501.85 149.277 55.1202 159.003 47.9654 11.7592 18.9787 43.6859 28.488
249878190.339 1180.78 149.23 55.103 159.042 47.9479 45.5007 118.806 80.4436 352.277
250050136.51 1202.6 149.011 55.3607 158.765 47.7301 44.694 109.961 79.3477 357.064
250280499.734 1056.52 149.392 55.2924 158.728 47.9561 36.471 164.244 71.1621 328.832
252586117.381 1123.79 149.502 55.346 158.617 47.9918 40.8378 162.203 56.9483 334.79
252779109.537 1032.45 149.489 55.0975 158.961 48.0857 58.4923 234.362 76.6811 35.9129
252791001.551 1388.73 149.279 55.3804 158.647 47.8616 37.4712 254.095 56.1709 38.606
253101583.114 1156.58 149.175 55.5306 158.478 47.747 13.6998 96.0399 44.8261 8.13548
253905386.9 1420.42 149.58 55.4724 158.417 47.9801 53.1388 131.681 85.1311 342.522
253984612.186 1543.0 149.492 55.2514 158.75 48.0247 25.6225 41.5458 70.4962 21.3055
254213655.376 1453.23 149.667 55.1398 158.841 48.1613 43.9659 248.706 78.7194 30.9873
254317634.396 1085.56 149.234 55.4767 158.531 47.7993 50.7869 133.142 79.8954 9.77254
254764908.724 1196.9 149.51 55.4678 158.448 47.9459 57.2593 186.079 83.7125 13.7939
255466960.486 1353.24 149.202 55.5236 158.478 47.764 57.5521 170.925 83.9378 329.645
256153873.719 1021.61 149.114 55.524 158.507 47.7183 7.51184 124.785 36.1225 337.524
257151082.588 1351.35 149.35 55.6569 158.246 47.7858 16.4564 219.843 37.3418 28.1681
257380872.516 1266.51 149.396 55.3287 158.677 47.9434 6.65952 54.7431 36.3669 6.01027
258148825.616 1328.5 149.025 55.2828 158.866 47.7685 22.4853 243.135 56.4622 31.4981
260273166.51 1084.61 149.307 55.6626 158.253 47.7612 31.3807 89.8189 57.5562 321.715
261034406.403 1517.94 149.542 55.1716 158.841 48.0832 55.0801 253.66 52.4763 26.5279
261040635.334 1361.49 149.042 55.1746 159.008 47.8205 11.6696 206.817 33.528 7.23937
261970096.864 1258.83 149.274 55.1764 158.927 47.9412 20.1243 17.9097 41.8662 350.741
262933620.363 1215.15 149.307 55.3147 158.727 47.9031 36.4281 304.812 68.3361 2.35558
263967056.003 1226.04 149.181 55.3948 158.661 47.805 37.2127 351.861 76.0768 330.228
264518052.516 1181.44 149.449 55.5253 158.391 47.8906 30.429 38.6642 64.623 322.834
264597080.424 1101.49 149.723 55.6239 158.161 47.9912 42.1991 278.165 64.0314 0.617567
264969936.548 1456.07 149.344 55.5157 158.44 47.8406 25.986 252.809 51.3323 2.04578
265274970.637 1353.55 149.177 55.2703 158.832 47.8533 34.6101 39.8858 54.1543 321.211
265303998.945 1384.01 149.329 55.2559 158.799 47.938 21.0103 315.68 70.4602 322.868
265365893.173 1003.61 149.711 55.2466 158.68 48.1407 70.3295 298.693 35.8218 354.966
265520658.46 1014.42 149.381 55.3721 158.623 47.9183 9.26191 185.774 34.3287 1.2632
266278191.081 1048.49 149.566 55.5377 158.333 47.9459 27.4385 2.85046 44.0103 338.099
266835230.591 1549.04 149.261 55.3896 158.64 47.8488 67.069 348.861 88.7265 329.986
267092724.107 1387.56 149.062 55.4032 158.69 47.7396 49.6628 317.286 67.5425 346.017
267389969.563 1325.61 149.797 55.2122 158.697 48.1995 21.0047 218.942 55.9846 25.5395
267916510.166 1126.3 149.173 55.2181 158.904 47.8717 51.6659 67.3502 84.9819 32.2704
268089557.696 1179.64 149.431 55.4616 158.484 47.9078 34.4598 225.421 79.2902 28.4871
268630051.157 1315.66 149.183 55.4311 158.61 47.7915 39.3814 301.2 74.3227 342.487
270166494.659 1301.05 149.315 55.5597 158.39 47.8074 29.4043 81.62 46.7044 20.4283
270270202.065 1367.82 149.587 55.5562 158.301 47.9495 8.35261 63.1336 31.6497 357.413
270740695.874 1161.58 149.591 55.2673 158.693 48.0699 16.6438 336.524 34.1731 344.466
270774644.445 1489.06 149.576 55.5468 158.318 47.9475 12.5395 53.0879 32.281 17.5135
271691309.738 1045.72 149.065 55.3017 158.827 47.782 40.1415 33.2929 66.5784 38.1842
271739097.637 1435.11 149.199 55.3429 158.725 47.8351 47.01 304.896 73.9257 342.157
271875977.819 1511.86 149.747 55.5784 158.215 48.0226 19.1445 212.96 54.8556 10.5919
272126541.362 1397.88 149.238 55.4129 158.617 47.8272 56.4534 16.4526 89.4155 25.2712
272335129.803 1530.34 149.833 55.436 158.378 48.1257 34.6692 252.974 74.0024 1.31024
272677887.642 1454.2 149.315 55.1945 158.888 47.9556 44.5385 47.4088 82.7246 35.0256
274102167.772 1034.06 149.191 55.4519 158.58 47.787 6.81828 66.6583 47.0548 344.882
274355031.679 1114.01 149.337 55.4785 158.493 47.8519 22.2017 320.013 47.6588 323.795
275135256.593 1042.97 149.739 55.15 158.802 48.195 47.2096 300.453 62.128 325.25
275685654.06 1549.73 149.551 55.5536 158.317 47.932 43.7677 277.485 62.2266 333.831
275753504.18 1377.06 149.203 55.6302 158.333 47.721 15.6709 312.236 34.6272 16.2314
276578217.084 1016.96 149.305 55.2121 158.868 47.9431 36.3031 339.954 73.6231 36.1246
276693754.881 1007.85 149.535 55.4276 158.494 47.9754 9.43661 54.9923 58.7841 28.2879
276761261.728 1022.39 149.398 55.5759 158.34 47.8437 47.3127 323.186 89.2399 25.1031
276819892.061 1379.0 149.191 55.2945 158.794 47.8505 13.2365 56.8137 62.7655 28.9967
277289734.279 1224.85 149.276 55.6678 158.257 47.7434 32.935 29.8014 81.9272 34.3089
278256149.564 1196.16 149.09 55.1919 158.968 47.839 29.1692 263.375 71.2784 322.956
278633212.885 1469.17 149.495 55.6603 158.192 47.8587 24.0015 53.6706 58.3389 2.40115
278737304.406 1063.09 149.555 55.413 158.507 47.9914 13.2634 270.608 48.59 327.134
279334437.684 1095.56 149.057 55.4506 158.627 47.7181 54.7924 261.02 75.9434 324.228
279470184.605 1256.24 149.305 55.1843 158.905 47.9546 37.2606 348.593 51.8013 25.7966
280433715.067 1264.65 149.419 55.2492 158.778 47.9878 23.1687 296.1 42.1687 33.8217
280491010.948 1046.78 149.316 55.4853 158.491 47.8386 23.5555 296.7 44.267 34.9045
280548210.689 1479.28 149.348 55.1835 158.892 47.9773 28.2567 297.387 49.7675 38.0547
280776897.061 1177.84 149.693 55.3615 158.529 48.0845 50.7963 274.979 80.1498 33.7224
282683342.508 1158.08 149.389 55.4364 158.533 47.8962 18.3115 112.104 67.4856 341.509
283464109.036 1360.48 149.785 55.3689 158.487 48.1287 31.771 217.225 58.8971 320.951
284128900.334 1549.95 149.397 55.6711 158.211 47.8042 28.1182 207.264 41.2135 328.415
284644051.57 1201.48 149.54 55.4186 158.505 47.9816 27.2481 242.36 38.9719 29.3731
285113998.848 1002.85 149.345 55.3533 158.661 47.9068 29.8444 231.99 50.3284 37.984
285791058.927 1137.55 149.834 55.3194 158.537 48.1745 5.30551 313.193 54.6053 26.8423
286043198.909 1071.6 149.304 55.1458 158.959 47.9692 14.6998 287.271 63.3438 31.6623
286352995.627 1454.74 149.85 55.5152 158.264 48.1019 23.6104 294.554 73.4887 28.7716
286881463.654 1403.98 149.06 55.5009 158.557 47.6995 23.7357 27.8236 80.9312 2.42402
287066762.784 1194.55 149.119 55.228 158.909 47.8397 35.7119 155.86 83.2561 325.845
287363336.405 1170.43 149.371 55.6294 158.276 47.808 26.6899 309.32 72.4639 359.205
287833981.463 1553.36 149.393 55.1738 158.89 48.0046 10.1154 291.803 50.9903 348.149
287869575.239 1243.27 149.656 55.3327 158.581 48.0769 37.8412 164.92 70.0399 322.776
287972752.148 1113.89 149.289 55.5452 158.419 47.8002 38.1557 163.257 68.1038 322.455
288592087.44 1062.06 149.734 55.4617 158.378 48.0642 51.0849 151.449 70.4531 323.479
288683195.86 1100.33 149.616 55.4156 158.482 48.0223 27.4206 152.264 40.8332 327.812
288958497.359 1033.94 149.19 55.2398 158.869 47.8722 32.6281 140.716 43.9153 329.009
290258798.287 1508.62 149.273 55.374 158.657 47.8615 24.2932 182.081 59.5036 38.1864
290689261.762 1388.81 149.681 55.2277 158.716 48.1331 29.2509 243.434 64.2795 30.4216
291437378.965 1288.76 149.087 55.3829 158.709 47.7608 39.9026 92.4138 88.8799 325.87
292583453.748 1515.39 149.236 55.2805 158.798 47.8795 5.46108 136.416 45.598 335.768
292869558.95 1228.75 149.222 55.5242 158.47 47.7739 24.3584 207.403 47.6956 8.13132
293184365.054 1491.8 149.0 55.3487 158.785 47.7291 48.4371 194.729 67.4025 28.265
293661408.95 1024.25 149.181 55.2207 158.898 47.8751 22.3741 100.939 31.7415 345.776
294372594.311 1098.41 149.683 55.4511 158.41 48.0423 22.9191 29.2282 46.0094 351.245
294923684.873 1116.24 149.149 55.2724 158.838 47.8377 47.604 2.33597 80.0608 340.097
295523468.207 1339.3 149.789 55.5829 158.194 48.0422 42.1791 133.934 84.2973 31.5269
295800401.899 1219.76 149.341 55.5138 158.444 47.8399 34.561 280.585 79.5226 9.03243
295972677.341 1009.77 148.969 55.2404 158.943 47.7565 35.763 289.217 80.755 0.00835842
296305278.608 1402.6 149.045 55.3215 158.807 47.7634 64.309 288.258 78.739 1.13536
296576183.525 1508.96 149.854 55.2354 158.645 48.2199 27.6359 29.4017 69.4243 323.821
296747993.956 1130.43 149.266 55.1879 158.914 47.9323 15.7881 28.8175 61.5331 325.672
296827602.727 1021.93 149.518 55.3223 158.643 48.0098 13.1176 259.904 58.539 346.983
297153455.031 1163.55 149.495 55.5108 158.395 47.9204 49.7457 203.511 82.2271 23.7582
297195416.806 1138.77 149.116 55.4552 158.601 47.7469 24.7708 57.7931 55.7213 321.772
298541954.005 1528.42 149.336 55.4456 158.538 47.8648 20.2032 74.4577 32.2276 17.3905
298749036.343 1266.45 149.246 55.1823 158.928 47.9245 30.4555 12.0546 46.1023 341.486
299011899.467 1091.1 149.646 55.4348 158.446 48.0295 18.3834 77.6992 42.1246 31.9046
299379145.908 1217.86 149.395 55.0988 158.992 48.0358 3.44521 17.136 46.6917 20.8548
299517963.702 1076.09 149.434 55.328 158.665 47.9637 57.2327 326.492 82.6507 338.022
299998561.793 1536.66 149.562 55.2771 158.69 48.0507 17.7541 238.917 67.124 19.455
300203966.245 1188.61 149.201 55.3471 158.719 47.8345 33.2611 80.6473 80.8498 34.9654
301272572.74 1490.25 149.708 55.4219 158.441 48.0673 19.5788 226.71 65.5414 350.31
301697635.05 1537.96 149.772 55.1895 158.736 48.1959 14.0925 3.57915 51.6385 325.743
302094166.611 1032.57 149.424 55.4481 158.505 47.9094 56.7124 6.78602 83.3659 326.71
302098296.631 1387.47 149.116 55.5277 158.502 47.7177 17.6985 81.627 42.4485 0.232167
302121098.351 1513.92 149.522 55.2452 158.747 48.0431 22.9748 79.0088 45.4654 7.23464
302339471.44 1348.84 149.27 55.4238 158.591 47.8394 16.4937 26.723 34.3787 342.072
302557798.78 1479.63 149.144 55.2152 158.918 47.8576 32.4408 354.094 45.6419 325.131
304185439.04 1275.32 148.972 55.226 158.962 47.7635 3.05627 170.871 52.3993 21.9449
306193049.17 1282.75 149.624 55.3619 158.553 48.0485 34.7526 65.0417 70.228 11.0773
306239697.166 1003.59 149.166 55.2858 158.814 47.841 4.44062 105.637 50.9689 341.545
306991726.231 1241.46 149.367 55.2954 158.733 47.9419 20.13 56.4323 63.0817 322.276
307060767.25 1561.09 149.276 55.3865 158.639 47.8577 13.8104 320.911 75.5129 324.126
307786712.685 1547.76 149.577 55.3785 158.546 48.0172 48.7715 353.122 66.1316 36.4326
310106277.781 1132.9 149.352 55.4629 158.509 47.866 31.2527 231.012 79.6276 324.97
310336178.164 1193.62 149.548 55.266 158.71 48.0478 39.0799 268.212 83.6701 328.802
310427880.484 1392.04 149.713 55.2472 158.678 48.1417 38.4245 268.252 81.4408 327.583
310439174.779 1474.3 149.311 55.3533 158.673 47.8895 33.7728 260.676 77.0293 324.95
310908764.751 1370.0 149.304 55.3665 158.657 47.8804 16.7874 255.618 53.6832 324.282
311010583.68 1391.65 149.472 55.318 158.665 47.9873 39.2874 40.9691 69.8221 16.5393
311928029.414 1184.48 149.463 55.1446 158.906 48.0529 40.006 324.981 53.6346 30.1309
312913483.28 1219.15 149.713 55.5323 158.289 48.0242 56.5682 263.279 84.6119 32.5874
313785100.222 1192.27 149.251 55.2139 158.883 47.9145 38.0205 270.218 81.672 32.4354
314716559.063 1197.68 149.799 55.5504 158.235 48.0607 24.9953 125.659 74.9019 339.373
314750518.792 1454.93 149.382 55.2941 158.729 47.9504 27.9547 94.1157 76.7036 354.594
315152872.507 1090.63 149.095 55.2658 158.866 47.8118 16.1035 179.482 62.6868 326.114
315438723.499 1297.38 149.588 55.182 158.811 48.1033 18.375 20.8035 56.8056 356.03
315852837.306 1209.14 149.869 55.426 158.379 48.1484 40.1601 206.894 64.7954 321.71
316137932.908 1217.14 149.353 55.2173 158.844 47.9663 32.469 269.066 50.4591 18.8783
316185078.834 1090.8 149.637 55.1572 158.828 48.1388 34.3562 200.621 50.9893 322.143
317033477.465 1366.4 149.625 55.4466 158.437 48.014 34.7273 170.117 48.6367 335.656
317767203.226 1319.8 149.325 55.6118 158.316 47.7915 25.605 129.002 56.1721 354.631
318631186.948 1536.7 149.562 55.1053 158.925 48.1208 42.2273 213.202 86.1547 30.9994
318672381.742 1369.8 148.95 55.29 158.882 47.7266 24.1644 279.874 74.0896 28.2625
319936814.809 1561.78 149.303 55.4284 158.573 47.855 46.8696 164.776 84.664 330.393
319947198.96 1066.82 149.78 55.3254 158.548 48.1444 8.98279 113.582 55.2623 329.361
320232852.453 1118.12 149.45 55.1257 158.936 48.054 32.0571 243.827 62.5157 11.0964
320382541.423 1530.4 149.412 55.4823 158.462 47.8894 9.54109 226.5 42.8151 347.432
320519949.358 1385.22 149.567 55.4587 158.441 47.9789 17.2443 227.911 42.6228 359.557
321815989.439 1531.63 149.447 55.6671 158.199 47.8317 19.1726 113.918 35.8976 357.607
322073660.993 1465.57 149.584 55.1621 158.839 48.1092 12.6539 136.996 38.0857 20.9749
322405630.702 1355.78 149.157 55.6031 158.386 47.7081 23.7679 173.52 55.7468 37.9223
322418088.941 1210.62 149.616 55.4102 158.49 48.0243 17.8735 44.6277 51.8252 2.60412
322451199.127 1006.01 149.653 55.3903 158.504 48.0519 35.0409 170.25 66.789 38.0355
322768113.907 1282.1 149.175 55.2459 158.866 47.8618 35.2981 63.7951 68.3828 356.344
322768462.581 1557.89 149.708 55.2767 158.64 48.1268 62.7231 103.69 78.8736 344.739
323403942.438 1299.88 149.377 55.5922 158.325 47.8261 27.6852 263.445 77.7242 22.0016
325010632.602 1062.65 149.185 55.4188 158.627 47.7974 8.34297 161.243 41.7905 342.21
325194205.373 1091.04 149.267 55.3167 158.738 47.8813 13.7977 126.147 38.2025 336.76
325411634.763 1278.31 149.221 55.5913 158.38 47.7462 20.1298 170.446 37.3752 5.01052
326535226.891 1060.3 149.369 55.3639 158.638 47.9154 16.4706 108.03 36.2819 23.2579
327004229.386 1243.63 149.583 55.5497 158.311 47.9497 47.2045 109.078 78.5622 33.8155
327075146.218 1168.76 149.44 55.5752 158.326 47.8659 39.118 4.54058 70.9854 344.473
327382520.906 1436.81 149.496 55.5622 158.324 47.9 42.5551 107.291 81.8726 31.2445
327820767.784 1121.2 149.588 55.1887 158.802 48.1006 40.5395 337.245 87.0345 339.135
328128318.671 1083.08 149.527 55.5083 158.387 47.9379 38.3191 166.591 87.3651 34.4795
329804610.553 1491.21 149.858 55.3362 158.506 48.18 12.7765 96.9277 37.4277 342.029
330055590.168 1397.48 149.335 55.3843 158.622 47.8891 55.2399 81.9583 76.6282 30.3441
330147807.333 1175.41 149.372 55.1204 158.97 48.0149 35.8426 111.691 50.8213 24.2361
330205888.619 1152.55 149.343 55.1302 158.966 47.9961 19.4135 69.0631 31.6657 345.063
331432400.936 1552.09 149.593 55.1542 158.847 48.1168 9.05625 28.5024 40.944 18.6526
331810146.65 1080.25 148.974 55.5156 158.567 47.6488 21.0966 76.5174 58.7167 37.3456
332360497.904 1231.92 149.896 55.3735 158.441 48.1843 25.4779 96.2049 73.3382 35.1768
332578189.877 1144.89 149.324 55.218 158.853 47.951 33.4225 76.8049 81.9176 35.1773
333164765.89 1535.24 149.258 55.3484 158.698 47.8636 26.7308 262.294 76.1684 349.655
333967435.805 1257.24 149.439 55.4445 158.504 47.9186 16.563 124.98 53.5259 355.287
334506961.612 1098.72 149.386 55.5774 158.342 47.837 21.2538 359.248 41.2625 327.822
335149114.206 1023.22 149.578 55.4185 158.491 48.0015 33.1564 335.209 44.584 330.419
335480960.572 1181.22 149.444 55.155 158.898 48.039 18.8216 353.574 31.2597 10.5242
336299257.974 1288.14 149.868 55.4279 158.377 48.1473 52.1993 2.31098 86.3897 29.7841
336364408.869 1351.31 149.444 55.2537 158.763 47.9987 30.2455 269.017 64.0519 352.302
336564994.323 1277.9 149.574 55.3959 158.524 48.0086 28.282 243.235 67.1118 357.067
336610833.333 1364.86 149.371 55.3725 158.626 47.9127 27.2185 236.362 67.5857 358.29
336769724.101 1096.22 149.823 55.4135 158.413 48.1299 32.4031 15.7112 75.5011 35.5856
337235960.26 1129.46 149.604 55.3169 158.621 48.0566 42.4786 198.029 81.3682 353.23
337741462.106 1449.5 149.465 55.4953 158.426 47.9115 28.3771 259.291 77.6338 327.18
337808726.345 1522.48 149.414 55.4777 158.468 47.8921 36.9105 79.558 84.2746 15.0869
337948701.091 1198.16 149.861 55.4389 158.365 48.1391 39.6261 313.351 84.9563 329.844
338004920.603 1022.8 149.56 55.2727 158.697 48.0515 17.2687 220.913 67.092 331.769
339907446.08 1008.19 149.618 55.4115 158.487 48.0247 21.8538 76.5065 33.5455 20.9951
340068470.464 1452.34 149.851 55.367 158.466 48.1638 23.6757 273.44 36.0635 347.173
340096181.671 1051.46 149.535 55.6639 158.173 47.8782 34.6427 343.431 49.5315 35.5891
341253343.399 1432.32 149.399 55.681 158.197 47.8011 40.7477 317.757 81.0158 31.6954
342550748.085 1342.81 149.206 55.3915 158.656 47.8195 31.1285 85.3767 77.5049 3.30401
342683674.116 1324.0 149.588 55.2377 158.735 48.0806 16.5636 195.331 65.419 328.522
343364878.31 1175.05 149.146 55.4134 158.647 47.7796 32.6036 82.7527 53.2885 4.70891
343640048.745 1497.24 149.097 55.3443 158.758 47.7816 22.7293 357.588 44.8544 7.28043
344924453.988 1082.29 149.824 55.525 158.26 48.0844 23.598 205.88 41.298 350.163
346598078.77 1205.16 149.207 55.3964 158.65 47.8179 30.6043 94.6577 80.5364 5.4338
347721481.62 1553.98 149.363 55.4327 158.547 47.8843 32.1273 324.684 66.9999 9.1249
347814051.023 1478.72 149.303 55.2064 158.876 47.9446 3.77752 218.556 48.1072 334.742
348134880.892 1407.83 149.246 55.4505 158.562 47.8165 10.2738 243.243 39.9026 340.208
348307053.402 1008.06 149.76 55.2745 158.624 48.155 20.1702 205.839 40.4086 328.565
348811637.446 1558.81 149.478 55.3246 158.654 47.9877 38.0814 180.274 50.8541 325.641
349189375.717 1505.93 149.335 55.1521 158.939 47.9832 23.5813 177.616 34.163 346.336
350129520.482 1431.01 149.631 55.5638 158.275 47.9686 31.3209 119.79 63.733 351.001
350335080.736 1105.45 148.988 55.3364 158.806 47.7279 4.90047 3.56285 54.2161 21.5202
350965149.68 1229.08 149.756 55.5074 158.308 48.0564 26.7591 256.339 76.368 31.1654
350977248.145 1062.7 149.248 55.5322 158.451 47.7844 26.4165 327.539 76.1391 14.1584
352296087.487 1526.61 149.265 55.4647 158.537 47.8205 16.3996 276.33 56.3505 353.652
352583086.521 1192.51 149.031 55.4158 158.683 47.7185 8.20875 158.89 44.2047 334.345
352834360.359 1211.81 149.495 55.1525 158.884 48.0664 33.4194 223.423 55.1997 16.794
353601389.377 1066.03 149.182 55.3737 158.689 47.8138 65.878 190.969 87.6428 34.6408
353763188.529 1506.47 149.218 55.4052 158.634 47.8202 19.7664 143.593 30.2952 5.00124
355274989.879 1416.21 149.258 55.5143 158.472 47.7964 27.9176 183.299 73.1311 36.2087
355936431.737 1257.53 149.219 55.2543 158.839 47.8814 9.48378 138.153 83.0752 331.385
356090747.101 1340.72 149.218 55.6586 158.289 47.717 28.0814 325.363 78.1133 343.604
356354095.781 1349.49 149.44 55.4031 158.56 47.9359 26.154 285.588 73.882 354.219
356377492.091 1445.15 149.422 55.3527 158.635 47.9473 19.1072 335.348 69.0148 338.157
356630417.164 1495.83 149.851 55.222 158.664 48.2238 25.003 79.1592 67.7102 322.771
357238081.131 1074.34 149.221 55.3701 158.681 47.8356 43.5798 94.0214 70.8046 323.02
357774448.837 1119.91 149.355 55.4785 158.487 47.8616 54.4771 175.696 74.6591 30.7251
358687479.965 1033.14 149.557 55.2844 158.682 48.0452 47.6577 41.8476 66.7545 332.483
359023844.136 1080.07 149.583 55.2754 158.685 48.0626 30.4084 119.565 54.8454 38.9664
359534815.976 1057.22 149.54 55.4468 158.466 47.9701 17.9614 326.083 58.9575 6.3548
360566298.87 1481.73 149.137 55.6192 158.37 47.6914 32.4424 266.304 82.1795 10.5654
360634496.81 1424.32 149.39 55.575 158.344 47.8399 39.4748 229.825 88.3681 28.2982
361026649.251 1476.39 149.388 55.4118 158.566 47.9058 31.9331 35.6542 77.1827 324.623
361037952.423 1131.34 149.817 55.5018 158.294 48.0902 27.7923 27.896 73.6403 323.949
361253861.634 1012.79 149.679 55.256 158.678 48.1205 39.4894 234.394 80.1422 15.0057
361919794.964 1005.63 149.577 55.4972 158.385 47.9683 15.6842 55.2746 43.4668 328.755
362623559.884 1243.79 149.368 55.2075 158.852 47.9779 20.6967 51.734 44.9604 26.7144
363059500.762 1546.71 149.3 55.4084 158.601 47.8613 19.1173 41.9023 30.909 5.83412
363266158.65 1357.57 149.166 55.172 158.97 47.8865 50.5582 67.3259 42.0225 345.032
365611582.403 1141.99 149.729 55.4255 158.429 48.0767 35.0721 350.926 80.1754 326.131
365634547.452 1098.82 149.202 55.4091 158.634 47.8104 36.3408 352.667 81.0806 326.871
365735523.641 1073.39 149.232 55.239 158.856 47.8941 38.0737 82.2992 81.1126 13.7255
366137661.793 1198.24 149.661 55.5507 158.283 47.9897 0.808337 246.698 50.8221 336.963
366527838.676 1283.81 149.591 55.2966 158.653 48.058 30.7102 348.468 55.2001 320.995
367449190.063 1150.53 148.951 55.4607 158.649 47.659 22.611 11.5184 32.7383 17.551
367472249.081 1541.65 149.81 55.3523 158.501 48.1487 20.4951 0.552703 30.288 8.92671
367867688.308 1150.9 149.348 55.4556 158.521 47.867 17.6144 322.92 33.9152 3.20228
368371153.295 1360.65 149.179 55.3533 158.718 47.8206 23.0326 29.3357 51.1112 37.1376
369052541.812 1484.43 149.417 55.1567 158.905 48.0241 28.9629 16.76 73.3103 36.6094
369105867.757 1435.84 149.256 55.6521 158.285 47.7394 34.9328 219.176 79.1854 351.088
369706144.291 1272.63 149.249 55.4272 158.593 47.8272 38.2996 52.2723 87.5146 32.8402
369828857.028 1202.93 149.592 55.272 158.686 48.0687 34.3263 262.709 83.4553 325.936
370223596.51 1061.82 149.175 55.152 158.994 47.8994 6.77742 134.198 67.7477 337.737
372005923.282 1060.04 149.471 55.2673 158.735 48.0074 43.2803 271.418 56.8914 326.86
373151366.644 1096.16 149.33 55.3846 158.624 47.8867 30.8812 191.774 63.237 351.255
373156215.798 1047.83 149.307 55.204 158.878 47.9474 5.27552 325.529 48.6695 27.4103
373372776.24 1158.41 149.586 55.3506 158.581 48.0332 44.1665 306.171 82.1995 31.3553
373563715.345 1035.7 149.327 55.627 158.295 47.7862 26.9919 150.762 70.0584 0.181344
373614094.952 1058.76 149.474 55.6717 158.183 47.8434 20.2808 2.61411 66.7255 35.1659
373656043.067 1340.16 149.228 55.4736 158.537 47.7975 45.292 180.915 88.6225 337.386
373908013.203 1482.43 149.355 55.5545 158.384 47.8304 39.403 161.419 86.2052 341.197
374309778.987 1268.14 149.551 55.3275 158.625 48.0246 38.1181 200.732 87.216 326.179
375318926.265 1547.35 149.091 55.4074 158.674 47.7532 51.6414 256.852 88.0695 332.076
375529016.876 1038.91 149.25 55.4157 158.609 47.8323 44.0115 108.128 51.478 358.946
375582303.459 1025.3 149.233 55.4731 158.536 47.8002 53.6201 251.006 84.4786 328.439
375604680.08 1391.9 149.746 55.5792 158.214 48.0214 33.3737 246.486 61.1883 321.294
375708188.941 1412.01 149.458 55.2061 158.823 48.0256 51.7472 247.487 79.0597 325.434
375953093.887 1147.79 149.695 55.5227 158.309 48.0189 8.15225 14.939 36.9571 355.719
377052889.02 1567.94 149.694 55.4426 158.418 48.0514 17.1625 233.664 33.1708 7.20146
377705196.553 1526.44 149.54 55.3017 158.664 48.0294 20.8904 273.8 54.447 37.4568
377980590.772 1058.62 149.568 55.6096 158.235 47.9176 5.38216 34.9141 55.3823 24.2379
378049155.758 1389.31 148.978 55.4469 158.659 47.6785 9.20803 342.917 57.8063 29.623
378540835.977 1271.94 149.105 55.145 159.027 47.8653 38.384 252.571 85.6833 31.8688
378828648.825 1079.51 149.72 55.3344 158.557 48.1092 31.2794 60.6783 81.1436 18.9983
379111398.716 1270.84 149.658 55.4766 158.385 48.0185 35.364 175.424 83.8715 325.306
379352378.152 1476.66 149.178 55.2397 158.873 47.8656 38.8086 196.522 84.6203 328.763
380307603.308 1030.91 149.411 55.5902 158.316 47.8445 9.60749 262.129 41.334 346.037
380513591.368 1064.78 149.083 55.332 158.78 47.7791 17.4698 256.413 39.2663 359.819
380857234.044 1137.51 149.462 55.4655 158.468 47.9222 20.8233 229.742 33.837 6.73072
381143758.855 1427.43 149.378 55.3663 158.632 47.9188 20.2646 201.173 29.779 359.914
381201369.951 1506.53 149.304 55.5042 158.47 47.8246 25.7087 174.268 35.8716 338.067
382049116.907 1543.09 149.616 55.6568 158.154 47.9225 26.0627 124.546 51.2751 351.526
382689366.893 1000.41 149.302 55.3795 158.64 47.874 22.3556 215.938 65.1979 36.9606
382758671.359 1295.58 149.883 55.3419 158.489 48.1907 11.092 298.518 61.1554 25.4862
382989077.871 1204.22 149.067 55.1853 158.985 47.8293 41.3172 104.71 86.3965 340.227
383046447.245 1317.67 149.458 55.6267 158.25 47.8536 42.3389 105.748 88.4579 337.852
383125706.186 1379.58 149.539 55.5622 158.31 47.9219 25.6352 328.776 74.9026 12.1545
384118426.203 1400.37 149.214 55.3316 158.736 47.8474 6.38285 350.603 70.8397 323.539
384129670.058 1224.85 149.183 55.3588 158.709 47.8206 23.8365 282.093 67.1565 325.187
384147090.207 1050.27 149.489 55.1693 158.863 48.0564 4.36964 356.475 70.4741 323.161
384170229.96 1053.95 149.389 55.1628 158.906 48.0072 14.9076 137.195 75.2171 324.036
384685509.533 1555.85 149.628 55.4447 158.439 48.0162 31.8546 136.701 62.6657 321.344
384798467.246 1096.92 149.723 55.4594 158.385 48.0593 34.3586 232.98 62.5695 13.8473
384902226.026 1364.69 149.443 55.5168 158.404 47.8913 10.1315 205.361 41.5947 347.445
385132412.093 1132.96 149.16 55.3887 158.676 47.7964 47.9704 132.628 69.8936 322.902
385474357.338 1244.8 149.637 55.4148 158.476 48.0332 33.6902 198.612 47.6294 24.168
385590146.474 1180.3 149.231 55.1665 158.955 47.9227 37.3884 118.831 50.0821 325.044
386140049.144 1071.29 149.171 55.4724 158.558 47.7685 43.848 97.1997 59.8805 331.768
386814933.686 1113.71 149.096 55.3251 158.784 47.789 6.48053 72.3697 44.4166 17.3732
387386570.608 1002.59 149.065 55.2269 158.929 47.812 30.1433 87.9187 75.629 35.643
388339556.876 1243.82 149.396 55.2844 158.737 47.9617 26.7188 325.096 76.7424 341.98
388476778.368 1208.89 149.868 55.3425 158.494 48.1826 25.9485 294.9 74.8045 351.091
389062163.955 1106.79 149.044 55.4461 158.637 47.7132 27.8645 81.8519 65.0811 322.009
389382507.896 1414.33 149.675 55.4946 158.354 48.0203 18.6807 86.554 49.5643 324.428
389495602.814 1189.1 149.398 55.266 158.762 47.9698 43.4807 209.899 69.8887 21.1457
389794932.95 1450.18 149.065 55.3613 158.746 47.7583 31.2582 80.1745 49.4853 322.378
390023553.157 1123.3 149.56 55.1604 158.85 48.0973 20.6351 96.2307 33.4447 338.24
390583669.507 1190.11 149.46 55.1819 158.855 48.0363 42.6224 126.283 57.003 35.761
390669534.347 1285.56 149.384 55.6123 158.295 47.8218 42.6233 122.054 58.259 36.12
390716856.539 1376.77 149.633 55.3307 158.592 48.066 37.235 43.1507 51.5105 334.193
390722949.243 1557.99 149.367 55.2478 158.797 47.9613 52.0862 44.8838 70.0052 329.008
391260656.178 1328.48 149.524 55.3912 158.548 47.9843 29.5282 336.029 52.0334 350.914
391625280.167 1186.76 149.619 55.4152 158.482 48.0238 47.271 87.3565 82.3456 31.5898
392473325.73 1294.83 149.351 55.6315 158.281 47.7965 34.7742 143.312 83.534 34.6196
393265575.53 1169.25 149.374 55.3779 158.618 47.9121 20.9272 281.282 67.9905 345.568
393638834.807 1433.08 149.463 55.2809 158.719 47.9978 27.6693 33.8933 65.2457 321.888
393906197.801 1220.28 149.265 55.2233 158.866 47.918 41.5251 131.72 72.0782 18.1751
394726867.956 1194.99 149.886 55.3677 158.453 48.1817 48.2598 18.0349 64.4537 323.773
395384653.659 1551.64 149.33 55.5638 158.38 47.8135 24.2414 1.39292 38.425 347.081
395813935.413 1279.49 149.763 55.163 158.776 48.202 15.4012 340.594 42.0366 3.82648
396070523.043 1076.0 149.547 55.6162 158.233 47.9041 32.0234 46.3924 62.9331 38.4369
396185998.247 1186.61 149.778 55.5207 158.282 48.0623 8.06069 286.366 50.6885 14.2887
397365432.594 1018.29 149.691 55.5633 158.255 48.0001 36.7842 83.3733 85.9612 26.1728
397791834.515 1235.91 149.378 55.3337 158.676 47.9324 37.4303 346.562 82.6793 327.672
398419585.853 1155.66 149.59 55.5951 158.247 47.9349 38.8869 64.6819 71.4867 15.3608
398466243.825 1167.54 149.276 55.2971 158.761 47.894 5.34243 88.5887 47.3235 343.147
398499921.848 1320.58 148.971 55.547 158.525 47.6347 32.2529 69.5739 63.137 10.8887
398512595.496 1231.67 149.118 55.3983 158.677 47.7707 47.9145 337.697 52.011 323.54
398563380.18 1060.96 149.521 55.427 158.5 47.9684 13.8099 81.9051 47.3564 353.997
398644208.077 1293.4 149.415 55.5097 158.424 47.8798 22.9709 341.394 47.5772 325.167
398769534.038 1049.94 149.379 55.4658 158.496 47.8787 14.8123 55.2138 41.6268 355.656
398883979.014 1408.21 149.123 55.2107 158.932 47.8485 18.2046 47.3739 40.2703 1.02527
399480674.148 1374.91 148.919 55.3659 158.789 47.6804 52.3289 322.364 68.9152 324.842
399582469.793 1561.48 149.266 55.449 158.558 47.8274 22.5256 7.27481 32.534 15.8446
399788606.302 1522.43 149.441 55.2108 158.822 48.015 21.3144 356.041 31.98 17.8947
400127656.586 1015.33 149.621 55.3876 158.519 48.0361 52.6445 302.857 73.8774 331.158
400211681.156 1401.68 149.039 55.4567 158.625 47.7064 55.3952 50.2847 55.1651 38.3725
400256920.94 1051.12 149.437 55.1896 158.853 48.0213 57.4209 1.30105 82.5801 34.2533
400366603.22 1581.81 149.399 55.2513 158.782 47.9765 22.4732 50.381 44.0203 34.0788
400618783.596 1471.91 149.164 55.4361 158.61 47.7793 32.3759 83.3794 44.8465 23.6703
400871338.046 1318.89 149.419 55.6441 158.24 47.8267 23.9053 220.856 61.1398 359.426
401047926.217 1470.4 149.541 55.5751 158.291 47.9177 18.035 50.2149 59.4875 32.5932
401088371.417 1171.95 149.453 55.5463 158.361 47.884 38.8516 81.32 59.2337 21.9997
401139281.323 1262.05 149.182 55.4867 158.535 47.7683 21.1419 21.5456 65.7327 36.2343
401294676.177 1057.43 149.03 55.4549 158.63 47.7022 18.147 124.353 66.8571 17.0731
401516681.882 1283.14 149.665 55.2004 158.759 48.136 37.284 7.26677 84.5579 32.7505
402247168.959 1009.08 149.076 55.4378 158.638 47.733 29.9946 262.697 78.1206 324.792
402270415.545 1211.61 149.098 55.5288 158.507 47.7079 35.5583 284.868 82.6232 326.461
402623988.204 1320.65 149.344 55.4241 158.565 47.8778 19.2498 105.869 64.5777 350.794
402888842.769 1207.87 149.268 55.3418 158.703 47.8719 40.2691 297.279 75.6222 324.959
402956492.932 1093.53 149.241 55.4757 158.53 47.8034 0.470091 238.908 50.1717 336.851
403174909.111 1237.57 149.357 55.42 158.566 47.8862 38.0898 292.291 66.4595 321.927
403815753.294 1321.7 149.277 55.5585 158.405 47.7883 50.5883 40.3431 48.8261 324.164
403837719.428 1118.71 149.608 55.2577 158.701 48.0826 50.7737 39.908 36.4018 12.6735
403946994.641 1187.82 149.071 55.2314 158.921 47.8131 50.469 39.6119 32.8966 339.324
404169537.141 1225.64 149.51 55.2082 158.802 48.0518 34.9349 60.6102 42.2192 28.4185
404324264.369 1498.63 149.324 55.4817 158.493 47.8441 29.0333 70.1197 36.0118 24.9459
405304158.114 1298.28 149.181 55.4647 158.565 47.777 30.8856 188.609 62.3469 350.835
405395984.687 1264.94 149.139 55.4304 158.626 47.769 39.0439 188.132 72.4407 345.001
406323217.857 1437.16 149.345 55.3285 158.695 47.9169 53.4222 110.07 80.2006 0.898631
406438215.635 1363.96 149.445 55.378 158.593 47.949 33.0833 142.678 82.6176 342.478
406541553.753 1400.17 148.993 55.4223 158.687 47.6963 32.7218 159.297 82.2891 334.281
409592572.76 1528.16 149.059 55.42 158.668 47.7317 12.929 191.985 40.3802 8.48215
412261213.728 1478.27 149.485 55.4201 158.522 47.9523 6.40034 302.287 47.2765 344.674
412340910.099 1115.79 149.319 55.5463 158.407 47.815 24.016 281.393 54.4811 4.70354
412433427.627 1109.91 149.593 55.4068 158.502 48.0136 19.1004 185.957 47.6757 324.779
413188814.589 1001.91 149.478 55.134 158.915 48.0653 27.38 171.735 37.9545 331.538
413690793.55 1299.53 149.276 55.1157 159.009 47.9665 58.5865 206.35 78.8861 35.629
413714973.007 1487.66 149.461 55.3384 158.641 47.9736 18.8021 169.049 31.7563 3.58783
414486603.588 1012.31 149.14 55.5351 158.484 47.7271 33.415 195.002 64.9671 38.2332
414705458.636 1368.64 149.553 55.4111 158.51 47.9915 22.6082 66.6899 61.453 1.39874
414807715.929 1495.85 149.714 55.2606 158.66 48.1366 9.42855 247.956 57.6383 30.1756
414966818.506 1328.58 149.657 55.3636 158.539 48.0646 44.2332 184.097 86.6619 27.7143
416315706.331 1271.5 149.363 55.3999 158.592 47.8972 33.8427 129.358 76.8596 324.953
416961167.308 1160.25 149.093 55.3098 158.807 47.7931 9.9717 223.795 45.0208 348.969
417545033.967 1506.21 149.202 55.5668 158.419 47.7465 18.0376 146.738 32.8819 344.318
418242665.125 1134.05 149.369 55.2727 158.763 47.9522 10.1641 108.016 35.697 26.3555
418597917.887 1496.3 149.616 55.1738 158.812 48.121 18.1094 79.9476 38.1843 359.857
418643610.245 1035.74 149.401 55.3738 158.614 47.928 15.4103 83.0942 37.8075 5.32279
418895192.0 1582.71 149.606 55.2823 158.668 48.0715 7.881 91.2855 42.2111 18.778
418963786.909 1135.5 149.368 55.6466 158.254 47.7991 6.04015 105.789 44.2338 22.0436
419227491.703 1584.58 149.332 55.4683 158.509 47.8537 19.855 0.696379 57.881 3.0131
419925611.085 1318.41 149.542 55.3948 158.536 47.9925 27.0384 293.059 76.2603 9.23333
420349747.306 1308.88 149.287 55.4401 158.563 47.8416 30.2583 321.916 80.2881 344.071
421277126.075 1213.22 149.215 55.4602 158.56 47.7965 3.35914 37.0115 51.7801 334.051
421436633.813 1359.52 149.45 55.6381 158.237 47.8447 24.9453 222.971 57.5349 4.32375
424290472.521 1554.72 149.27 55.1579 158.954 47.9467 42.5389 79.1673 87.1792 27.8685
424835724.014 1539.97 149.484 55.341 158.63 47.9842 31.8627 255.739 81.7295 15.9799
425603436.473 1499.65 149.508 55.5349 158.357 47.9171 12.2716 268.987 60.8093 341.858
426753215.543 1360.62 149.618 55.5 158.367 47.9883 19.8659 73.446 33.8097 3.83956
427771201.002 1244.76 149.402 55.423 158.546 47.9085 21.1945 42.6654 41.1742 32.3393
428776897.803 1008.62 149.302 55.0947 159.029 47.9889 45.7786 23.704 89.0373 25.7673
429500267.984 1509.16 149.231 55.2354 158.861 47.8953 30.9377 255.32 80.3685 348.488
429774301.337 1138.41 149.188 55.5641 158.428 47.7401 35.4144 94.3045 83.0163 11.9986
430428480.909 1344.88 149.543 55.1857 158.822 48.078 35.5434 339.55 70.8596 322.865
431068646.01 1417.39 149.513 55.5662 158.313 47.9069 26.032 332.441 45.7118 324.114
431549192.748 1107.42 149.559 55.4613 158.44 47.9737 33.7723 318.674 46.0102 327.03
432561857.569 1186.28 149.141 55.2269 158.903 47.8515 40.3857 275.172 64.7222 340.245
432732040.526 1308.12 149.067 55.456 158.616 47.7213 21.8852 355.595 52.2402 37.3129
432788779.599 1068.45 149.59 55.3394 158.595 48.0399 39.53 352.278 69.9007 37.2655
433052266.516 1345.15 149.535 55.3298 158.627 48.0155 21.9174 4.51604 61.0553 37.5771
433533076.787 1291.36 149.704 55.2025 158.742 48.1553 21.0897 53.5707 70.3761 31.7725
433658939.011 1084.33 149.213 55.4478 158.578 47.8003 24.9112 55.8563 74.4408 31.2145
435902507.797 1197.71 149.486 55.1436 158.899 48.0653 25.4089 354.568 39.4593 14.7579
436132040.491 1293.48 149.122 55.4447 158.613 47.7545 27.4122 271.214 38.61 331.437
436247074.218 1357.43 149.01 55.3163 158.826 47.7473 40.2631 40.8816 70.0323 325.086
437743541.111 1371.59 149.671 55.5549 158.273 47.9932 26.3352 321.343 66.948 37.3847
438545409.335 1029.95 149.701 55.2504 158.678 48.1341 30.8135 87.6953 80.731 13.5143
438802336.912 1511.59 149.257 55.4522 158.556 47.8214 40.3139 55.4545 88.8817 27.6677
439157779.777 1168.48 149.219 55.4067 158.631 47.82 28.7027 81.9044 74.4669 0.0314569
439982053.455 1086.14 149.678 55.2826 158.642 48.1088 41.8167 139.638 41.8315 335.635
440689741.276 1049.58 149.459 55.1166 158.945 48.0622 57.306 253.731 76.2177 33.3763
440873236.143 1257.49 149.201 55.5781 158.405 47.741 35.8846 271.23 48.5325 30.648
442108788.904 1050.1 149.219 55.6259 158.333 47.7311 0.637492 104.315 50.1006 22.3347
442187444.445 1545.23 149.636 55.1982 158.772 48.1215 51.2728 225.358 88.4707 27.7511
442429524.245 1549.7 149.064 55.2673 158.874 47.795 22.563 111.012 65.9713 4.83475
442486228.209 1448.57 149.762 55.1786 158.755 48.1954 12.4381 32.6152 62.2198 22.8651
442852512.566 1144.01 149.143 55.3641 158.715 47.7976 25.5928 67.0339 75.0843 14.0837
444215271.486 1529.35 149.603 55.3691 158.55 48.0346 38.4302 153.986 61.7644 321.706
445495943.058 1334.37 149.658 55.2688 158.668 48.1043 43.4766 151.778 57.0166 326.964
446705938.385 1414.6 149.834 55.4717 158.329 48.1115 40.4788 185.959 74.9965 35.206
446740739.662 1452.24 149.283 55.1832 158.914 47.9435 21.3251 197.426 58.8635 37.7091
447403308.975 1350.62 149.798 55.4375 158.389 48.107 39.2247 191.284 86.4914 30.5408
449213042.087 1220.14 149.505 55.279 158.707 48.0205 22.6789 122.407 47.5567 323.541
451487267.973 1164.15 149.819 55.274 158.604 48.1855 7.55076 227.064 57.0731 27.4953
452587751.835 1435.53 149.175 55.5272 158.483 47.7482 41.8107 76.5837 89.9917 331.85
452999261.091 1136.44 149.455 55.2529 158.76 48.0051 40.2301 81.2203 82.7636 328.724
454519182.19 1377.42 149.39 55.3155 158.697 47.9457 47.2082 50.4325 62.0905 324.887
455569944.527 1255.02 149.457 55.2013 158.83 48.0271 10.8746 13.5598 43.2717 10.5848
456082711.984 1270.12 149.282 55.5096 158.47 47.8111 48.4034 67.2571 88.4877 26.3657
456919808.979 1272.9 149.797 55.5444 158.243 48.0623 31.9049 303.6 81.777 345.055
457573078.588 1148.65 149.035 55.3748 158.737 47.7372 38.5052 36.1065 85.0368 330.792
458064033.088 1562.7 149.242 55.3672 158.678 47.8477 29.6658 23.0542 61.995 321.297
458119779.787 1302.87 149.246 55.2464 158.841 47.8988 28.1971 143.602 59.4126 7.55332
458532969.877 1089.04 148.903 55.4335 158.702 47.6451 50.0233 17.9257 73.0009 323.61
459571616.375 1373.94 149.633 55.4354 158.449 48.0226 22.3298 38.6509 35.9547 26.5608
459697699.904 1324.32 149.545 55.418 158.504 47.9843 17.1585 2.14877 33.8118 5.19198
459732360.84 1518.91 149.576 55.4111 158.502 48.0032 26.9651 338.798 43.6532 345.589
460188226.845 1484.67 149.411 55.164 158.897 48.0179 34.4599 33.2568 62.3689 39.0466
460635781.845 1480.47 149.309 55.2306 158.841 47.9377 38.1903 301.842 76.6263 346.535
460771787.782 1029.73 149.47 55.4108 158.539 47.9486 11.7814 112.937 61.3686 28.4233
461802216.789 1541.93 149.452 55.1613 158.886 48.0405 24.8238 254.828 74.8522 336.071
461813673.576 1212.37 149.442 55.6726 158.193 47.8269 24.8393 255.466 74.871 335.795
462123237.288 1449.66 149.866 55.3502 158.484 48.1786 31.1163 326.797 74.9335 324.025
462340350.59 1234.51 149.269 55.5813 158.377 47.7748 29.8405 327.949 69.6784 322.969
462499283.543 1001.99 149.486 55.4855 158.432 47.9265 10.9567 117.788 54.1348 347.632
463756611.487 1302.74 149.481 55.1974 158.827 48.041 20.4098 340.96 29.6071 1.38877
464412549.051 1449.14 149.511 55.4264 158.504 47.9635 54.5947 353.346 78.329 35.1989
464613848.337 1386.45 149.247 55.5336 158.449 47.7829 11.6245 274.294 40.3923 10.8771
465327256.801 1092.0 149.193 55.3955 158.656 47.8109 27.245 1.34222 69.7945 37.0404
466535297.678 1109.53 149.428 55.4697 158.474 47.9029 20.8217 151.147 70.4636 340.356
467553089.222 1105.7 149.186 55.2022 158.922 47.8852 23.4855 278.991 47.4412 323.271
467907005.546 1308.01 149.103 55.4829 158.567 47.7293 18.2787 295.53 34.0364 339.688
468707624.978 1537.2 149.387 55.5322 158.403 47.8558 44.0198 235.149 60.2454 331.76
469912919.92 1486.91 149.414 55.1318 158.94 48.0326 51.355 111.109 67.2834 3.43938
470357183.996 1092.33 149.216 55.515 158.485 47.7747 35.1921 323.134 83.381 34.2246
470685005.058 1550.64 149.559 55.3696 158.565 48.0115 34.0152 131.503 81.1536 344.529
471315084.977 1106.25 149.646 55.569 158.263 47.9745 33.7395 236.892 79.7221 326.93
471577930.383 1131.98 149.488 55.467 158.457 47.9347 37.6346 238.462 77.1828 325.867
471649997.268 1579.93 149.037 55.4303 158.661 47.7158 40.4108 25.8353 78.7831 18.1079
471879349.574 1026.05 149.843 55.3012 158.559 48.1867 17.3431 67.5069 48.5047 354.028
473468605.363 1315.75 149.366 55.6409 158.262 47.8006 36.4805 175.814 54.2083 338.383
473490077.592 1071.22 149.802 55.5628 158.217 48.057 33.9939 245.094 52.3878 37.735
474186733.562 1255.94 149.165 55.4761 158.555 47.7637 58.2386 227.313 72.7074 36.1438
474381886.054 1152.47 149.57 55.5334 158.338 47.9501 58.4693 227.605 57.5507 27.2083
474387602.258 1461.21 149.398 55.2589 158.772 47.9728 58.3399 227.304 57.4819 27.3327
474415055.571 1577.44 149.692 55.325 158.579 48.0988 58.519 227.378 82.4399 31.1524
475418783.417 1422.7 149.719 55.4163 158.445 48.0749 38.3511 165.159 86.7871 326.538
475788643.76 1325.54 149.821 55.3575 158.49 48.1524 25.8048 6.24329 72.0623 356.025
476451557.746 1356.4 149.04 55.4636 158.615 47.704 19.6678 273.382 52.3684 359.984
476987899.733 1071.16 149.006 55.4085 158.701 47.7085 52.2874 222.328 73.5509 28.939
477651586.519 1091.76 149.065 55.4831 158.58 47.7095 20.3673 179.102 30.65 10.5911
478256574.85 1036.1 149.902 55.4721 158.305 48.1464 31.0573 189.294 53.5054 38.5303
478588437.563 1152.77 149.13 55.4079 158.66 47.7731 5.78054 166.659 46.3191 25.7169
478952950.155 1388.47 149.808 55.2725 158.61 48.1807 43.2932 176.838 82.6329 31.0851
479719996.435 1196.17 149.709 55.4483 158.405 48.057 31.4107 262.999 81.299 21.9532
479994405.363 1189.55 149.531 55.4765 158.429 47.953 36.0693 259.391 84.8511 18.2509
479995212.855 1039.98 149.428 55.3515 158.635 47.9508 28.3261 331.449 78.2991 347.513
480408188.753 1107.65 149.085 55.5869 158.432 47.6777 38.2666 123.722 81.7847 328.11
480487015.856 1167.05 149.778 55.2969 158.587 48.155 12.091 0.259169 62.065 336.332
480772153.473 1008.91 149.411 55.5992 158.303 47.8411 21.9266 257.121 60.7501 358.528
481287654.707 1252.42 149.49 55.0869 158.975 48.0904 38.5333 116.339 61.5345 320.915
481537528.592 1133.83 149.864 55.3257 158.518 48.1874 33.2049 201.216 50.7677 19.7458
482555689.824 1227.05 149.798 55.4306 158.398 48.1098 37.8446 68.156 54.5606 336.546
483034994.959 1079.13 149.345 55.4317 158.554 47.8753 12.1357 39.3221 44.4561 8.39472
483045042.391 1570.8 149.228 55.5438 158.442 47.7691 48.6551 131.837 77.7377 34.4525
484608471.911 1242.65 149.502 55.478 158.437 47.9377 47.9768 92.3598 86.2011 326.936
485470773.736 1306.86 149.212 55.388 158.659 47.8239 23.7955 76.8016 58.8569 321.776
486076698.006 1216.66 149.601 55.1934 158.791 48.1052 49.6709 61.2147 70.3469 322.882
487332030.933 1099.53 149.699 55.5879 158.219 47.9937 18.0307 87.7525 40.0429 29.6705
487422727.341 1201.05 149.592 55.2669 158.694 48.0704 43.8847 80.6208 67.6604 37.8091
487640717.902 1183.64 149.695 55.15 158.817 48.172 6.70828 55.9731 43.4773 21.8434
488429771.486 1236.36 149.797 55.3557 158.5 48.1405 27.6946 295.69 74.3374 2.37868
488439558.452 1358.04 149.618 55.3419 158.582 48.0534 33.991 87.3127 79.7125 34.4827
489402838.67 1168.74 149.666 55.4067 158.477 48.0516 28.5186 14.9502 78.9458 324.964
490064847.169 1190.43 149.345 55.4108 158.583 47.8838 8.80054 16.9148 49.8011 329.708
491047900.496 1060.72 149.341 55.1747 158.906 47.9773 43.3288 358.495 57.4208 324.289
491309864.785 1083.35 149.51 55.5336 158.359 47.9188 20.0599 19.7835 30.0327 359.817
491447516.356 1185.23 149.254 55.1072 159.028 47.9588 34.4923 345.859 46.7457 333.468
492772112.559 1473.93 149.026 55.3315 158.799 47.7499 10.4002 138.1 60.3067 24.3461
492921033.573 1358.66 149.311 55.5453 158.411 47.8116 20.5596 197.627 68.1204 12.2816
493091324.28 1072.03 149.141 55.2562 158.863 47.8399 37.4383 46.0222 77.136 35.7194
493549795.938 1038.33 149.274 55.4839 158.507 47.8173 31.2352 145.36 81.1309 3.98855
494339899.748 1430.27 149.328 55.1174 158.989 47.9931 29.7612 322.338 69.7667 322.5
494614655.734 1207.47 149.363 55.451 158.522 47.8767 52.5306 336.876 87.3062 331.064
494624149.233 1124.62 149.449 55.3924 158.572 47.9454 22.8495 76.9593 57.6454 1.47725
495904553.065 1110.27 149.366 55.3306 158.685 47.9272 28.2503 299.287 38.8571 336.52
496087053.827 1524.51 149.023 55.2111 158.965 47.7962 20.385 305.223 31.9282 356.114
496167088.483 1017.88 149.602 55.3762 158.541 48.0313 20.7035 295.532 34.1121 354.17
497211112.7 1137.43 149.014 55.4289 158.671 47.7043 36.9725 341.717 75.4262 35.121
498437279.894 1512.88 149.069 55.382 158.716 47.7519 36.4577 267.234 83.8169 326.682
500320606.985 1423.42 149.474 55.1739 158.862 48.0467 34.9066 331.1 46.8031 29.9827
500560971.582 1054.13 149.412 55.5899 158.316 47.845 20.238 292.269 31.3576 13.7574
500812754.486 1055.34 149.032 55.2328 158.932 47.7922 24.3768 232.521 38.8079 347.574
500926982.654 1019.27 149.475 55.2487 158.759 48.0171 22.8398 225.451 40.0732 351.204
501258001.342 1154.77 149.505 55.4572 158.464 47.9475 8.69774 214.935 41.6606 12.4817
501360288.08 1069.33 149.389 55.4665 158.492 47.8837 18.0857 303.252 49.1796 35.3921
501908070.302 1471.06 149.332 55.1232 158.98 47.9933 34.0955 294.635 75.3655 35.7482
501908565.757 1455.76 149.485 55.3615 158.601 47.9765 18.6265 338.539 64.0473 35.4796
501931650.2 1005.49 149.114 55.503 158.536 47.7266 12.958 13.917 61.7523 30.7492
502503213.59 1311.59 149.415 55.6008 158.3 47.8423 29.8353 59.5877 79.7053 24.7571
502617285.852 1327.85 149.164 55.4473 158.595 47.7749 34.3925 42.7939 83.8673 29.4046
503277015.321 1289.4 149.397 55.4813 158.469 47.8819 32.4995 229.378 79.5751 326.458
503326780.057 1318.59 149.144 55.1929 158.949 47.8669 53.6155 114.647 69.1014 355.799
503659265.552 1536.43 149.412 55.3837 158.596 47.9293 21.6748 228.966 60.3248 322.221
503979190.567 1164.43 149.046 55.5199 158.536 47.6841 29.3922 221.008 57.1837 321.214
504000218.031 1397.2 149.262 55.6297 158.313 47.7514 48.7437 288.728 77.6793 23.6384
504600768.505 1203.89 149.78 55.2147 158.699 48.1895 23.1995 274.159 36.002 12.0441
505173170.393 1333.03 149.431 55.2525 158.769 47.9923 49.3405 184.499 65.4401 328.456
505607654.631 1300.16 149.632 55.2371 158.72 48.1034 62.0336 169.454 88.1786 328.362
506109518.636 1421.53 149.524 55.59 158.277 47.9026 27.4366 135.309 60.7853 354.567
506359311.837 1514.38 149.082 55.2736 158.859 47.8022 31.3976 230.369 70.3392 37.2229
506484731.092 1026.15 149.545 55.4776 158.422 47.9595 37.9269 222.005 79.5141 33.0665
507285364.889 1378.07 149.466 55.405 158.548 47.9488 38.728 252.559 87.9152 31.798
507778265.979 1239.08 149.493 55.6262 158.238 47.8716 18.6437 59.1155 67.9326 341.601
507779596.868 1517.87 149.244 55.2743 158.803 47.8864 37.8123 171.205 82.2362 327.64
507870471.523 1426.7 149.801 55.4386 158.386 48.108 23.4258 149.544 68.8672 323.863
508658622.702 1138.54 149.899 55.3227 158.509 48.2067 25.4092 164.923 50.2338 322.242
509068738.052 1188.55 149.422 55.5561 158.358 47.8641 30.8999 221.637 46.728 19.5837
509538693.991 1026.48 149.208 55.445 158.583 47.7987 54.1301 141.427 71.0293 325.851
509937815.956 1235.34 149.548 55.5468 158.327 47.933 26.0778 124.588 40.7327 345.16
510970340.875 1086.88 149.741 55.5562 158.247 48.0281 29.6595 186.632 70.0429 36.9669
511982838.551 1485.37 149.861 55.273 158.591 48.2077 32.7645 274.808 81.9407 9.20147
512407518.381 1130.03 149.195 55.467 158.557 47.7827 33.5489 110.594 77.4397 325.114
512828637.742 1398.46 148.91 55.4692 158.651 47.6342 24.2074 248.102 61.0593 1.52824
512886276.71 1469.94 149.074 55.484 158.575 47.7136 3.5859 256.336 49.9792 341.193
512971621.907 1190.99 149.268 55.285 158.78 47.8943 50.1151 352.985 52.2279 356.826
513053260.535 1378.94 149.465 55.1801 158.856 48.0393 49.9576 351.465 82.9857 327.605
513891066.206 1006.31 149.455 55.3613 158.612 47.961 28.7857 171.75 40.4382 22.4152
514315206.6 1403.49 149.499 55.1928 158.827 48.052 53.3509 81.249 70.6231 327.627
514941098.03 1139.34 149.816 55.5187 158.271 48.0825 53.5739 125.298 81.5913 33.424
515216773.729 1320.08 149.31 55.6086 158.325 47.7849 13.1492 3.81977 50.5951 8.04069
515446226.016 1112.22 149.293 55.3648 158.663 47.875 47.9774 14.0749 85.7345 337.311
516449996.075 1366.81 149.411 55.3049 158.704 47.9606 39.9875 219.638 89.0586 32.6385
516726768.734 1299.08 149.057 55.3311 158.789 47.766 31.4024 38.6468 79.2852 324.645
516782157.258 1322.96 149.656 55.2803 158.653 48.098 34.9424 257.214 81.7585 10.7311
516909025.508 1213.06 149.621 55.3932 158.511 48.0339 17.964 354.362 67.6348 330.573
516955051.949 1055.43 149.128 55.3233 158.776 47.8059 22.394 31.1829 69.4266 324.723
517629361.082 1510.18 149.389 55.1279 158.954 48.0208 35.1444 71.1705 64.5773 321.215
518084845.114 1357.71 149.23 55.4871 158.518 47.793 29.4263 155.673 47.5712 16.1008
518221754.664 1262.96 149.256 55.4566 158.551 47.8187 36.7664 140.963 53.0366 23.6752
519217105.748 1417.97 149.457 55.2475 158.767 48.0081 45.4462 9.79736 64.9575 334.063
519227382.743 1402.91 149.519 55.3558 158.597 47.996 17.9989 77.8694 36.6565 25.5967
520151846.692 1491.65 149.653 55.3125 158.61 48.0834 33.5608 76.9258 74.1339 35.9874
520471614.58 1340.96 149.675 55.3192 158.593 48.0922 36.1105 75.5951 82.1038 33.2276
522314509.843 1292.92 149.917 55.317 158.511 48.2187 44.64 13.5047 71.2725 323.09
522645359.717 1286.59 149.448 55.3565 158.621 47.959 33.6659 6.2782 51.8181 321.937
522770087.4 1174.32 149.423 55.205 158.836 48.0075 20.9774 61.0828 36.0982 6.47137
523261927.551 1071.04 149.311 55.5389 158.42 47.8137 29.3032 350.719 40.1718 334.043
524461734.909 1542.82 149.332 55.4318 158.558 47.8681 38.3859 298.616 72.5043 345.654
524484304.406 1203.19 149.228 55.1324 159.003 47.9345 27.8023 282.483 63.1814 355.005
524792438.099 1553.23 148.98 55.417 158.698 47.6913 18.9117 210.334 64.5415 10.1857
525684517.16 1223.23 149.013 55.4054 158.703 47.7132 28.8704 235.223 78.8542 338.883
526928617.183 1128.08 149.233 55.4398 158.581 47.8135 59.1648 51.9699 79.955 26.103
527003459.933 1333.05 149.355 55.4987 158.459 47.853 29.1777 45.712 52.7245 12.4497
527511491.102 1195.62 149.04 55.2436 158.915 47.7917 42.8892 22.1282 58.3762 29.0297
527969809.533 1492.17 149.343 55.3031 158.73 47.9262 35.6061 287.899 47.9784 332.114
528482837.486 1057.02 149.238 55.6611 158.279 47.7263 20.7754 49.624 41.0246 31.016
529958230.44 1208.99 149.281 55.3059 158.747 47.8927 37.9874 190.33 86.8208 333.165
530254704.559 1201.97 149.209 55.2936 158.789 47.8599 29.3729 123.116 79.1709 352.317
530770690.3 1061.93 149.44 55.4021 158.561 47.9365 44.0866 281.98 86.3321 332.082
534510401.273 1383.62 149.393 55.4409 158.525 47.8959 29.4402 85.1284 79.3903 14.2951
534964059.281 1303.74 149.492 55.4215 158.517 47.9555 40.7896 220.99 88.3431 330.99
535219093.008 1211.84 149.009 55.5063 158.567 47.6707 25.4937 63.5702 74.8336 0.958731
536430370.602 1214.9 149.627 55.4827 158.387 47.9998 18.2039 272.487 35.2333 0.177574
536476930.15 1001.14 149.624 55.3639 158.55 48.0474 46.7137 162.705 52.9964 322.47
536506183.425 1422.88 149.694 55.4629 158.39 48.0426 64.9268 207.869 88.6585 326.349
537846961.517 1522.04 149.316 55.2288 158.841 47.9419 33.976 115.64 43.4419 7.06035
538097343.406 1445.24 149.3 55.5318 158.433 47.8108 26.018 229.993 59.7907 38.3436
538313770.809 1246.9 149.378 55.4988 158.451 47.8649 44.4316 213.348 82.491 30.9988
538943384.42 1252.99 149.668 55.2891 158.636 48.1008 25.8175 320.278 75.8781 23.3709
539023394.742 1160.93 149.068 55.3263 158.792 47.7737 27.8806 316.348 77.9402 22.1591
540487448.517 1513.37 149.699 55.3051 158.604 48.1103 21.8334 158.781 52.0675 322.647
540785001.181 1156.28 149.068 55.3019 158.826 47.7831 50.8131 158.174 74.3601 323.822
541663624.728 1225.1 149.56 55.4308 158.481 47.9868 25.6427 135.493 36.2832 341.331
541982935.914 1253.76 149.209 55.57 158.412 47.7485 17.7358 159.96 34.1771 19.7202
542302307.377 1060.0 149.003 55.5091 158.565 47.6664 26.0174 178.36 49.7172 37.4778
547056106.377 1228.37 149.501 55.3522 158.608 47.9883 14.239 23.0409 46.3926 5.62489
547147051.196 1119.45 149.569 55.1542 158.855 48.1043 6.91553 123.832 46.3451 27.0865
547199215.736 1364.0 149.294 55.2937 158.759 47.9047 26.831 5.12453 58.9644 354.287
547313717.03 1302.75 149.427 55.3964 158.574 47.932 36.9056 2.86094 71.0985 346.935
547380340.455 1140.47 149.15 55.4987 158.529 47.7466 36.5713 127.447 72.6051 36.174
547405168.679 1345.54 149.588 55.3988 158.514 48.0146 38.7832 358.673 75.1913 345.826
547603078.459 1359.24 149.238 55.5517 158.427 47.771 33.9271 133.101 75.106 35.3622
547718230.793 1043.21 149.652 55.5875 158.235 47.9698 14.084 241.134 64.1023 25.7655
547917901.567 1018.11 149.558 55.2977 158.663 48.0401 22.2576 212.605 71.6367 31.6176
548679518.568 1399.19 149.086 55.2315 158.915 47.821 25.2449 346.968 75.0451 331.115
548988524.377 1124.49 149.831 55.4256 158.393 48.1288 26.4401 44.1484 71.215 323.503
549056552.096 1480.86 149.692 55.3244 158.58 48.099 13.217 359.822 62.3479 329.967
549535956.343 1148.54 149.857 55.2475 158.627 48.216 5.40895 247.277 47.0811 343.736
549770611.315 1133.45 149.669 55.4825 158.372 48.022 20.8866 63.1783 47.3659 324.335
549902100.278 1042.08 149.52 55.4013 158.535 47.9783 28.8988 57.473 50.6271 321.922
550141881.111 1517.1 149.333 55.3962 158.606 47.8835 30.0583 53.6851 46.1927 323.822
550256443.989 1050.51 149.384 55.511 158.433 47.8629 45.1517 45.1284 62.1198 322.964
551460573.752 1207.62 149.302 55.2418 158.828 47.9297 13.3106 11.8277 40.5223 7.71051
553889897.63 1451.18 149.382 55.6023 158.309 47.8245 29.1056 356.636 63.7838 322.189
555116346.977 1118.99 149.353 55.4572 158.517 47.8686 32.8569 43.7814 44.8077 27.682
555179514.974 1025.92 149.629 55.2666 158.681 48.0897 22.4186 31.3231 32.0027 14.316
555293821.018 1303.56 149.357 55.3715 158.632 47.9057 20.6336 19.1548 30.367 9.44367
555751078.813 1166.39 149.308 55.445 158.548 47.8506 22.8426 324.29 39.9261 350.859
557446112.904 1014.19 149.264 55.2534 158.825 47.9048 39.8522 41.4258 88.9708 34.6827
558848094.961 1024.47 149.212 55.4401 158.588 47.8029 22.3653 312.379 50.4236 322.934
558911719.067 1370.59 149.58 55.1323 158.882 48.119 55.6543 319.472 83.8077 327.031
558968257.17 1438.67 149.642 55.1701 158.808 48.1358 34.2491 313.315 57.591 320.731
559526811.147 1497.57 149.582 55.6089 158.231 47.9248 23.4213 2.84525 35.5902 13.8381
559722078.545 1058.24 149.145 55.2242 158.905 47.8545 44.2516 292.718 58.1281 325.588
560452334.74 1189.59 149.564 55.3161 158.636 48.036 16.5463 265.127 38.2149 2.61384
562223494.641 1131.18 149.601 55.6233 158.204 47.9288 29.799 122.812 79.6261 352.181
562291402.427 1389.11 149.283 55.5464 158.419 47.7964 35.9108 78.1035 84.4891 16.4806
562452069.883 1278.65 149.189 55.4887 158.53 47.7712 25.4382 120.411 74.4842 348.698
562971762.03 1261.59 149.328 55.6052 158.324 47.7955 33.9089 105.294 60.9313 354.702
564040074.232 1044.94 149.516 55.4679 158.446 47.9487 21.3848 129.682 31.4026 348.805
564930129.982 1044.82 149.299 55.4192 158.587 47.856 33.0681 292.397 51.6068 37.8838
565529752.04 1140.53 149.682 55.1807 158.78 48.1526 22.9783 296.184 57.8742 38.2072
566031957.972 1239.61 149.189 55.5043 158.509 47.7646 31.794 290.531 76.2151 35.4127
566805456.522 1106.96 149.368 55.3423 158.668 47.9235 58.617 141.444 79.2205 334.073
569746016.706 1351.64 149.233 55.4441 158.575 47.812 14.5081 218.413 41.8799 29.3193
570364075.412 1526.7 149.281 55.3879 158.635 47.8597 41.7294 130.292 80.5918 343.179
572505420.355 1444.87 148.941 55.2457 158.945 47.7394 30.4762 242.175 58.8467 10.8489
572596365.478 1571.08 149.348 55.5494 158.393 47.8284 48.1774 228.285 75.734 23.6815
573133493.568 1572.36 149.212 55.5975 158.374 47.7386 40.6653 201.695 53.1056 25.4341
573544636.418 1153.93 149.359 55.5341 158.41 47.8405 41.4291 185.015 50.6877 32.5999
574002607.663 1461.78 149.794 55.5093 158.292 48.0751 28.3101 106.525 44.894 344.257
574572709.656 1106.53 149.865 55.2385 158.636 48.2239 16.2222 176.728 50.8531 35.2122
574948997.767 1028.64 149.416 55.4296 158.532 47.9127 34.722 173.085 74.4221 35.6673
575280622.302 1111.26 149.787 55.2822 158.604 48.1657 25.8431 206.81 73.3634 35.5634
575293271.228 1119.49 149.611 55.3069 158.632 48.0638 27.3308 327.889 74.5096 3.48753
576242110.345 1243.33 149.508 55.2972 158.681 48.0142 19.9869 339.949 69.8538 338.972
576893433.333 1437.49 149.746 55.187 158.749 48.1832 6.84465 97.9139 48.9368 331.457
577218690.042 1531.54 149.452 55.4958 158.43 47.904 10.2022 164.458 40.0874 344.517
577287838.824 1550.11 149.57 55.5331 158.338 47.95 28.8276 101.398 51.3358 321.921
577406484.628 1193.37 149.115 55.5479 158.475 47.7087 35.2905 236.788 53.1819 17.5083
578194826.912 1423.27 149.517 55.6012 158.264 47.8944 31.9163 123.561 34.3943 22.0757
580954849.348 1261.58 149.127 55.5956 158.406 47.6958 14.9929 327.389 65.049 334.712
580977517.205 1446.66 149.484 55.2856 158.705 48.0067 15.0862 301.18 64.4766 340.213
581218053.883 1113.5 148.989 55.2026 158.988 47.7818 20.5353 42.2556 61.9828 323.008
581468765.094 1200.78 149.476 55.2921 158.699 47.9998 1.90686 140.604 48.1817 338.246
581577105.306 1168.19 149.28 55.2777 158.786 47.9035 44.6961 306.12 45.9871 346.378
582764706.946 1550.42 149.722 55.3137 158.584 48.1187 21.6291 77.6215 31.7398 16.4976
582775339.522 1511.22 149.173 55.2489 158.862 47.8593 48.7092 76.1472 64.5891 35.535
583084442.17 1029.43 149.734 55.4887 158.341 48.0528 18.867 67.7837 34.7809 22.7159
583290061.111 1256.57 149.748 55.1598 158.785 48.1954 14.7117 56.7814 36.752 21.8657
583848610.103 1251.3 149.659 55.261 158.678 48.1077 42.7691 56.3704 77.146 34.472
584042689.062 1145.65 149.821 55.2467 158.641 48.1975 42.14 54.4952 80.9193 32.27
584066579.542 1547.96 149.606 55.4492 158.439 48.0032 8.27967 163.016 57.5331 28.1174
585286083.131 1019.48 149.188 55.4659 158.561 47.7798 42.5254 12.6899 89.5149 333.863
586242964.063 1340.84 149.184 55.4324 158.608 47.791 44.2557 56.0316 75.2866 22.4607
586632711.717 1376.51 149.685 55.5567 158.266 47.9992 23.59 1.69915 41.2716 327.189
586643157.124 1344.15 149.518 55.3868 158.555 47.9832 31.0522 59.1889 48.6806 17.9447
586884217.28 1118.7 149.556 55.4119 158.508 47.9927 36.5731 349.099 50.6078 324.081
587249916.523 1098.36 149.667 55.4707 158.389 48.0257 48.6564 336.03 64.0583 326.734
587306898.346 1402.99 149.158 55.4371 158.611 47.7758 44.1547 333.754 58.4137 328.133
587523926.771 1410.86 149.814 55.4961 158.303 48.0908 45.3095 326.224 61.742 331.124
587706051.667 1023.77 149.636 55.2059 158.761 48.1184 21.9056 322.462 38.2059 352.284
587865781.19 1540.63 149.493 55.3685 158.589 47.9773 15.7241 319.521 37.7864 4.45168
587922204.392 1050.88 149.377 55.3107 158.708 47.9407 25.6018 17.7263 47.5178 36.9748
588247114.326 1004.14 149.035 55.3225 158.808 47.758 62.0941 34.7488 72.9097 36.3096
588823816.087 1033.84 149.473 55.289 158.704 47.9997 36.6586 13.465 79.6547 33.567
