245552249.907 13545.1 149.47 55.4088 158.542 47.9493 52.9877 75.3599 86.4428 19.8065
246975819.36 12593.9 149.433 55.3622 158.619 47.9492 7.98131 238.288 35.2801 337.678
247836444.906 10202.7 149.402 55.3675 158.622 47.931 36.8963 211.351 52.1634 333.629
249057273.812 12297.1 149.241 55.3538 158.696 47.853 43.2163 312.546 60.6881 17.6339
250858404.959 12724.7 149.264 55.4111 158.61 47.8415 49.4359 79.6833 75.7547 16.1867
256257266.181 10500.8 149.403 55.3346 158.666 47.9449 17.2664 134.967 38.5465 329.651
259229980.412 15781.5 149.541 55.36 158.584 48.006 55.7358 116.52 89.8845 329.363
261538505.014 12945.9 149.352 55.4327 158.55 47.8784 60.9978 183.564 76.1288 35.2386
261687446.952 15375.8 149.446 55.4133 158.544 47.9352 66.9468 167.709 83.4226 34.7834
263053536.258 12676.5 149.415 55.4607 158.491 47.8997 30.4907 261.05 65.3951 21.5247
264310466.589 10038.3 149.297 55.332 158.707 47.8906 31.7954 284.978 68.6021 352.607
264540242.926 12907.3 149.502 55.2984 158.682 48.0108 18.225 309.563 56.7751 340.499
274824719.18 10621.3 149.338 55.3561 158.659 47.9024 18.1281 346.85 31.8351 351.636
277359502.185 10430.8 149.437 55.2844 158.723 47.9826 29.2682 94.1572 79.2198 15.2419
293065427.64 11729.8 149.38 55.4166 158.563 47.8994 25.9757 105.371 44.0064 324.862
295558542.488 14361.7 149.282 55.419 158.593 47.8479 30.7889 199.914 74.8113 34.0874
299493980.6 10749.2 149.333 55.4054 158.594 47.8798 8.09747 307.068 51.3155 14.5614
300446641.483 11813.9 149.375 55.3595 158.642 47.9202 32.0962 291.477 81.6629 352.137
303876847.836 15322.3 149.406 55.4239 158.544 47.9102 43.2434 305.42 71.9151 340.228
304826521.451 11108.3 149.49 55.3882 158.563 47.9683 37.9513 21.3308 85.3471 31.929
309197234.865 13101.1 149.466 55.3603 158.61 47.9671 29.2734 353.677 74.4295 36.1619
309462904.648 13809.4 149.423 55.3501 158.638 47.9488 35.4888 156.069 83.0602 347.409
310530054.832 10844.7 149.389 55.3277 158.681 47.9404 11.2543 181.66 60.9127 332.253
313121996.945 13479.8 149.468 55.3422 158.634 47.9753 35.1666 176.161 63.7529 346.188
317113461.647 14532.9 149.326 55.4352 158.556 47.864 24.5127 172.755 38.5653 346.917
318707247.625 10693.1 149.466 55.3914 158.567 47.9542 25.9421 348.807 75.7024 15.3423
320188259.202 13434.1 149.435 55.3174 158.679 47.9683 20.8064 147.514 54.3959 322.697
324186113.3 10111.9 149.422 55.3354 158.659 47.9541 33.6671 96.3327 78.3162 325.158
326569802.854 15355.3 149.45 55.3394 158.644 47.9673 14.4013 80.375 35.7582 12.588
328668448.115 10223.0 149.336 55.3224 158.706 47.9147 36.6878 251.718 83.1875 13.6402
329528995.419 14526.4 149.26 55.3725 158.664 47.855 20.0341 187.603 50.7873 1.03071
332497759.975 10465.0 149.4 55.3583 158.635 47.9336 34.158 68.3863 81.8456 34.6753
335985082.798 14652.8 149.375 55.3516 158.653 47.9231 16.0563 5.74802 42.9616 31.4231
348500369.057 11031.2 149.378 55.305 158.716 47.9437 55.2644 231.924 76.4696 30.5384
348960149.573 15314.8 149.284 55.4198 158.591 47.8483 23.0551 189.43 32.7688 343.075
349843200.553 10647.5 149.56 55.4086 158.511 47.9959 40.9103 139.381 66.1661 340.505
353752138.431 11804.0 149.478 55.3448 158.627 47.9794 27.5771 115.162 38.504 338.916
356709746.864 13824.5 149.567 55.3799 158.548 48.0113 11.5384 291.834 58.9109 343.796
357100506.859 11003.0 149.427 55.2984 158.708 47.972 38.6971 95.2339 68.6909 322.339
359432182.025 10042.6 149.54 55.4031 158.526 47.9882 36.7557 351.065 71.1026 347.122
367936155.343 10866.8 149.319 55.3496 158.675 47.895 17.2618 350.011 35.3567 22.4675
370808746.57 12598.0 149.418 55.3603 158.626 47.942 29.002 296.291 62.2089 321.368
371066375.086 10023.7 149.404 55.4618 158.493 47.8934 46.5215 350.091 53.8609 321.544
378197552.043 12473.3 149.402 55.3808 158.604 47.9253 26.2788 277.635 70.2695 36.8077
381189725.216 10588.1 149.277 55.4456 158.559 47.8343 21.3683 186.293 30.9711 349.119
381395363.511 10979.9 149.444 55.3879 158.58 47.9445 26.4633 213.76 37.9873 28.292
385875288.783 12291.1 149.524 55.4384 158.483 47.9651 31.0935 177.972 42.6024 30.0302
388143082.692 12964.6 149.357 55.3 158.729 47.9351 40.6161 217.887 89.7481 34.0431
388615945.626 12937.7 149.448 55.3991 158.563 47.9419 39.4527 91.7689 84.2856 329.38
392985321.736 10484.8 149.576 55.3651 158.565 48.0222 25.4129 325.475 75.3912 333.57
397526045.856 13550.0 149.372 55.4687 158.494 47.8742 36.8918 92.7365 85.2694 18.4776
397527430.142 12710.3 149.508 55.3831 158.564 47.9793 27.7613 294.061 77.5464 331.215
398963145.223 15790.2 149.357 55.4159 158.572 47.8879 57.3338 40.5416 81.6638 30.0248
399492043.024 10905.3 149.469 55.4086 158.543 47.9487 48.8328 321.95 64.3335 325.113
401310929.703 10214.9 149.459 55.3981 158.561 47.9481 26.4525 21.6115 72.6204 36.166
403655171.68 12139.2 149.43 55.3385 158.652 47.9571 22.0602 292.745 38.7065 329.611
404205148.749 14245.0 149.397 55.3705 158.62 47.9272 41.3663 263.157 54.5955 327.509
405194152.849 11413.2 149.367 55.3556 158.65 47.9175 22.1585 319.695 52.5555 37.5366
405476328.364 13791.6 149.386 55.3872 158.601 47.9143 45.0675 190.172 80.8117 340.187
411333063.257 14811.6 149.356 55.4115 158.578 47.8891 33.7332 46.3989 82.2766 9.94885
421882857.967 14788.0 149.408 55.3364 158.662 47.9468 29.1988 182.156 49.2456 14.5587
428676431.413 11728.6 149.38 55.3372 158.671 47.9318 44.2892 309.319 80.3796 345.163
441469133.864 10020.5 149.423 55.4498 158.503 47.9081 33.9213 179.234 52.0353 340.662
445781543.558 13243.3 149.403 55.345 158.652 47.9406 33.7918 140.848 47.1313 335.857
460257668.217 11688.8 149.43 55.4601 158.486 47.9078 5.69403 318.675 45.4666 17.4663
466398678.222 12260.9 149.398 55.3678 158.623 47.9289 26.9964 222.666 76.1776 327.21
467266185.138 14913.7 149.431 55.4202 158.54 47.9244 31.5637 48.7155 62.6675 10.2783
471393835.936 10078.8 149.371 55.3102 158.711 47.9383 9.90701 100.349 60.9897 340.83
473330395.9 10115.4 149.374 55.3074 158.714 47.9407 25.2911 248.512 39.398 31.3556
473970836.532 12674.6 149.451 55.3748 158.595 47.9535 10.4881 150.055 46.3456 10.6427
486600529.569 15811.9 149.466 55.4053 158.548 47.9489 35.9728 118.518 48.3132 30.1894
487503597.146 15395.7 149.438 55.3281 158.663 47.9658 10.2591 62.5886 40.2717 21.5217
487573451.598 10554.3 149.504 55.3185 158.654 48.0041 52.7884 358.974 81.3725 333.78
488440485.214 10153.1 149.415 55.3959 158.579 47.9261 18.6693 212.612 68.6566 26.1048
489709680.027 12947.5 149.449 55.3938 158.57 47.9446 26.8972 190.504 71.2498 3.86509
492737488.132 10615.3 149.347 55.359 158.653 47.9057 14.8805 65.9112 61.4462 33.6327
500607193.592 12478.5 149.439 55.3951 158.572 47.9388 27.4157 241.91 39.0625 340.162
504601075.946 10684.3 149.37 55.3943 158.596 47.903 18.4645 247.808 31.5373 350.68
508509047.723 14617.6 149.461 55.3319 158.65 47.9757 24.0712 256.954 53.8351 5.04617
510028779.205 13297.9 149.426 55.3969 158.573 47.9312 16.3393 149.388 33.7171 12.3496
511685408.921 13423.6 149.385 55.3706 158.624 47.9205 30.11 265.213 80.1358 21.0854
516841241.231 15131.2 149.428 55.4208 158.54 47.9223 33.6585 55.889 79.6948 325.393
517034498.058 13224.4 149.253 55.3399 158.711 47.8645 13.1918 325.558 63.1929 335.948
517514779.594 10113.0 149.401 55.327 158.677 47.9466 20.0365 75.0696 54.3924 322.992
518496156.834 11138.0 149.237 55.3854 158.654 47.8375 28.2626 117.271 39.5661 22.4441
519194275.68 13118.2 149.422 55.4623 158.486 47.9022 46.1753 10.726 65.6628 333.606
520508196.724 11681.7 149.347 55.3048 158.726 47.9275 39.9713 319.668 86.154 340.868
521766428.961 10588.3 149.343 55.347 158.67 47.9086 43.0947 21.6923 82.4856 328.949
525582710.406 15069.1 149.398 55.3994 158.579 47.9159 40.3232 308.68 89.3965 325.874
535709938.223 11720.4 149.376 55.3948 158.594 47.9061 40.1966 330.66 76.8132 17.9037
542463981.283 10737.8 149.487 55.4001 158.548 47.9616 52.4204 108.126 81.7823 334.254
555214710.729 11946.6 149.389 55.4209 158.554 47.902 40.2904 342.869 53.2994 327.446
563116188.134 11457.6 149.379 55.4715 158.488 47.8767 49.7411 266.309 80.1562 327.33
563771940.118 12429.3 149.324 55.4275 158.567 47.8656 15.3326 218.634 38.6614 330.447
575978179.273 15276.0 149.526 55.3304 158.63 48.01 37.5891 251.593 86.1862 21.9908
582046717.338 11125.3 149.403 55.4049 158.571 47.916 58.2828 48.4382 81.7386 325.464
583301906.144 13868.2 149.527 55.3389 158.617 48.0073 19.8993 5.59278 40.9464 356.456
588528232.812 14932.1 149.486 55.4264 158.513 47.9501 12.3155 267.716 56.1066 11.8411
