265727355.52 20525.6 149.281 55.388 158.636 47.8596 7.49821 47.9343 31.4588 345.362
272185434.949 18327.8 149.403 55.4111 158.562 47.9137 23.5741 127.86 62.2604 20.9674
276499253.683 23273.3 149.387 55.4091 158.571 47.906 13.5782 178.826 55.2462 9.79854
278531919.57 24905.4 149.387 55.4389 158.53 47.8941 49.3821 281.273 85.5999 330.551
279436677.768 21294.8 149.345 55.3685 158.64 47.9009 20.3692 279.498 33.9971 337.54
286892991.626 16540.7 149.438 55.3751 158.599 47.9464 24.9295 37.6016 80.4017 0.355058
294606560.217 16257.0 149.402 55.3307 158.672 47.9458 28.3549 146.962 55.3541 38.7874
296313074.514 23408.1 149.444 55.382 158.588 47.9469 45.4604 61.2867 87.9992 331.303
306892047.017 24237.8 149.412 55.3291 158.671 47.9519 59.4854 31.8526 83.9827 31.0581
329976077.625 17074.0 149.406 55.4264 158.54 47.909 25.6438 132.006 43.3355 12.6545
330790433.111 18769.5 149.409 55.311 158.697 47.9575 19.3802 53.3041 30.6397 6.7031
331202479.094 20331.3 149.495 55.3934 158.555 47.9686 32.1736 68.6491 52.365 38.3073
333613513.879 20359.6 149.43 55.358 158.625 47.9491 37.8715 3.89068 78.4349 326.211
336283726.871 21676.6 149.363 55.3974 158.595 47.8985 13.6575 250.75 50.5417 7.43714
347744649.231 20177.7 149.38 55.4619 158.501 47.881 22.8379 353.503 58.8812 0.899664
359453574.664 21495.2 149.339 55.428 158.561 47.8735 22.8939 129.025 60.0607 37.819
369289114.034 19653.4 149.433 55.4317 158.524 47.9209 32.1254 180.269 79.343 355.486
382139595.504 21366.4 149.33 55.363 158.653 47.8955 26.3791 204.138 54.0173 38.4905
394530963.458 24464.8 149.438 55.4186 158.54 47.9289 21.8082 94.2173 37.1639 8.3734
395675733.135 18918.7 149.427 55.3983 158.571 47.9313 27.7518 51.8962 48.5278 37.3575
403300564.92 20269.5 149.46 55.3256 158.659 47.9783 28.594 289.058 53.8063 321.263
404376715.404 15893.1 149.434 55.408 158.556 47.9311 34.6516 255.596 47.1547 333.206
418219848.966 18479.6 149.492 55.3621 158.598 47.9799 31.6179 35.605 33.7566 22.3744
436921599.609 24162.7 149.463 55.3438 158.633 47.972 39.2807 224.347 58.7108 337.887
440038531.425 21677.2 149.472 55.4032 158.549 47.9526 27.5396 353.566 52.5957 10.308
444076012.06 19665.5 149.407 55.4197 158.549 47.9124 49.7968 236.683 88.9869 24.7783
445255173.294 22184.9 149.321 55.4511 158.536 47.8549 20.6462 179.804 31.6297 344.401
446878918.882 16893.8 149.31 55.3721 158.647 47.8813 17.8716 29.0486 60.2548 7.52022
473627745.768 17450.5 149.441 55.3799 158.591 47.9462 14.0238 225.639 37.3471 21.8856
476315016.993 24909.2 149.383 55.3572 158.642 47.9255 4.40086 160.581 49.6635 333.306
482554247.495 19863.6 149.402 55.3484 158.648 47.9385 36.6628 152.698 53.3984 37.6287
489045968.441 18980.2 149.359 55.3494 158.662 47.9157 39.5118 156.3 88.4749 30.8555
489756448.679 24301.1 149.55 55.3929 158.536 47.9971 9.77508 4.56797 59.53 327.608
493382386.372 21747.6 149.418 55.3984 158.574 47.9266 40.9347 34.3379 89.8735 32.1255
506028464.237 18454.9 149.327 55.392 158.614 47.8816 17.9641 242.295 51.8568 36.043
509104798.499 22163.9 149.325 55.4403 158.549 47.8612 58.6807 155.892 79.7897 324.824
513515048.562 17157.3 149.524 55.3764 158.568 47.9902 26.5031 109.786 44.02 324.75
537390296.5 17648.2 149.269 55.3638 158.672 47.8633 25.3153 176.904 40.2466 346.515
564052703.329 20353.7 149.486 55.3776 158.579 47.9704 58.6371 256.518 81.0947 324.894
565994027.185 18491.6 149.325 55.3817 158.629 47.8852 43.6995 146.619 82.6591 344.357
566425949.717 16215.9 149.329 55.4475 158.538 47.8602 38.5868 288.134 87.1793 32.8702
567010943.638 24351.3 149.413 55.3868 158.592 47.9287 57.4241 134.804 72.8915 338.251
569905784.492 17510.1 149.347 55.3892 158.611 47.8934 15.861 226.55 47.638 33.9265
570260425.398 16924.9 149.347 55.4602 158.514 47.8643 11.8973 77.9846 55.9121 12.8108
582160032.062 19300.0 149.553 55.3517 158.591 48.0155 38.5901 330.988 40.1346 327.773
582889496.824 17243.1 149.434 55.2957 158.709 47.9765 49.7934 72.0603 66.8807 36.2715
588578265.542 18479.2 149.401 55.3111 158.699 47.9534 35.8904 4.61313 76.8505 34.529
588664790.521 19354.3 149.436 55.407 158.556 47.9325 5.84488 9.31648 58.8331 30.1483
