-1
-1
-1
0
-1
-1
-1
-1
8
-1
-1
1
2
2
1
-1
-1
-1
-1
-1
-1
0
1
2
-1
-1
-1
-1
-1
0
-1
2
-1
-1
5
-1
5
-1
-1
-1
-1
6
-1
-1
0
2
2
2
9
-1
3
8
-1
-1
3
-1
-1
-1
2
-1
0
1
-1
8
-1
-1
-1
-1
-1
5
-1
-1
2
8
-1
4
-1
9
-1
-1
-1
-1
1
-1
-1
-1
4
-1
-1
6
-1
-1
-1
-1
4
5
1
0
1
-1
0
7
-1
-1
6
-1
-1
5
7
1
-1
0
4
-1
-1
0
4
9
6
0
5
-1
0
-1
1
-1
-1
-1
0
6
9
1
-1
9
-1
5
-1
6
2
6
9
-1
-1
2
5
6
-1
-1
-1
-1
8
-1
-1
2
0
7
-1
-1
4
-1
6
1
-1
-1
6
-1
1
3
-1
1
-1
-1
-1
-1
-1
-1
0
1
-1
-1
0
3
-1
-1
0
-1
3
9
-1
1
3
9
-1
-1
-1
-1
-1
5
-1
-1
8
-1
1
1
-1
-1
-1
-1
-1
-1
0
-1
-1
3
-1
-1
-1
-1
0
-1
-1
-1
-1
-1
1
5
3
8
-1
-1
-1
6
0
7
4
-1
-1
-1
-1
-1
-1
0
2
-1
0
2
0
0
0
-1
3
-1
-1
9
-1
0
-1
-1
4
1
2
-1
-1
-1
8
4
-1
2
-1
-1
-1
-1
9
-1
1
-1
-1
-1
0
-1
4
7
-1
3
9
-1
-1
-1
-1
5
5
-1
-1
7
4
8
-1
-1
-1
3
-1
-1
1
-1
-1
3
6
5
-1
-1
2
-1
4
7
2
0
-1
7
1
5
-1
4
4
3
4
9
-1
0
1
-1
-1
-1
-1
3
-1
7
-1
-1
7
0
6
-1
9
6
-1
0
4
-1
2
-1
-1
0
-1
-1
8
-1
-1
-1
-1
8
-1
0
8
1
9
2
-1
5
-1
5
1
0
1
-1
-1
6
7
-1
-1
-1
-1
3
0
-1
0
7
-1
-1
-1
2
7
-1
5
8
8
1
-1
-1
4
8
-1
-1
4
4
7
-1
4
2
1
-1
4
-1
3
2
9
2
3
2
0
-1
4
-1
0
7
-1
-1
6
5
-1
0
-1
-1
-1
5
-1
2
2
3
7
-1
7
-1
-1
5
-1
-1
-1
-1
0
3
-1
-1
-1
-1
-1
4
2
2
4
9
5
-1
-1
3
0
6
-1
-1
5
1
-1
-1
0
-1
4
4
-1
-1
-1
-1
3
-1
-1
-1
1
-1
-1
3
-1
3
-1
8
1
-1
3
-1
7
7
-1
-1
9
2
-1
9
0
8
-1
1
-1
6
5
0
-1
-1
6
-1
1
0
-1
-1
8
8
-1
8
0
7
-1
6
-1
6
3
3
-1
-1
-1
6
-1
0
-1
9
-1
-1
9
-1
-1
-1
-1
-1
-1
