-1
-1
-1
-1
-1
-1
-1
-1
5
-1
-1
-1
3
4
6
-1
-1
-1
-1
-1
-1
9
-1
3
-1
-1
-1
-1
-1
9
-1
4
-1
-1
-1
-1
-1
-1
-1
-1
-1
-1
-1
-1
-1
4
4
3
1
-1
-1
5
-1
-1
2
-1
-1
-1
4
-1
9
-1
-1
-1
-1
-1
-1
-1
-1
-1
-1
-1
-1
-1
-1
8
-1
-1
-1
-1
-1
-1
-1
-1
-1
-1
8
-1
-1
-1
-1
-1
-1
-1
7
-1
-1
-1
-1
0
9
-1
-1
-1
-1
-1
-1
-1
-1
-1
-1
-1
7
-1
-1
9
8
1
-1
9
-1
-1
9
-1
-1
-1
-1
-1
9
-1
1
-1
-1
-1
-1
-1
-1
-1
4
-1
-1
-1
-1
3
-1
-1
-1
0
-1
-1
-1
-1
-1
4
-1
-1
0
-1
-1
-1
-1
6
-1
0
-1
-1
-1
-1
-1
-1
-1
-1
-1
-1
-1
-1
9
-1
-1
-1
9
-1
-1
-1
9
-1
-1
-1
-1
6
2
-1
-1
-1
-1
-1
-1
-1
-1
-1
5
-1
6
-1
-1
-1
-1
-1
-1
-1
9
-1
-1
-1
-1
0
-1
-1
9
-1
-1
-1
-1
-1
-1
-1
2
5
-1
-1
-1
-1
9
-1
8
-1
-1
0
-1
-1
-1
9
3
-1
-1
3
-1
-1
-1
-1
2
-1
-1
1
-1
-1
-1
-1
8
-1
4
-1
0
-1
5
7
-1
4
-1
-1
-1
-1
1
-1
-1
-1
-1
-1
9
-1
-1
-1
-1
2
-1
-1
-1
-1
-1
-1
-1
-1
-1
-1
8
-1
-1
-1
-1
-1
-1
-1
6
-1
-1
2
-1
-1
-1
-1
3
-1
7
-1
-1
-1
-1
-1
6
-1
-1
7
7
2
8
-1
-1
-1
6
-1
-1
-1
0
-1
-1
-1
-1
-1
-1
9
-1
-1
1
-1
-1
9
8
-1
-1
-1
-1
-1
-1
-1
5
-1
-1
-1
-1
-1
-1
-1
5
-1
1
3
-1
-1
-1
-1
-1
-1
6
-1
-1
-1
-1
-1
-1
-1
0
2
9
-1
-1
-1
-1
-1
-1
3
-1
-1
-1
-1
5
-1
-1
-1
7
5
-1
-1
7
-1
-1
0
8
4
-1
-1
7
-1
2
3
1
4
-1
-1
9
-1
-1
-1
9
-1
-1
-1
-1
-1
-1
-1
-1
-1
-1
-1
-1
3
-1
2
-1
-1
-1
-1
0
-1
-1
-1
-1
-1
-1
-1
-1
-1
-1
-1
-1
7
3
3
8
-1
-1
-1
-1
2
9
-1
-1
-1
-1
-1
-1
-1
-1
-1
7
7
-1
-1
-1
-1
-1
-1
-1
-1
-1
-1
-1
-1
-1
-1
-1
5
6
-1
-1
-1
-1
-1
-1
-1
1
-1
-1
-1
-1
5
-1
-1
-1
-1
-1
-1
-1
-1
-1
-1
6
-1
-1
-1
5
5
-1
-1
-1
-1
-1
-1
-1
-1
2
2
-1
-1
-1
-1
-1
9
-1
-1
-1
-1
1
-1
-1
-1
-1
-1
-1
