5
4
-1
2
-1
-1
6
-1
3
-1
-1
-1
1
0
7
-1
4
0
-1
-1
-1
2
8
0
-1
4
4
-1
6
-1
-1
0
-1
-1
5
4
7
3
-1
3
-1
-1
-1
-1
-1
7
0
0
-1
-1
-1
3
-1
4
1
-1
6
6
-1
4
-1
-1
4
-1
-1
-1
-1
-1
-1
-1
-1
-1
-1
-1
-1
8
6
-1
5
5
-1
-1
0
4
-1
-1
2
-1
-1
-1
4
-1
-1
-1
2
0
-1
-1
0
-1
2
-1
-1
-1
9
4
-1
8
-1
0
-1
-1
-1
-1
-1
3
7
-1
-1
2
-1
-1
-1
-1
0
-1
-1
0
-1
9
-1
2
-1
-1
5
-1
-1
-1
0
9
-1
-1
-1
0
5
-1
7
8
-1
-1
3
-1
-1
0
-1
8
-1
-1
-1
-1
-1
7
-1
-1
-1
-1
0
-1
-1
-1
-1
-1
-1
-1
-1
3
-1
0
-1
6
1
1
3
-1
-1
-1
-1
-1
-1
-1
1
-1
-1
-1
-1
4
-1
-1
-1
-1
6
-1
-1
-1
-1
-1
-1
-1
4
-1
5
-1
6
-1
-1
-1
0
-1
2
-1
-1
-1
3
-1
0
0
1
3
7
-1
-1
-1
2
-1
-1
-1
-1
-1
-1
-1
-1
2
-1
-1
1
-1
-1
1
4
-1
1
-1
-1
-1
-1
1
-1
-1
7
-1
0
-1
-1
-1
0
-1
-1
-1
-1
-1
-1
-1
-1
-1
3
-1
-1
-1
2
6
-1
-1
-1
2
-1
-1
-1
-1
-1
-1
-1
-1
-1
-1
-1
-1
-1
-1
-1
-1
-1
-1
7
-1
-1
-1
-1
-1
-1
4
-1
-1
8
-1
-1
1
9
-1
7
0
-1
-1
8
1
2
-1
-1
1
7
-1
-1
-1
-1
-1
-1
-1
-1
6
-1
1
-1
-1
-1
9
-1
2
8
-1
-1
-1
-1
-1
-1
-1
3
-1
4
-1
-1
-1
-1
-1
3
2
-1
1
-1
5
-1
5
-1
1
-1
-1
-1
9
-1
-1
-1
6
-1
1
2
-1
-1
-1
-1
-1
-1
-1
-1
-1
-1
-1
6
-1
6
-1
-1
3
-1
-1
8
-1
-1
-1
2
-1
-1
-1
2
-1
-1
1
-1
0
-1
-1
2
-1
-1
-1
-1
-1
-1
-1
-1
-1
-1
-1
-1
9
-1
-1
-1
-1
-1
-1
-1
-1
8
-1
-1
7
-1
-1
-1
-1
5
-1
9
-1
5
-1
-1
8
-1
-1
8
1
-1
4
9
-1
-1
-1
-1
-1
5
-1
3
-1
5
-1
-1
-1
-1
-1
-1
-1
-1
-1
0
-1
0
-1
-1
-1
-1
-1
-1
-1
-1
-1
-1
-1
2
-1
-1
3
-1
-1
-1
-1
2
3
-1
-1
-1
-1
-1
-1
-1
-1
-1
-1
-1
-1
-1
-1
-1
3
-1
-1
-1
-1
-1
-1
-1
-1
1
1
5
-1
-1
-1
3
-1
5
-1
-1
-1
-1
-1
-1
9
-1
-1
-1
