2
-1
-1
-1
-1
-1
-1
-1
9
-1
-1
-1
-1
-1
3
-1
-1
6
-1
-1
-1
1
4
0
-1
-1
-1
-1
-1
1
-1
-1
-1
-1
2
-1
3
-1
-1
9
-1
-1
-1
-1
0
-1
-1
-1
-1
-1
-1
9
-1
-1
0
-1
-1
-1
-1
-1
1
6
-1
-1
-1
-1
0
-1
-1
-1
-1
-1
-1
-1
-1
3
-1
-1
-1
-1
6
-1
8
-1
-1
-1
4
-1
-1
-1
-1
-1
-1
-1
1
6
-1
-1
8
-1
1
-1
-1
-1
-1
-1
-1
-1
-1
-1
-1
-1
7
-1
-1
1
-1
-1
-1
1
3
-1
1
-1
-1
-1
-1
6
1
-1
-1
4
-1
-1
5
-1
-1
-1
6
-1
-1
-1
-1
-1
5
-1
-1
-1
-1
-1
-1
-1
-1
-1
-1
4
-1
-1
-1
-1
-1
-1
-1
-1
-1
-1
8
-1
-1
8
-1
-1
-1
-1
-1
9
2
-1
-1
-1
1
-1
-1
-1
7
-1
-1
-1
-1
-1
-1
-1
-1
-1
-1
-1
-1
5
-1
-1
8
-1
3
8
-1
-1
-1
-1
-1
-1
2
-1
-1
1
-1
-1
6
-1
1
-1
-1
-1
9
-1
8
6
0
-1
-1
-1
6
-1
1
-1
3
-1
-1
-1
-1
-1
-1
1
-1
-1
0
-1
-1
-1
-1
-1
0
5
-1
-1
-1
-1
-1
-1
3
-1
-1
-1
-1
-1
9
7
-1
-1
-1
-1
-1
0
-1
-1
-1
-1
-1
-1
1
-1
-1
-1
-1
0
-1
-1
-1
-1
-1
5
-1
-1
-1
4
-1
-1
-1
-1
-1
-1
-1
-1
3
-1
-1
0
-1
-1
-1
-1
-1
-1
-1
-1
-1
-1
-1
-1
3
-1
-1
7
4
0
3
-1
-1
0
-1
-1
-1
-1
-1
1
-1
-1
-1
2
-1
1
-1
-1
-1
-1
-1
-1
3
-1
-1
-1
5
0
-1
-1
-1
-1
-1
-1
-1
-1
-1
-1
9
4
-1
0
-1
0
-1
5
-1
0
-1
-1
-1
-1
-1
-1
2
-1
-1
0
1
-1
-1
-1
-1
2
-1
-1
-1
-1
-1
-1
8
-1
-1
-1
7
-1
-1
-1
4
-1
-1
-1
4
-1
-1
-1
7
-1
-1
0
-1
-1
-1
-1
1
-1
-1
-1
7
-1
-1
-1
8
-1
-1
0
-1
-1
-1
2
-1
-1
-1
0
-1
-1
4
-1
-1
-1
5
-1
-1
2
5
-1
-1
-1
2
-1
-1
4
-1
-1
3
-1
2
-1
-1
-1
0
-1
-1
-1
2
-1
-1
-1
0
-1
7
7
-1
-1
-1
-1
-1
5
-1
-1
6
-1
-1
-1
-1
-1
-1
8
-1
-1
-1
-1
4
-1
-1
-1
-1
-1
-1
-1
-1
9
-1
-1
2
-1
-1
0
-1
-1
-1
-1
-1
-1
-1
-1
9
9
-1
-1
0
-1
-1
-1
-1
-1
0
0
-1
-1
-1
-1
-1
-1
5
7
-1
-1
-1
-1
-1
-1
-1
-1
-1
