10
14
3
1
6
17
16
16
15
19
14
15
5
13
14
21
7
14
11
4
20
5
16
5
8
7
14
12
9
2
18
1
7
19
10
17
13
5
22
8
25
11
19
4
2
13
13
5
1
4
2
16
14
6
10
25
19
16
13
14
10
13
14
23
22
3
10
25
19
12
10
18
5
15
17
2
9
1
12
12
14
19
15
7
8
25
2
9
18
23
14
10
15
22
1
13
15
1
15
20
2
1
9
11
23
3
16
13
4
13
7
1
1
12
25
2
5
1
11
2
13
23
2
12
15
4
16
14
2
23
16
2
25
1
12
13
12
14
13
23
1
10
10
5
13
15
19
20
9
23
15
21
24
13
5
16
20
12
17
5
22
11
16
20
11
22
15
10
18
15
24
11
6
22
20
8
10
15
19
17
2
2
25
23
1
23
3
1
16
15
10
4
5
7
16
7
24
13
17
12
15
9
12
15
12
20
6
25
4
25
10
12
9
2
20
20
14
3
5
9
23
9
8
18
15
5
10
15
19
14
14
11
2
16
4
7
20
20
11
11
20
2
1
11
10
5
1
2
3
10
10
4
13
1
10
1
16
10
3
15
13
12
16
8
15
1
18
15
10
5
16
10
16
22
15
21
3
17
2
9
1
1
11
10
1
23
25
7
10
13
13
21
6
16
3
15
17
8
8
10
12
25
13
20
8
2
15
10
25
14
5
4
1
21
5
1
11
7
10
13
4
1
1
10
2
1
9
10
19
20
9
22
20
2
4
21
11
13
7
5
11
4
16
23
20
2
2
23
5
21
4
2
23
10
15
25
17
21
25
15
8
5
16
5
1
10
20
10
16
13
16
10
15
16
17
23
17
20
13
9
16
10
2
11
2
4
24
10
3
4
20
12
13
15
15
4
9
25
1
15
10
17
16
1
1
20
2
5
15
5
1
10
10
5
1
13
2
5
5
6
1
11
2
16
9
9
23
13
10
2
17
23
1
10
21
16
5
10
16
21
16
23
20
13
12
17
11
13
10
10
14
9
13
21
20
1
5
5
10
1
10
17
11
2
10
11
20
19
10
15
25
11
10
20
1
1
22
23
20
8
1
4
15
20
15
18
20
2
22
2
20
15
16
20
24
25
1
1
8
25
1
5
9
1
1
15
11
15
13
11
10
10
1
10
22
16
13
10
10
10
15
15
23
23
10
1
20
23
10
11
2
10
12
19
16
11
25
1
4
1
4
5
16
6
22
11
16
9
17
