0
1
2
3
4
5
6
7
8
9
10
11
12
13
14
15
17
18
19
21
22
23
24
25
27
28
29
30
31
32
34
35
37
38
39
40
41
42
44
45
46
48
49
50
51
52
53
54
56
57
58
59
60
61
63
64
65
66
67
68
69
70
71
72
73
77
78
79
80
81
84
85
86
87
88
90
91
92
94
95
96
97
98
100
101
102
103
104
105
106
107
108
109
111
112
113
114
115
116
118
119
120
121
122
124
125
127
128
129
130
134
135
136
138
139
140
141
143
144
146
147
148
149
151
152
153
155
156
157
158
159
160
161
162
163
164
165
166
168
169
170
171
172
173
174
175
176
177
179
181
182
184
186
187
188
189
190
192
194
195
196
197
199
200
201
204
206
208
209
210
211
212
214
216
218
219
220
222
223
224
225
226
228
229
230
231
232
233
234
235
236
239
240
241
242
243
244
245
246
247
248
249
252
253
254
255
256
257
258
259
261
264
266
267
268
269
270
271
272
273
274
275
276
277
278
279
280
284
285
286
287
288
290
291
293
294
296
297
299
301
303
304
307
308
309
310
311
312
313
316
317
320
323
324
325
326
327
328
329
330
331
332
333
335
337
338
339
342
345
347
348
352
355
356
358
359
361
362
363
364
365
366
367
368
369
370
372
373
374
376
379
382
383
384
386
387
389
390
393
395
396
397
398
399
400
401
402
403
404
406
407
408
409
410
411
413
416
417
418
420
421
424
426
427
428
429
431
432
433
435
437
438
439
440
441
443
444
446
447
448
449
450
451
452
454
457
458
459
460
461
462
463
464
465
467
470
471
472
473
474
475
477
478
480
481
483
484
485
486
489
490
494
495
496
497
498
501
502
504
505
506
509
512
513
518
520
522
524
525
528
529
531
532
533
535
536
537
539
541
542
544
545
546
547
549
550
551
552
553
554
555
556
557
558
559
560
562
563
564
565
567
568
570
571
572
574
575
576
577
578
580
583
585
587
588
589
590
591
592
593
596
597
598
600
603
605
606
607
608
610
612
614
615
618
620
622
623
624
625
626
628
629
630
631
633
636
638
639
642
644
645
646
647
648
650
651
653
654
656
658
659
660
663
664
665
667
668
669
670
673
674
676
677
679
681
683
686
688
689
690
691
692
694
695
696
697
698
699
701
702
703
704
705
708
709
710
711
713
715
716
718
721
723
727
728
730
731
732
733
734
735
736
742
743
744
745
746
747
748
749
750
751
753
754
757
758
759
760
762
