0 125.892541179 2.73 11.4099312735 4035.50799561 8147.71 125092.239376 5.2640019787e-06
1 199.526231497 1.87 12.4452078926 3529.39929199 7537.19 80426.1495323 5.3722502998e-06
2 316.227766017 1.14 12.9163014481 2307.87783813 5717.53 31926.351368 5.09221441445e-06
3 501.187233627 0.72 8.64306992365 945.906616211 2477.34 11977.3426285 2.93982464e-06
4 794.328234724 0.5 10.0467529082 670.656703949 1689.4 4456.04017639 2.77959098094e-06
5 1258.92541179 0.36 12.6371703362 501.532897949 1174.0 1575.0675087 2.76101610663e-06
6 1995.26231497 0.26 15.7559621541 334.321777344 746.677 450.2352314 2.6302657034e-06
7 3162.27766017 0.16 15.1617874391 171.391732216 386.128 127.784720898 2.14552332968e-06
8 5011.87233627 0.1 10.2586822418 49.5042972565 142.673 23.2864155769 1.28297567177e-06
9 7943.28234724 0.1 15.6518112723 45.1518831253 96.0967 8.32190072536 1.38028512853e-06
10 12589.2541179 0.1 10.801697809 22.8526711464 39.8961 4.47599810362 9.07432966328e-07
11 19952.6231497 0.1 6.05035557208 9.26157712936 14.3616 2.34319320321 5.17474378315e-07
12 31622.7766017 0.1 2.63330542478 2.81176662445 4.12173 1.14013446867 2.30986785223e-07
13 50118.7233627 0.1 1.58411675976 1.13753467798 1.63203 0.515649870038 1.43075331134e-07
14 79432.8234724 0.1 4.32364124046e-06 2.38418579102e-06 3.33786e-06 0.30407512188 4.66283677612e-13
15 125892.541179 0.1 2.05555439903e-06 1.49011611938e-06 2.10479e-06 0.525511562824 4.69889124961e-13
16 199526.231497 0.1 6.58107675134e-06 1.56182795763e-06 2.20258e-06 0.0563212744892 7.84005653336e-13
17 316227.766017 0.1 4.97699450408 0.868442595005 1.21326 0.0304472385906 6.89852772803e-07
18 501187.233627 0.1 1.39201006708e-06 4.78699803352e-07 6.36617e-07 0.118261054158 5.85865544324e-13
19 794328.234724 0.1 2.25275320335e-06 1.85798853636e-07 2.47674e-07 0.00680234772153 3.79597073428e-13
