245807834.042 11337.8 303.887 37.1699 74.8636 1.20476 50.1721 261.331 18.6257 328.165
255157040.556 15055.8 303.84 37.1973 74.8652 1.25147 43.9095 22.7937 45.1811 60.7444
255524224.984 10723.8 303.797 37.2246 74.8692 1.2946 31.8941 13.2674 38.9375 60.7223
267044487.249 10574.7 303.92 37.1281 74.8432 1.15997 46.2329 165.315 70.36 303.617
338292491.283 12138.9 303.822 37.1678 74.8332 1.24645 47.2058 138.226 44.0275 61.7387
347041482.503 10054.0 303.983 37.2161 74.9445 1.16699 48.0578 45.7598 37.3463 55.994
351822777.103 10476.8 303.896 37.1137 74.8208 1.16774 38.5245 312.584 16.424 331.373
353393573.726 11815.0 303.963 37.1839 74.909 1.16221 28.0408 196.856 65.7577 339.59
368546935.328 13397.9 303.907 37.1828 74.8833 1.19845 8.99146 125.097 44.3901 325.304
371549384.243 14139.1 303.943 37.2591 74.9623 1.21758 24.1412 354.363 55.564 349.71
385541026.326 12238.0 303.907 37.1931 74.8919 1.2043 40.9824 214.594 76.2297 323.901
397587405.854 11792.2 303.822 37.182 74.8447 1.25471 68.103 135.669 69.7745 306.304
407933183.527 12443.8 303.901 37.1506 74.8539 1.18462 50.4732 96.1489 81.2912 52.8886
444279744.798 12851.1 303.92 37.2005 74.9033 1.20031 37.5815 307.337 38.2914 332.853
445000789.159 11006.8 303.927 37.2313 74.9324 1.2124 45.4623 285.135 75.237 324.036
459780835.671 11141.3 303.868 37.1928 74.8741 1.23013 15.7064 80.9606 62.4921 327.939
467543386.432 14438.5 303.861 37.1885 74.8676 1.23221 24.8418 13.2515 40.3011 353.101
468011127.713 12226.6 303.814 37.1038 74.7763 1.21628 21.6074 120.002 56.6305 50.4244
479642552.58 13263.0 303.901 37.226 74.9163 1.22696 47.0376 62.5638 40.321 41.0471
499878643.98 10356.0 303.927 37.1555 74.8694 1.17008 42.5301 218.541 72.7311 326.107
516259436.91 10226.8 303.919 37.1987 74.901 1.20007 14.613 94.22 15.5063 337.858
527075545.783 11969.9 303.863 37.1224 74.813 1.19449 47.9373 244.009 74.4799 321.73
529205816.253 11996.5 303.986 37.2024 74.9338 1.15781 18.8653 161.423 37.9757 355.794
570051716.407 11099.8 303.849 37.1731 74.8491 1.23164 19.7571 79.5115 50.9746 4.08614
581042648.336 12533.9 303.941 37.1457 74.8669 1.15578 32.6351 102.716 30.7521 319.466
