244253590.509 6223.09 303.962 37.2195 74.9381 1.1826 7.64693 35.7893 38.364 324.068
244587206.93 4068.82 303.936 37.2021 74.9121 1.19026 60.2345 100.283 73.1705 303.777
246122902.693 5953.38 303.904 37.2222 74.9145 1.22268 53.3332 240.089 19.6039 37.4486
248411775.839 4363.16 303.795 37.1994 74.8472 1.28237 29.2903 211.531 59.3798 8.66655
251250630.616 4343.13 303.838 37.2127 74.8775 1.26077 28.0093 71.551 44.3809 57.4802
253585597.41 4278.71 303.968 37.1963 74.9214 1.16588 40.6873 84.7763 57.6518 26.8771
254567610.226 4662.47 303.911 37.209 74.9067 1.21053 58.259 283.751 37.6558 301.272
255754694.878 4826.39 303.936 37.2486 74.9508 1.21597 30.212 266.81 43.4472 338.513
257063336.851 4435.71 303.795 37.164 74.8179 1.26252 49.7932 276.679 80.5316 310.516
257740700.19 5290.84 303.94 37.1847 74.8991 1.17827 56.2221 296.969 81.5246 306.8
260905694.65 5778.01 303.848 37.1595 74.8377 1.22466 27.8119 131.065 54.3913 350.929
263360954.165 4520.84 303.858 37.1651 74.8465 1.22159 23.587 245.004 23.3153 312.729
274516747.525 5726.72 303.898 37.1922 74.887 1.20981 48.2036 236.171 39.6304 40.2423
276955080.192 4668.77 303.937 37.143 74.8631 1.15705 21.7332 152.135 28.5434 4.66698
286952154.098 4574.5 303.798 37.2001 74.8493 1.28038 52.6021 18.2158 45.6381 52.8712
287972395.072 5751.46 303.922 37.2717 74.9636 1.23834 61.0768 348.383 76.642 54.8508
294478654.677 4002.62 303.855 37.2476 74.914 1.26909 11.9559 143.569 55.1823 327.602
300568119.821 4197.6 303.802 37.2341 74.8792 1.29684 73.6623 234.045 81.32 51.1077
302627180.419 5764.15 303.826 37.2428 74.8971 1.28573 33.2978 203.52 69.1194 54.7083
304275272.962 6307.02 303.842 37.2009 74.8693 1.25199 26.8688 138.104 45.9055 305.32
306424297.703 5782.36 303.898 37.195 74.8893 1.21142 42.2995 140.124 51.1603 61.2936
330736543.785 4902.61 303.885 37.0981 74.8029 1.16633 34.5389 164.549 77.3549 316.241
334657320.914 6028.26 303.899 37.161 74.8613 1.19222 10.5466 179.486 45.6846 38.6062
335104086.794 5018.74 303.812 37.2132 74.8662 1.27864 28.8452 209.098 69.3857 50.8382
339302327.924 4258.7 303.978 37.1682 74.9024 1.14386 11.3183 10.7131 47.318 9.51877
339599308.896 4901.74 303.786 37.2189 74.8596 1.29892 35.7008 146.029 73.2535 54.3833
342936096.631 5239.34 303.83 37.2746 74.9252 1.30096 68.8561 89.5814 78.0776 54.4016
343280782.412 4771.5 303.927 37.1196 74.8395 1.15034 32.6312 71.2876 36.7706 57.399
350069293.547 4057.95 303.841 37.1571 74.8325 1.22821 12.3691 317.379 48.1836 318.674
358747487.125 5030.48 303.979 37.1507 74.8885 1.13309 29.5124 170.925 71.4301 311.403
369726833.599 4489.48 303.796 37.1856 74.8361 1.27407 37.7249 141.516 16.6899 24.3328
373016812.809 4549.25 303.859 37.2288 74.9001 1.25605 16.5642 41.3218 52.7692 314.18
377027714.951 5890.79 303.902 37.1235 74.8314 1.16938 28.7215 318.893 71.9132 315.509
383385990.63 5248.43 303.908 37.1716 74.8741 1.19217 39.587 356.738 27.559 35.5806
387271308.608 5425.17 303.919 37.2192 74.9186 1.21113 36.0244 267.549 52.2664 300.655
387453703.631 4449.88 303.979 37.1671 74.902 1.14251 13.2372 342.368 29.4613 356.861
398079929.664 4782.16 303.859 37.2204 74.8932 1.25126 68.4143 125.664 75.1295 311.132
412365618.497 6107.03 303.852 37.1271 74.8123 1.20443 32.8163 4.07126 41.0039 58.4183
434153573.005 4754.22 303.851 37.141 74.8235 1.21263 63.6407 209.694 58.0826 51.4535
445027482.671 5211.04 303.871 37.2339 74.9096 1.25107 42.1228 32.9724 63.499 56.375
445296810.472 5683.04 303.903 37.1977 74.8937 1.20965 12.3616 50.4443 56.2593 37.858
453091426.584 6090.59 303.861 37.2324 74.9041 1.25655 22.7005 86.2579 19.0993 339.159
462786645.874 5315.41 303.841 37.1502 74.8267 1.22441 28.8975 146.235 35.7867 53.9574
467543617.576 5067.08 303.788 37.1855 74.8324 1.27934 33.4392 4.20129 49.4304 340.06
468493265.342 4944.16 303.915 37.1649 74.8719 1.18325 43.6867 349.056 85.369 310.335
469498973.71 4951.96 303.957 37.2437 74.9557 1.19981 20.5131 33.919 51.1011 310.098
475361975.614 5059.36 303.928 37.1452 74.861 1.16418 44.2133 23.8284 30.8044 48.335
486260091.57 5376.84 303.79 37.1137 74.774 1.23765 11.4427 266.502 49.4615 40.8673
488267810.554 5189.87 303.806 37.0983 74.7681 1.21861 53.4924 194.501 68.849 302.149
491219922.949 4908.92 303.949 37.1084 74.84 1.12939 26.6026 233.096 68.1893 48.8016
495151347.13 5866.89 303.878 37.1951 74.8805 1.22462 32.2664 152.462 55.3376 57.636
496215557.726 6075.41 303.975 37.1423 74.8796 1.13127 15.4966 340.482 63.7064 338.327
498249952.158 5583.73 303.812 37.1604 74.8221 1.24952 24.7529 173.078 31.9878 302.471
499745608.29 3993.48 303.993 37.1928 74.9295 1.1475 39.5554 217.207 52.1137 55.7844
504025896.995 6136.8 303.857 37.2472 74.914 1.26786 28.9953 290.294 30.525 32.9774
506615130.205 4138.9 303.889 37.1047 74.8096 1.16765 26.5657 3.32978 31.1204 312.656
512315920.998 4214.05 303.949 37.1827 74.9013 1.17098 61.6031 317.176 61.3487 56.2856
514666742.572 6240.3 303.919 37.2337 74.9301 1.21953 58.5903 101.529 86.5122 307.283
525548653.002 4247.74 303.945 37.1371 74.8615 1.14829 51.3885 183.967 45.8417 48.5301
527490080.402 4237.85 303.952 37.165 74.8878 1.15917 52.1664 143.123 87.8872 49.9031
533009569.773 5125.99 303.98 37.2174 74.944 1.1696 47.3724 125.858 88.2713 49.9122
533010916.508 5422.22 303.842 37.2421 74.903 1.27509 9.04542 255.429 59.0646 344.129
553993336.919 4622.27 303.87 37.1265 74.8193 1.19238 34.7535 185.463 32.5883 57.4908
573920500.416 4995.37 303.907 37.1426 74.8491 1.17674 44.1046 275.779 86.3871 307.058
574171852.772 6214.82 303.928 37.1214 74.8408 1.15111 40.9434 278.831 80.4539 306.193
577630593.659 5495.08 303.848 37.1257 74.809 1.20624 46.5087 289.373 78.0669 54.5221
581024677.893 4239.21 303.85 37.2222 74.8901 1.25864 41.1948 241.89 28.6286 58.4035
585104349.6 4429.8 303.908 37.2155 74.9103 1.21653 50.9174 160.745 42.5271 302.501
586303287.38 4971.89 303.861 37.178 74.8584 1.22647 32.6159 133.615 36.6457 354.551
