255140528.713 9552.07 303.817 37.1959 74.8543 1.26532 49.2443 99.0696 14.1929 9.86636
256465544.546 7360.8 303.814 37.1652 74.8272 1.25072 18.5676 143.856 52.1572 11.5098
256855391.426 7659.25 303.919 37.2557 74.9489 1.23152 26.9404 88.0975 61.5625 22.8857
257458969.287 6420.26 303.961 37.2356 74.9509 1.19249 39.4391 277.848 65.5881 312.313
259024863.009 6425.45 303.826 37.2086 74.8687 1.26669 46.7073 279.548 48.1697 299.986
259299514.915 8613.45 303.796 37.1491 74.806 1.25339 24.2285 288.738 13.993 328.466
261928077.582 8352.69 303.853 37.1567 74.8377 1.21976 57.1235 231.271 86.9926 307.261
274052584.502 9649.79 303.876 37.2278 74.9066 1.24455 27.2887 105.772 25.0496 3.77641
274630831.119 6367.71 303.783 37.1663 74.8142 1.27202 36.4568 150.727 62.4678 57.7195
300603627.771 8417.07 303.928 37.2024 74.9089 1.19553 37.9961 209.891 17.7197 27.7153
302645986.188 7250.03 303.94 37.1002 74.8289 1.13118 28.4061 83.8446 64.9284 340.096
315440423.945 7928.51 303.968 37.1796 74.9074 1.15678 38.0461 30.4841 36.4992 60.3411
330609282.166 7714.14 303.992 37.1946 74.9307 1.14897 10.3036 10.476 60.3245 16.1411
337456310.726 6978.5 303.82 37.2226 74.8774 1.27877 36.95 135.832 15.4603 326.017
337869648.469 7881.34 303.838 37.2733 74.9279 1.29467 52.793 109.126 45.5403 306.892
341435648.783 7335.49 303.827 37.1904 74.8541 1.25583 23.2926 103.992 27.2989 330.5
357283916.229 7714.35 303.811 37.1392 74.8043 1.23806 40.7126 277.797 55.4918 60.3802
368180824.861 9472.66 303.875 37.1297 74.8246 1.19064 31.1837 103.42 69.2444 306.969
385339421.861 6645.92 303.985 37.1505 74.891 1.1291 43.8667 63.9292 45.4839 26.7346
389579261.636 6854.4 303.913 37.1769 74.8807 1.19172 60.3548 88.2958 52.6253 337.282
395180734.208 6706.05 303.763 37.2012 74.8346 1.30433 12.8392 32.2164 62.3592 1.1167
406211008.242 7391.56 303.971 37.2346 74.9544 1.18536 35.0851 100.664 25.3253 22.2697
408507862.331 9275.18 303.869 37.1612 74.8482 1.212 53.0592 184.195 69.0094 333.115
408626662.323 7831.57 303.863 37.2312 74.9039 1.25481 55.8909 180.869 63.0386 48.6352
412010138.65 7732.95 303.835 37.1846 74.8527 1.24738 36.7966 73.2581 70.826 56.6158
412434717.393 6577.95 303.98 37.151 74.8892 1.13266 20.7703 338.484 30.1277 32.5641
422401035.04 6448.43 303.984 37.2076 74.9377 1.16196 26.4864 127.806 65.3289 341.096
430452220.877 7738.36 303.814 37.2094 74.8641 1.27485 29.8891 130.639 20.6136 10.0887
434893172.918 6507.64 303.837 37.2307 74.892 1.27153 39.0996 187.393 52.5782 317.418
440034628.16 9030.33 303.987 37.1698 74.9078 1.13854 31.8804 53.5485 46.5035 58.179
444164377.104 9677.95 303.951 37.1998 74.9166 1.17936 39.4163 1.95554 36.6368 60.834
445172172.478 7944.38 303.922 37.2119 74.9138 1.2052 35.8134 269.192 69.7864 331.742
459322130.917 8503.87 303.894 37.1149 74.821 1.16941 24.8871 249.878 68.4741 44.0952
466652052.388 7050.92 303.854 37.1481 74.8308 1.21447 46.9846 74.2908 36.811 312.177
468732843.872 9588.0 303.938 37.1667 74.8836 1.169 23.159 324.862 68.1581 325.393
468766524.896 6928.97 303.889 37.2074 74.8957 1.22419 12.7836 242.661 62.6732 359.655
468892247.982 8997.44 303.779 37.1898 74.8324 1.28718 13.2296 225.233 61.9783 0.45045
483706124.437 9796.88 303.928 37.2259 74.928 1.20922 23.5844 269.049 37.2732 13.0495
486007920.756 6588.25 303.894 37.1901 74.8832 1.21175 45.9875 253.173 70.6691 57.0108
487444355.498 8482.98 303.86 37.2492 74.9174 1.26689 35.2417 117.028 59.3262 317.73
494707069.353 9930.62 303.838 37.1335 74.8116 1.2169 40.46 94.5159 46.3603 330.779
494718700.091 8391.58 303.895 37.229 74.9161 1.23254 48.0996 98.4231 57.4417 324.641
500168858.128 6389.88 303.912 37.09 74.8081 1.14382 51.1602 221.533 54.0941 32.8118
502295135.33 7353.64 303.969 37.1292 74.8661 1.12775 29.9415 68.9848 20.1037 340.573
503437784.043 6809.61 303.843 37.0991 74.7846 1.19487 40.4008 15.1064 18.4041 344.147
515831860.435 6723.77 303.824 37.1054 74.7814 1.21097 49.2538 244.28 58.5224 299.462
551407497.44 7335.32 303.84 37.1736 74.8451 1.23835 40.9388 169.949 79.0293 305.886
572108531.344 7732.66 303.843 37.2691 74.9259 1.2895 35.5998 297.516 30.2855 330.337
