241785919.272 3631.41 303.815 37.2806 74.9238 1.31371 21.9602 166.762 32.2112 53.5209
244024746.525 3841.83 303.884 37.2246 74.9075 1.23759 35.8559 73.9362 60.4559 304.234
244174143.431 2643.32 303.735 37.1933 74.8155 1.3187 48.9045 94.1336 69.4387 302.782
248078548.007 3098.33 303.976 37.0582 74.8101 1.08401 44.1467 183.899 74.5396 37.5501
248606863.613 3502.61 303.866 37.2149 74.8914 1.24405 25.6901 202.855 53.4953 5.89491
248900637.673 3020.88 303.927 37.1054 74.8275 1.14254 38.8952 18.2834 57.6094 300.995
249031138.485 3492.04 303.837 37.1095 74.7913 1.20404 33.1073 159.194 49.3365 21.3873
253965210.013 3251.82 303.872 37.1182 74.814 1.18585 21.4227 340.614 30.0958 307.075
254000163.921 3497.94 303.962 37.1598 74.8882 1.14981 48.9138 330.442 57.2823 299.35
254136834.471 2901.84 303.804 37.214 74.8636 1.28399 17.0242 33.2573 19.6422 357.86
254320825.312 3455.35 303.697 37.2092 74.812 1.35279 29.2571 335.039 28.4609 301.821
254780035.352 3040.82 303.793 37.2203 74.8636 1.2954 51.2847 312.699 51.614 305.457
255020458.021 2801.69 303.766 37.2189 74.8506 1.3124 30.318 312.715 26.1483 317.03
255490614.153 2818.09 303.835 37.1172 74.7966 1.21008 20.5531 289.868 26.5021 345.451
256098813.489 3582.27 303.993 37.1286 74.8762 1.11174 28.7829 236.046 50.93 346.606
256247564.205 2853.86 303.894 37.2054 74.8962 1.21983 13.2768 168.338 45.3486 11.8339
256545928.355 2697.47 303.997 37.1412 74.8885 1.11608 21.9564 147.625 55.2661 6.84701
256602621.483 2922.46 303.744 37.2072 74.8314 1.32 26.9363 54.1898 59.0746 42.4559
256775236.833 2800.67 303.771 37.0991 74.7533 1.24223 24.4247 110.17 59.3541 14.455
256948048.088 2609.47 303.766 37.1632 74.8045 1.28109 36.8345 212.284 69.0104 330.722
257235154.064 3715.47 304.01 37.2479 74.9828 1.16709 37.5139 244.843 69.4727 317.044
257968290.392 2798.83 303.768 37.2447 74.8731 1.32514 31.1714 57.0542 54.6544 14.739
258071144.69 3229.72 303.825 37.1573 74.8255 1.23908 49.7535 42.4489 69.1578 33.3464
258095479.372 2917.53 303.857 37.3255 74.9796 1.31124 19.7202 261.235 43.7544 310.119
258187699.678 3015.99 303.861 37.0491 74.7515 1.15497 43.4374 287.966 60.5717 300.517
258243940.641 3175.6 303.737 37.1417 74.7737 1.28834 13.6744 45.4353 35.9804 358.08
258255673.718 2862.34 303.879 37.2056 74.8897 1.22983 2.74494 332.498 32.2051 335.508
260257428.622 3035.1 303.911 37.2434 74.9353 1.22981 63.0529 72.2979 32.0396 347.218
260836932.549 2652.45 303.925 37.1284 74.8457 1.15677 30.4642 138.591 54.9004 346.658
262248784.021 3611.17 303.956 37.156 74.8824 1.15165 34.8686 189.754 63.4825 307.938
265000315.051 3001.82 303.924 37.0699 74.7967 1.12483 29.636 270.005 43.3321 59.0231
267960574.609 2952.71 303.942 37.1458 74.8677 1.15518 33.232 264.115 37.5753 33.0898
268500156.72 3553.38 303.943 37.1154 74.843 1.1375 23.2333 200.914 11.794 357.766
269784241.116 3136.66 303.814 37.0737 74.751 1.19995 25.0191 215.077 44.2281 55.3797
270018709.091 3793.84 303.857 37.139 74.8243 1.20788 53.7545 209.811 77.0641 54.8235
271184750.645 2904.62 303.938 37.1837 74.8977 1.17872 21.3221 346.181 60.2015 350.665
273444263.155 2681.69 303.976 37.2919 75.0045 1.21374 31.8195 161.888 23.6284 54.0203
273537200.16 2862.12 303.936 37.2527 74.9538 1.21878 53.8119 109.732 55.176 311.323
273667596.024 2732.65 303.991 37.2051 74.939 1.15555 38.4958 197.724 42.4372 61.4012
273697972.089 3324.92 303.818 37.2924 74.9347 1.31879 63.1437 114.81 67.7543 312.599
275486865.499 2753.44 303.914 37.139 74.8499 1.16967 14.9286 321.038 63.6418 348.121
276554221.325 2625.25 304.028 37.1915 74.9439 1.12365 19.8216 95.5303 41.8634 312.451
279261526.052 2787.17 303.961 37.0918 74.8315 1.11234 38.8913 334.666 65.7464 332.133
279861800.282 3058.99 303.844 37.2237 74.8892 1.26318 42.1953 109.056 82.992 53.3114
281109122.195 2974.13 303.994 37.1567 74.8999 1.12691 38.6146 33.9235 62.2939 301.662
281991153.881 2889.12 304.065 37.1594 74.9337 1.08139 66.5928 268.867 21.2049 24.8261
283189634.716 3478.95 304.008 37.1866 74.9311 1.13413 31.6729 28.2418 27.1736 50.3525
286036124.213 2723.93 303.77 37.1611 74.8043 1.27758 41.6008 342.888 54.2588 299.334
287273914.371 3282.8 303.921 37.0566 74.7844 1.1193 37.8015 341.362 13.3939 26.2878
288718148.732 3388.39 303.823 37.1957 74.8564 1.26184 38.4663 353.856 72.1491 55.6365
299157594.918 3734.39 303.979 37.0953 74.8422 1.1026 42.7374 276.702 78.6342 39.0414
302130217.798 2992.06 303.969 37.0888 74.8324 1.10571 51.9896 118.635 74.4378 321.513
302626844.051 3896.99 303.759 37.3144 74.9271 1.36967 45.1136 195.314 81.1671 53.4042
303299757.53 3886.91 303.836 37.2239 74.8859 1.26845 14.7855 31.0761 63.3754 340.162
305232051.395 3842.12 303.818 37.1117 74.7847 1.2179 65.0869 247.82 23.0135 39.0513
307384022.818 2602.16 303.727 37.1673 74.7906 1.30926 45.2109 40.9903 83.8254 314.822
309643583.344 2515.35 303.851 37.1626 74.8414 1.22477 48.6037 79.9373 44.7736 298.575
309831571.245 3584.49 303.816 37.0394 74.7237 1.17901 46.6289 119.087 37.0465 47.1024
312378316.982 2651.52 303.989 37.1914 74.9265 1.14942 13.7259 208.382 63.141 12.4636
313308118.794 3592.81 303.935 37.1798 74.8932 1.17827 10.8979 40.7077 42.9776 323.525
320625433.045 3561.17 303.679 37.2183 74.8116 1.36954 14.9191 262.474 38.603 11.9353
322185176.23 2863.94 303.954 37.1806 74.9019 1.16669 34.8402 59.8567 62.832 15.4942
322843964.272 3479.85 303.751 37.1567 74.7925 1.28735 7.21414 135.335 83.339 45.2072
327233029.162 3040.86 303.965 37.1028 74.8425 1.11572 34.1297 224.372 57.0081 301.984
333550954.609 3537.86 304.004 37.1567 74.9047 1.11978 64.6936 241.431 16.6396 37.7601
335289215.771 3484.5 303.869 37.1363 74.8276 1.19805 28.1566 69.7656 70.8818 328.128
335450314.455 3843.39 303.971 37.2333 74.9537 1.18426 39.6374 103.815 81.9064 309.912
336458553.849 2864.85 303.778 37.2624 74.8923 1.32818 13.282 195.617 39.8646 346.917
337169444.83 3208.26 303.901 37.2132 74.9055 1.22002 68.1534 183.931 19.8253 2.86525
337896887.944 3445.14 303.944 37.251 74.9562 1.21222 73.3352 241.317 46.4457 57.089
338820087.526 3586.86 303.897 37.3049 74.98 1.27364 29.0316 123.973 39.7145 55.3854
339439587.742 3033.63 303.947 37.1371 74.8628 1.14695 4.26464 155.833 50.214 30.9975
340069470.603 2889.65 303.827 37.0932 74.7732 1.20191 42.6803 161.143 85.2324 52.306
340416240.474 3272.12 303.854 37.1728 74.8514 1.22813 42.6231 64.8829 82.6023 306.538
341046236.417 3624.51 303.733 37.2682 74.877 1.36152 22.3193 70.5008 46.89 308.788
341767348.098 3119.52 303.772 37.1445 74.7915 1.26676 46.3344 128.817 46.1111 38.5152
348084569.975 3193.09 303.716 37.1796 74.7956 1.32372 29.7785 18.8456 42.8453 56.7112
351152506.903 2717.34 303.742 37.259 74.8733 1.35047 68.7458 8.10974 28.0788 302.236
352637522.965 3917.43 304.051 37.1831 74.9474 1.10346 58.8785 284.55 77.2982 317.414
353886528.298 2736.32 304.011 37.0939 74.8555 1.08046 19.8468 172.468 66.0569 334.77
356064630.161 2567.67 304.061 37.2156 74.9785 1.11546 45.0528 264.189 31.5352 303.076
356316219.002 3172.68 303.89 37.2412 74.9242 1.2424 9.90248 53.1249 12.9163 23.298
357879298.431 2997.34 303.85 37.1269 74.8114 1.20543 52.4434 275.22 88.4904 49.6062
362213589.131 2990.39 303.708 37.2026 74.8116 1.34137 9.07843 161.814 41.5047 21.6418
368741224.687 3758.36 303.814 37.2181 74.871 1.28026 21.1501 201.189 43.1868 3.07239
369692966.169 3128.11 303.82 37.2394 74.8915 1.28795 40.5842 118.925 25.4259 303.933
372191496.937 3343.72 303.935 37.2037 74.9131 1.19163 25.7757 336.256 69.6535 329.241
372523570.65 3695.45 303.989 37.1925 74.9277 1.14974 11.7015 298.848 61.3347 341.461
373429456.119 2638.95 303.798 37.3276 74.9553 1.3513 55.1453 105.937 46.8411 303.674
373910163.294 3229.06 303.838 37.2189 74.8824 1.26461 29.6852 90.3551 20.9347 332.183
374138117.866 2955.98 303.728 37.2418 74.8529 1.35009 64.9865 109.491 70.8783 47.9668
375846463.18 3737.55 303.847 37.2142 74.8826 1.25612 17.2291 351.781 37.6064 8.337
377795775.993 3567.89 303.839 37.225 74.888 1.26733 36.8898 6.46296 63.4839 302.51
377898227.328 3799.22 303.958 37.1742 74.8984 1.1604 13.9733 30.4903 39.9819 321.92
378551547.174 2747.63 303.787 37.0526 74.7217 1.20583 39.9857 11.8281 37.2057 298.897
379398580.09 3177.8 303.778 37.0423 74.7093 1.20584 38.9442 16.5051 16.5377 42.5834
379823690.123 3530.52 303.776 37.1032 74.7588 1.24145 61.7765 315.17 68.3827 314.34
380308478.928 3334.62 303.99 37.215 74.9465 1.16202 53.0923 37.7997 66.9551 58.312
380417632.374 2896.92 303.808 37.1593 74.8195 1.25141 42.1168 56.937 52.4334 58.8063
380521546.146 3216.08 303.957 37.0474 74.793 1.09014 13.5143 307.733 38.8334 14.8292
381484850.534 3135.19 304.064 37.2168 74.981 1.11386 25.5675 262.718 69.846 325.33
382343653.086 2924.23 303.971 37.1869 74.915 1.15851 13.1643 55.264 46.5019 353.243
383168716.163 2723.56 304.006 37.2838 75.011 1.1895 30.7081 345.305 19.2505 343.254
383202646.61 3890.88 303.938 37.1042 74.8314 1.13465 38.3206 7.45389 32.6176 30.6664
383500074.275 3830.89 303.919 37.0618 74.7878 1.12355 54.2126 51.9828 53.8394 48.8162
384634941.652 2614.12 303.975 37.255 74.9733 1.19389 23.1274 288.76 23.3485 21.401
384846738.24 2608.67 303.745 37.2933 74.9034 1.36718 12.6504 53.7575 30.1347 34.6038
385047368.89 3518.01 303.807 37.1561 74.8166 1.25011 14.5249 263.465 35.7354 20.6735
385384977.183 3796.86 303.925 37.131 74.8481 1.15791 12.2014 332.074 49.5976 41.7888
385449368.065 3702.14 303.835 37.0456 74.7372 1.17004 42.6888 222.176 75.6481 324.166
385540370.186 3624.82 303.844 37.0546 74.7484 1.16956 16.4406 180.292 56.3232 358.214
385580020.202 2638.96 303.733 37.2439 74.857 1.34783 13.7865 69.5576 53.2302 25.3088
386045585.342 3120.18 303.83 37.2233 74.8827 1.27225 42.0091 234.727 84.2884 309.291
386194032.561 3742.54 303.851 37.2271 74.895 1.26058 24.098 187.065 68.6702 322.818
386702369.114 3003.29 303.736 37.0852 74.726 1.25809 44.3532 9.91032 80.0405 40.4785
391189337.992 2685.31 303.748 37.2335 74.8549 1.33215 21.7693 173.007 62.0751 312.743
396916615.028 3184.31 303.813 37.0341 74.7179 1.17816 71.7101 130.236 25.6658 310.176
398055340.878 3139.27 303.765 37.152 74.7945 1.27587 42.8897 172.641 34.3912 60.8434
398365728.452 3848.08 303.956 37.0713 74.8124 1.10399 16.4629 312.982 47.3562 325.577
399385494.922 2800.43 303.853 37.3404 74.9904 1.32194 42.6576 85.0781 79.208 320.602
402843937.111 2992.14 303.795 37.176 74.8278 1.26927 33.3529 75.6934 23.6258 345.098
408581944.982 2524.65 303.892 37.3397 75.007 1.29581 53.2202 182.235 59.9593 352.312
410626677.095 2674.37 303.89 37.2182 74.9047 1.22999 28.4684 18.3567 44.7614 298.348
410740985.909 3194.81 303.762 37.2344 74.8617 1.32344 45.6146 71.1454 34.6696 300.126
410998602.984 2759.55 303.673 37.1562 74.7573 1.33913 37.0809 69.7985 34.5749 299.392
411059757.188 2678.23 303.967 37.199 74.9234 1.16785 65.1182 70.5331 82.4403 51.2171
411564782.985 3977.11 303.991 37.1195 74.8677 1.10809 54.8544 67.3305 12.1336 5.40033
413161686.255 2820.87 303.768 37.2266 74.8579 1.31523 6.69549 67.2803 53.949 31.7043
413218088.482 2527.99 303.864 37.273 74.9388 1.27769 37.7495 21.0936 75.5413 54.3961
415479831.476 2821.2 303.73 37.13 74.761 1.28641 66.6486 51.476 67.2543 46.9438
416385044.847 3183.39 303.965 37.2317 74.9495 1.18746 35.5724 304.112 15.5971 29.4194
417425995.371 2651.06 304.023 37.2393 74.9813 1.15379 42.4237 56.18 57.7407 56.1717
425891977.791 2548.35 304.016 37.1946 74.9415 1.13291 41.3272 148.286 41.8441 327.95
426141979.623 2785.53 303.891 37.1274 74.8299 1.17866 57.482 216.617 73.8449 56.0679
428363695.868 2613.45 303.852 37.0827 74.7757 1.17932 73.5776 238.024 45.2931 357.988
430618919.19 3258.01 303.912 37.0293 74.7576 1.11024 30.2414 243.874 57.2461 323.999
430801308.67 3587.96 303.93 37.2568 74.9547 1.22482 32.4132 250.104 31.8776 6.23356
431183241.239 3055.25 303.832 37.2602 74.914 1.29173 29.041 211.394 78.9939 53.8891
434938043.552 3602.19 303.771 37.3158 74.9335 1.36254 39.0409 187.069 18.9911 30.6294
435698631.887 3529.64 303.854 37.244 74.9106 1.26775 38.7379 222.865 42.6138 42.1974
438941718.365 3045.14 303.78 37.223 74.8601 1.30534 59.6027 121.81 74.8864 53.2721
440446794.317 3589.13 303.829 37.167 74.8352 1.24185 8.57286 58.4524 46.6562 36.432
444164318.593 2605.95 303.99 37.1606 74.9017 1.1312 41.2397 4.02491 39.7652 61.6851
444175528.543 2585.63 303.983 37.311 75.0234 1.21971 45.7158 36.9053 52.3676 61.2183
444267305.091 2513.27 303.877 37.12 74.8175 1.18391 37.1382 359.441 37.3155 60.1641
444371150.811 3439.7 303.967 37.1266 74.8632 1.12757 33.1261 305.032 35.9725 340.395
447664933.694 3499.19 303.937 37.0949 74.8232 1.13031 35.9151 332.515 17.8336 16.9748
447917427.47 3247.33 303.969 37.2618 74.976 1.20212 55.2794 294.227 50.5476 302.603
448699418.441 3652.43 304.027 37.2765 75.0142 1.17158 58.3786 60.9755 33.9633 60.003
449156972.312 3865.7 303.925 37.3227 75.0073 1.26482 58.3672 60.222 34.1167 44.7869
455122443.525 2895.73 303.823 37.076 74.7573 1.19474 44.7938 173.531 86.6407 306.949
456099814.627 2978.71 303.854 37.1828 74.8597 1.23382 53.9028 216.765 63.0438 300.86
461050395.657 3618.39 303.887 37.1027 74.8078 1.16719 47.8542 148.796 53.1504 298.553
462718497.169 3646.14 303.856 37.1667 74.8473 1.22334 24.712 116.735 25.6998 15.683
462752610.338 2838.11 303.762 37.2122 74.8434 1.31104 24.2609 129.692 27.5286 35.5462
463049426.139 3521.09 303.973 37.1821 74.9117 1.15487 26.5566 152.958 46.1879 54.8476
463117535.275 2868.19 303.911 37.1884 74.8894 1.19935 44.1284 156.629 67.7264 57.7961
463347927.456 2769.21 303.842 37.2657 74.9233 1.28777 32.9959 53.3841 63.1338 338.096
463610905.86 2686.83 303.846 37.1005 74.7878 1.19311 29.9753 32.6217 67.444 336.489
464055017.304 3632.23 303.798 37.1979 74.8475 1.2791 42.596 183.446 85.1486 52.511
464960868.186 3176.55 303.956 37.0901 74.8277 1.11494 42.6913 103.454 70.2428 303.079
467656144.566 3022.56 303.834 37.1918 74.8583 1.25204 52.1361 103.108 76.2315 55.0651
467806473.317 2914.2 303.902 37.2292 74.9193 1.228 26.6093 344.236 53.3729 347.552
467874750.812 2949.53 303.766 37.3002 74.9182 1.3575 13.2608 346.973 46.8754 7.01243
468217093.555 2599.98 303.962 37.1345 74.8676 1.13525 15.2527 148.089 58.5127 41.2035
469259367.607 2874.13 303.875 37.2091 74.8909 1.23449 35.9977 30.5772 71.2705 304.943
469326564.937 3194.39 303.9 37.2679 74.9508 1.25065 18.9578 173.817 56.1104 4.91234
469348872.851 2667.1 303.991 37.1866 74.9235 1.14537 40.6303 152.793 73.9029 33.7879
470172115.867 2766.41 303.884 37.1886 74.8775 1.21756 44.3259 108.9 49.7798 33.8854
470722260.016 3571.69 303.846 37.1699 74.8452 1.23229 57.2366 29.1646 54.4746 302.025
471670165.129 2724.08 303.914 37.0935 74.812 1.14445 35.7608 8.36058 23.014 353.919
471681932.929 2914.79 303.949 37.2025 74.9181 1.18207 42.2192 351.039 37.8979 330.122
471750162.99 3549.99 303.893 37.1996 74.8908 1.21749 33.7504 4.71645 24.8461 357.333
473305265.402 3809.95 303.677 37.1742 74.7739 1.34668 18.9005 275.164 65.5975 333.503
474094425.342 2650.53 303.741 37.2464 74.8623 1.34429 23.3345 345.826 52.5428 307.777
475854373.099 3891.06 303.943 37.2566 74.9602 1.21638 46.0574 319.932 36.5576 314.24
475945826.939 3954.99 303.844 37.0735 74.7642 1.17993 46.2262 316.118 38.726 316.439
476538953.1 3255.89 303.858 37.3194 74.9751 1.30695 28.6673 15.298 42.6549 58.4702
478316169.417 3958.43 303.981 37.1728 74.9074 1.1445 53.9446 41.801 85.1933 45.8844
479688546.901 2752.34 303.925 37.1855 74.8933 1.18839 67.4814 70.2218 24.4921 31.7265
480071884.798 2533.05 304.064 37.1671 74.9399 1.08592 39.9732 294.985 18.0382 316.066
482191595.555 3095.2 303.836 37.0389 74.7321 1.16569 11.1999 55.6236 60.9558 18.1904
482877325.048 2809.46 304.066 37.1515 74.928 1.0758 24.2807 15.6681 63.95 16.2864
483272756.025 3866.64 304.001 37.1355 74.8855 1.11017 21.3217 237.666 49.5736 309.322
484671936.473 3183.18 304.027 37.1927 74.9445 1.12498 26.8456 54.2707 14.023 29.012
485626452.892 2643.62 303.86 37.2169 74.8907 1.24875 45.1056 69.8716 32.0823 352.51
485916968.551 3962.61 303.902 37.1755 74.875 1.19777 29.1685 250.595 48.6566 56.688
490044232.242 3708.17 304.069 37.1963 74.9663 1.09908 44.4913 136.571 48.6772 326.064
490409136.657 2902.62 303.933 37.0411 74.7767 1.10291 17.1358 160.718 32.9504 26.1589
492993073.931 2691.57 303.995 37.1738 74.9147 1.13548 36.2501 150.467 39.5977 300.3
493105995.03 3254.36 303.819 37.0906 74.7676 1.20549 49.476 209.053 54.7787 38.4762
494225591.687 3708.81 303.865 37.1319 74.8221 1.19835 60.119 165.126 61.5673 57.9598
497266055.107 2909.06 303.959 37.3258 75.0248 1.24417 31.2142 158.474 60.1783 29.5668
498752759.056 3346.65 303.856 37.3143 74.9696 1.3059 71.187 260.412 37.718 315.154
498815558.231 2783.92 303.835 37.1563 74.8292 1.23154 44.4333 58.9577 35.6534 317.99
499495647.885 3195.85 304.038 37.1309 74.8982 1.08327 34.4753 213.023 57.6868 330.457
499750859.439 3915.78 303.889 37.1671 74.8619 1.20213 36.1231 209.635 72.0252 56.6006
500036940.194 2773.77 304.034 37.1877 74.9435 1.11762 48.4042 220.756 60.6416 53.0916
501781879.129 2710.79 304.065 37.1972 74.9653 1.10208 42.4375 40.8021 62.0136 300.931
503528946.275 3932.79 303.787 37.2044 74.8475 1.29041 36.5675 282.925 17.7085 28.0798
503591443.19 2612.04 303.873 37.1436 74.8349 1.1998 36.4785 282.633 31.4774 58.9167
503893369.147 3223.48 303.851 37.2453 74.9096 1.27108 62.8465 51.8794 79.4469 53.7914
504088589.418 2847.91 304.017 37.1644 74.9163 1.11573 21.2897 27.0587 35.0945 44.4235
506387189.839 2850.97 303.682 37.1953 74.7932 1.35518 40.9825 338.003 59.1085 300.522
506695099.185 3868.55 303.96 37.2324 74.9475 1.19131 28.4458 2.78504 29.151 312.296
506797362.927 3473.33 303.977 37.1618 74.8961 1.14106 31.8194 36.7473 28.6088 15.5009
509139398.366 2825.96 303.916 37.266 74.9559 1.23906 15.1147 6.15539 52.0762 44.9106
509767670.22 3148.58 303.77 37.3023 74.9215 1.3558 32.0077 31.0964 75.0662 46.8006
511004101.829 2898.31 303.855 37.0963 74.7879 1.18491 50.4521 299.745 69.16 302.261
514156345.746 3893.23 303.921 37.2909 74.9788 1.24958 11.5727 37.5833 60.8381 23.3421
514681321.046 3349.01 303.864 37.3139 74.9727 1.30009 43.3441 343.048 84.5873 47.8008
515825101.238 3790.32 303.735 37.0987 74.7367 1.26589 10.7395 335.466 27.0296 358.848
516602044.166 3428.31 303.94 37.0574 74.7932 1.10712 38.4122 252.6 12.5138 15.6112
516985258.111 3827.51 303.975 37.064 74.814 1.08793 31.5414 181.34 29.8961 316.057
520361085.351 3439.35 303.849 37.1805 74.855 1.23601 61.4995 338.294 49.2079 29.7189
524909518.693 2737.09 303.827 37.2208 74.8788 1.27312 24.03 184.994 27.3236 349.902
525120994.758 3272.63 303.965 37.1161 74.8529 1.12355 70.8026 207.272 20.8458 336.82
526017124.694 3493.03 303.975 37.0965 74.8414 1.10554 49.1797 162.231 40.2688 58.7202
527193478.888 3406.45 304.055 37.2278 74.9858 1.12604 48.1007 243.462 65.527 57.8563
527388268.954 2852.11 303.814 37.1843 74.8428 1.26104 47.966 242.883 50.4844 44.4118
528097415.08 3358.88 303.854 37.2944 74.952 1.29606 12.9036 287.107 62.9153 359.654
528120580.323 3955.28 303.923 37.0648 74.7917 1.12278 16.8511 334.739 64.5103 340.559
528281401.649 2634.18 303.761 37.082 74.7343 1.23938 36.8133 61.4843 78.5593 308.401
530428668.631 2840.29 303.951 37.0727 74.8105 1.10875 41.5486 78.5766 21.9369 311.91
532244353.884 2636.94 303.893 37.2593 74.9402 1.25046 18.7349 134.158 60.8862 44.3695
534199802.158 3735.62 303.752 37.1538 74.7898 1.28564 40.9565 35.353 43.6211 298.468
535684613.835 3285.77 304.061 37.2317 74.9915 1.12459 39.5068 346.388 32.7636 335.238
541054242.103 2575.71 303.935 37.1045 74.83 1.13669 5.36407 262.712 45.4055 21.7277
547510165.584 3088.56 303.891 37.2373 74.921 1.2397 17.0206 299.086 35.2474 347.765
549149257.901 3539.28 303.901 37.2205 74.9115 1.22356 35.6097 232.364 19.7705 45.1018
549977129.223 2877.7 303.868 37.2824 74.9482 1.2801 23.3339 240.321 46.3186 52.4194
552577866.732 2963.73 303.741 37.3019 74.9083 1.37493 39.8297 186.11 37.9183 299.238
552724704.056 2900.94 303.755 37.2315 74.856 1.3263 65.1579 238.653 72.3869 47.5495
555873339.313 3575.85 303.718 37.1189 74.7459 1.28842 13.5917 288.91 60.4257 0.143611
557222256.658 3017.15 303.794 37.1147 74.7758 1.23607 42.5135 136.319 38.9014 298.348
558802614.362 2633.29 303.931 37.3242 75.0106 1.26208 55.1032 141.485 71.0273 56.8764
559265050.086 3012.14 303.837 37.1728 74.8433 1.23973 52.8094 137.738 82.8915 52.125
560174140.046 3604.9 303.802 37.304 74.9368 1.33587 31.9442 193.709 74.9981 42.2851
560273167.577 3938.32 303.745 37.2865 74.8973 1.36362 34.2117 47.0098 76.2436 309.829
560357595.512 2775.39 303.895 37.155 74.854 1.19169 16.8369 230.918 63.1249 8.82833
563864781.23 2926.76 303.787 37.2923 74.9208 1.3389 6.46409 155.66 44.6976 33.18
563882097.841 2556.46 304.064 37.2176 74.9811 1.1147 11.0566 231.024 44.9695 21.6841
565117902.235 2942.29 303.941 37.1534 74.8735 1.15977 47.3605 24.1898 85.9918 307.919
565847625.147 2597.25 304.021 37.2796 75.0137 1.17744 18.9149 89.5068 33.2143 348.393
568966248.235 3503.89 304.011 37.1738 74.9216 1.12478 9.90765 175.058 59.8507 15.286
580470802.077 3096.82 303.773 37.3065 74.9263 1.35628 49.7074 254.658 23.764 42.9423
585075239.444 2753.97 303.84 37.2305 74.8925 1.26985 38.1864 185.387 13.5794 332.327
585252347.161 3022.08 303.996 37.0788 74.8358 1.08199 39.4695 174.665 15.5139 324.217
586012876.834 3743.09 304.009 37.1219 74.8774 1.09743 62.8763 127.393 74.8236 315.157
588108596.178 3822.57 303.904 37.25 74.9371 1.23838 1.53498 345.224 51.5464 336.907
