240145234.066 1642.4 304.047 37.3389 75.0748 1.19331 47.3664 228.647 55.9175 37.5564
240397476.647 1736.72 303.849 36.9988 74.7046 1.13459 54.7523 219.511 59.6455 45.2139
240960113.327 1681.72 303.793 37.0793 74.7465 1.2168 29.7749 180.913 23.1166 50.8825
241533975.306 1891.32 303.964 36.9821 74.7416 1.04934 17.1646 122.394 18.1983 9.79914
242567577.449 2289.85 303.89 36.9325 74.6678 1.07043 59.2173 97.9142 84.1311 315.845
244861113.451 2349.73 303.868 37.2297 74.9048 1.25076 20.1613 160.797 24.6794 13.5814
245085716.705 2384.85 303.956 37.1156 74.849 1.12902 65.555 274.4 46.4217 298.798
245704475.151 2249.6 303.984 37.05 74.8071 1.07361 46.5695 259.268 13.114 343.966
246104706.593 1597.31 303.836 37.2911 74.9415 1.30626 64.4582 121.401 71.4664 56.1886
246380619.458 2324.59 303.646 37.3009 74.8657 1.43735 28.4364 120.82 37.6593 58.9071
246560092.775 2141.68 303.727 37.1965 74.8147 1.32558 63.0116 327.692 77.7082 316.921
247409113.945 1755.61 303.97 37.034 74.7874 1.07431 57.0002 313.444 85.2137 313.488
247711133.167 2412.6 304.129 37.1914 74.989 1.05651 43.7657 159.205 74.7237 48.3614
249605060.22 1620.14 303.601 37.1912 74.7547 1.40623 20.8265 95.8182 20.7859 14.6218
249708575.634 2351.58 303.813 37.04 74.7227 1.18154 20.6106 51.9437 16.3016 328.385
249782849.131 1890.82 303.672 37.2771 74.8576 1.40675 50.4601 252.561 18.2602 22.597
249864033.652 1604.95 303.719 37.2119 74.8241 1.33933 45.969 8.93798 46.4149 300.46
249914020.768 2300.59 303.603 37.2454 74.8008 1.43476 56.233 93.8868 58.3704 50.3764
250052089.669 2179.68 303.752 37.2116 74.8385 1.3173 36.0811 88.6151 32.5137 51.4422
250109878.997 1717.07 304.056 37.137 74.9112 1.07464 23.5444 54.361 12.0141 11.6963
251193630.494 2412.74 303.797 37.4115 75.0244 1.3989 10.9109 62.4822 31.5205 39.9186
251852447.864 2375.84 303.825 37.2356 74.8905 1.28268 53.7444 43.3361 71.4856 55.3497
253540514.461 2173.17 303.593 37.2412 74.7929 1.43894 0.669499 238.918 35.6405 334.606
253804342.35 2281.61 303.862 37.1057 74.7989 1.18589 7.93879 22.1356 27.2347 334.493
253925180.625 2123.71 304.145 37.2948 75.0817 1.10404 64.1669 290.717 35.4856 302.684
253998485.777 2162.94 303.8 37.1719 74.8266 1.26345 45.9023 64.7876 53.985 37.1871
254183554.116 1914.87 303.603 37.1728 74.7403 1.39455 44.9881 328.171 49.5963 298.53
254354275.641 2494.85 303.911 37.0792 74.7988 1.1384 38.1397 49.5436 38.4565 43.114
254417831.324 1966.18 303.797 37.1887 74.8393 1.27479 38.7672 170.509 15.2275 10.883
254435508.455 1840.78 303.959 37.2007 74.9211 1.17418 29.8423 333.486 26.7842 302.793
254567143.365 2112.18 303.804 37.3347 74.964 1.35109 40.5551 206.037 14.1797 329.62
254923391.986 2499.77 303.879 37.0664 74.774 1.15254 65.9775 299.915 50.6564 307.963
254969141.87 1707.84 303.947 37.1873 74.9044 1.17509 57.6453 282.748 42.9637 309.61
255111105.862 1620.56 304.051 37.081 74.8625 1.04686 47.2457 25.1308 48.5239 60.0711
255369899.989 2374.0 303.784 37.1435 74.7961 1.2582 53.103 82.6323 18.0781 18.9679
255650381.632 1885.18 303.784 37.2786 74.9084 1.3332 30.5763 13.4742 40.986 59.8099
255650476.182 2030.44 303.839 37.1969 74.8646 1.25174 25.901 11.7685 36.6221 57.4379
255663177.134 1595.11 303.833 37.0092 74.7059 1.1514 43.5496 283.244 54.0506 326.399
255663273.682 1819.44 303.952 37.282 74.9853 1.2245 48.4116 286.776 59.38 323.915
255765998.817 1627.4 303.917 37.2087 74.9093 1.20631 21.654 260.427 36.6174 348.165
255766031.362 1678.44 303.684 37.1132 74.7264 1.30786 23.4763 261.421 37.8556 345.758
255880062.256 1631.71 303.782 37.2019 74.8436 1.29228 13.2187 15.7033 34.9122 44.4075
255903435.664 1736.76 303.934 37.0297 74.768 1.09555 10.0494 240.202 34.1989 7.73712
255925610.505 1657.58 303.872 37.1403 74.8322 1.19825 29.9736 17.2684 47.6091 57.9103
255994392.448 2420.29 303.688 37.1607 74.7676 1.33178 31.308 18.0991 50.3752 57.7473
256247749.509 1833.05 303.654 37.1262 74.7239 1.33515 20.7995 196.987 48.9072 359.483
257061699.21 2037.56 303.584 37.1355 74.7009 1.38631 34.6589 66.0327 67.5399 31.6001
257132371.378 1922.98 303.747 37.134 74.7715 1.27778 53.7656 285.846 84.3355 307.643
257166574.8 1803.3 304.003 36.9511 74.7332 1.00633 46.5059 272.962 77.2935 310.317
257188554.563 2138.25 303.69 37.1211 74.7359 1.30798 27.2906 128.798 62.2323 352.534
257222500.711 1668.42 303.921 36.9854 74.7253 1.07954 33.2294 75.2862 66.1185 21.1252
257314490.942 1592.39 304.136 37.2541 75.044 1.08718 29.5689 90.9258 63.1123 8.19915
257348238.852 1950.45 303.721 37.1928 74.8091 1.3275 48.2909 49.2971 78.1232 41.4574
257430533.658 1999.34 303.902 37.3004 74.9786 1.26751 43.1523 275.217 72.8997 307.685
257556679.969 2362.62 303.739 37.2632 74.8755 1.35477 39.4033 272.025 68.3515 307.252
257634884.481 2061.4 303.864 37.1119 74.8052 1.18761 59.1276 42.825 85.9388 46.0055
257878355.297 2474.47 303.653 37.0941 74.6969 1.31778 57.3231 297.473 80.4846 306.498
257934231.858 2417.4 303.919 37.0434 74.7725 1.11341 15.2287 86.1679 45.2781 353.102
258130582.185 1884.13 303.83 37.1583 74.8285 1.23635 54.1315 294.87 72.5254 303.491
258290565.817 1703.56 303.88 37.2223 74.9037 1.23888 25.7912 276.21 42.544 303.702
258382344.375 1743.8 303.78 36.9699 74.6499 1.16434 28.1174 279.501 41.7609 301.573
258427500.8 2347.71 303.667 37.285 74.8618 1.41452 13.7754 19.6563 29.9673 359.582
258956288.233 1966.55 304.122 37.2387 75.025 1.08781 58.3237 286.635 62.6388 302.215
259115884.877 1684.09 303.935 37.269 74.967 1.2285 21.9124 308.619 13.0298 351.084
259270484.556 1875.36 303.602 37.2421 74.7976 1.43358 48.949 75.2829 18.7152 39.8168
259362912.914 1731.04 303.646 37.294 74.86 1.43354 53.6037 95.6572 29.7801 306.189
259706474.336 1743.11 303.951 37.1396 74.8669 1.14532 53.8575 70.1374 14.724 29.7444
259821858.3 1861.06 303.616 37.0422 74.6372 1.31376 61.4594 82.7911 40.0998 317.177
260038428.782 1796.14 304.02 37.4003 75.1138 1.2453 70.4707 46.832 50.0181 61.3925
260159981.079 2422.06 304.1 37.2971 75.0639 1.13458 24.027 211.841 31.9135 340.55
260515251.798 2406.65 303.929 37.2522 74.9506 1.22278 5.6244 184.709 33.0142 15.6859
261180760.931 2147.5 303.845 37.0076 74.7101 1.14209 21.9597 92.7067 55.5044 7.41067
261432442.17 1943.63 303.696 37.2366 74.8346 1.36825 34.0483 13.058 66.2482 42.4982
261741824.145 1905.37 304.01 37.005 74.7812 1.03154 52.9916 351.413 83.5185 50.8183
262191789.936 1719.99 303.83 37.3824 75.015 1.3607 49.0013 221.29 76.644 305.641
262453568.714 1634.43 303.9 37.1758 74.8741 1.19975 49.6336 12.2586 73.3055 33.9142
262798799.438 1829.28 303.972 37.3846 75.0797 1.26794 3.36199 204.9 34.7702 329.91
262947783.378 1862.05 304.067 37.0086 74.8095 0.99591 6.14235 310.432 29.6748 341.988
263142174.665 1774.4 303.713 37.1231 74.7475 1.29403 36.2796 337.836 45.7603 29.7518
263142187.664 1986.01 303.935 37.2147 74.922 1.19795 35.7885 338.0 45.2708 29.3899
263973993.101 2259.53 304.007 36.9873 74.765 1.02381 54.6575 60.6354 25.1076 51.2635
264185949.038 2399.72 303.883 37.4243 75.0733 1.34881 41.9648 275.658 38.7347 58.3459
265206938.433 2152.02 303.676 37.1289 74.736 1.32187 18.875 280.374 41.0099 50.2578
266630730.185 1809.13 303.946 37.0812 74.8161 1.11635 26.8336 104.554 60.5494 326.123
268224062.874 1946.62 304.06 37.1365 74.9127 1.07156 51.1686 249.932 53.6514 47.3048
268247790.176 1596.16 303.942 36.9385 74.6955 1.03967 21.3677 215.945 14.0152 359.022
268339518.704 1875.98 303.873 37.2098 74.8903 1.23652 22.3513 215.178 13.6787 8.16061
268448251.901 2320.13 303.941 37.0931 74.8236 1.12641 45.4861 2.2551 21.9993 43.3663
268730043.008 1934.5 303.867 37.2227 74.8985 1.24754 36.3794 151.479 33.0245 309.059
268947758.229 1673.32 304.021 37.3325 75.0579 1.20694 29.7629 157.226 22.6974 325.664
269291573.3 2265.99 303.905 37.1803 74.8801 1.19883 19.1879 166.493 19.9761 14.1391
269395310.173 1995.99 303.696 37.3166 74.9009 1.41295 48.0795 125.448 40.1725 331.804
269607081.131 2008.29 304.015 37.1534 74.9066 1.11102 69.7952 228.143 29.3876 9.58714
270305799.985 2312.98 303.701 37.2831 74.8753 1.39094 57.4937 235.42 68.2648 54.9714
270737378.793 1807.04 303.996 37.171 74.9128 1.13317 25.6875 27.9644 63.4258 351.145
271036906.73 1984.25 303.917 37.0583 74.7841 1.1228 52.7812 124.378 86.3486 306.94
271057722.249 2205.73 303.8 37.1268 74.7893 1.2382 38.8964 252.052 73.3633 37.7648
271128285.053 1909.96 303.74 37.0214 74.6748 1.21985 38.9389 108.073 72.9059 310.782
271264862.026 1769.61 303.644 37.2015 74.7821 1.38348 23.5371 306.465 60.6826 1.89662
271334611.862 1691.33 304.098 37.2445 75.019 1.10716 28.4151 96.8383 62.8376 314.143
272263423.873 1600.83 303.632 37.0433 74.6454 1.30344 15.2288 148.324 29.0751 319.478
272584660.713 2112.04 303.987 37.1157 74.8627 1.1087 25.2357 142.385 25.2677 308.471
272606845.866 1718.34 304.042 37.1014 74.8756 1.06385 33.2809 205.362 34.6642 32.6762
273242986.982 2057.99 303.893 37.1647 74.862 1.19778 55.9383 186.963 56.0864 54.8661
273495414.104 1738.5 304.117 37.2325 75.0175 1.08779 50.4029 175.836 50.4172 58.8672
273536895.441 2205.92 304.087 37.2165 74.9912 1.0982 39.9048 105.907 37.0343 314.32
273822740.326 2005.24 303.876 37.125 74.8214 1.1871 30.5607 147.516 27.0666 55.1804
274780257.936 2191.76 303.794 37.3202 74.9471 1.35027 21.9125 158.201 54.7621 50.8637
274855718.296 2465.62 303.821 37.3263 74.9645 1.33516 14.9553 10.1363 53.0295 1.76892
275820361.937 2476.65 303.968 37.2873 74.9968 1.21674 28.551 52.3182 70.2325 310.953
276393954.041 2071.24 303.985 37.3218 75.0333 1.22442 28.7542 85.3112 56.1295 304.512
278228413.967 2417.9 303.883 37.3494 75.0109 1.30737 39.601 248.249 14.7249 7.03789
278589293.484 1622.91 303.899 37.4169 75.0742 1.33426 33.6736 87.7813 31.5772 55.6972
278905605.586 1675.68 304.156 37.1265 74.9471 1.00263 30.1314 351.635 44.2665 341.999
280229439.365 1625.18 303.874 36.9822 74.7017 1.10913 34.9321 143.962 77.2105 44.8733
280665660.797 2044.36 304.129 37.2797 75.0623 1.1059 35.9984 151.4 72.5084 31.3064
280941743.786 1707.22 303.978 37.1536 74.8904 1.13554 10.321 140.969 46.1142 348.395
282146184.836 1828.03 303.763 37.152 74.7936 1.2772 36.7647 53.259 13.4477 358.966
283064609.466 2387.08 303.713 37.1889 74.8023 1.33048 53.2348 331.846 56.3963 317.86
285290641.448 1725.93 303.821 37.3339 74.9707 1.33943 33.8788 326.507 69.8418 305.772
285484691.603 2374.0 303.819 37.1115 74.7847 1.21758 5.67081 88.195 47.4378 342.237
285587844.16 2084.81 303.675 37.2093 74.8023 1.36741 10.7096 78.4042 45.1493 348.221
285989551.068 1798.68 303.953 37.1943 74.9129 1.175 19.8207 16.6333 30.6524 330.088
286700073.577 2363.73 303.767 37.315 74.9309 1.36504 43.1407 21.8662 32.4958 42.251
289579269.127 2198.25 303.919 37.1516 74.8626 1.17338 28.5448 43.8198 71.0671 31.6608
289773850.3 1988.24 303.661 37.0227 74.6408 1.27315 46.3122 26.2263 85.5875 47.2231
289854600.228 2249.28 304.015 36.9577 74.7443 1.00153 33.59 37.5803 70.9221 29.5049
289856662.885 1687.73 303.897 37.0456 74.7648 1.12881 43.2735 289.827 80.7022 306.034
290120612.377 1749.06 303.673 37.0205 74.6444 1.26376 50.2193 297.079 82.3318 307.201
291999863.064 1618.28 304.121 37.0847 74.897 1.00215 41.7867 299.354 28.4541 58.5117
292412968.766 2347.13 303.803 37.0266 74.707 1.18107 29.8634 273.691 23.2032 39.8433
292688004.846 1594.83 303.65 37.3011 74.868 1.43431 27.0241 281.568 35.8846 52.0017
293215139.093 1725.19 304.058 37.262 75.0158 1.14316 33.602 300.798 64.2536 56.2401
293628603.597 2128.8 303.95 37.2631 74.9687 1.21531 16.7161 349.766 61.7053 38.7074
295017332.495 2064.68 304.14 37.2885 75.0745 1.10344 15.6314 333.731 40.1974 356.741
295098958.977 2214.19 303.879 37.0378 74.7502 1.1365 51.4294 237.381 71.155 302.862
296404157.201 1617.86 303.581 37.0766 74.6505 1.3558 67.9293 265.776 71.2494 54.4171
296634336.285 2462.24 303.828 37.003 74.6984 1.15136 39.6821 242.69 24.1663 55.6313
297059587.051 1661.77 303.657 37.1892 74.7779 1.3678 41.2282 167.358 43.4144 328.712
297471994.565 2313.19 303.784 37.3902 75.0011 1.39545 17.4317 172.167 35.6189 11.1918
297861589.887 2478.26 303.959 37.02 74.7708 1.07392 9.25858 254.867 48.6011 38.0203
298136091.394 2443.59 303.844 37.0611 74.7542 1.17251 38.824 253.364 76.9703 54.4486
298999143.906 2167.58 304.143 37.1451 74.9566 1.02174 38.3832 165.651 76.9133 305.895
299261084.184 1615.4 303.715 37.2106 74.8212 1.3414 35.3187 285.625 68.6171 27.3317
301934874.895 1994.56 304.156 37.189 74.9989 1.03769 40.6583 120.331 53.4489 331.989
302026400.967 2427.39 304.024 37.1272 74.8887 1.09063 30.3193 116.362 44.9192 344.306
302041850.54 2177.13 304.108 37.163 74.9561 1.05451 57.5483 190.957 79.4471 53.7073
302140072.177 2228.77 303.703 37.3803 74.957 1.44368 25.6985 187.713 45.8278 54.0635
302335647.623 1685.88 303.699 36.9801 74.6222 1.22424 9.28873 112.413 42.831 17.638
303127130.61 1917.08 304.172 37.2485 75.0554 1.06029 14.0275 294.338 63.2657 15.8484
303551972.501 2232.14 303.908 37.1673 74.8706 1.18963 8.89838 328.261 58.4801 347.41
304424698.894 1825.34 304.143 37.0646 74.8901 0.976445 43.4223 137.345 58.1807 299.751
304515199.053 1660.85 303.904 37.2093 74.9038 1.21549 29.3629 200.422 37.5406 13.882
305124452.963 1810.84 303.554 37.2006 74.7419 1.44239 63.7768 125.54 66.5974 303.26
305226662.625 2388.01 303.867 37.3562 75.0094 1.32186 36.8473 146.278 13.4885 342.716
305260529.126 2124.6 303.614 37.2291 74.7919 1.41866 44.8765 169.631 33.3915 46.9684
305306964.173 2256.17 304.058 37.1526 74.9249 1.08234 37.8628 142.371 12.9219 338.881
305364170.304 2162.99 304.101 37.3141 75.0781 1.14397 38.0736 147.122 12.9921 14.3081
305472425.873 1931.21 304.035 37.2443 74.9911 1.14821 51.561 175.01 49.0354 54.3051
306034385.435 2112.16 303.764 37.2656 74.8885 1.33966 49.5854 147.113 48.4371 61.2595
306179148.161 1916.68 303.951 37.09 74.8255 1.11812 45.4474 94.2627 45.8374 323.341
306189811.63 1686.21 303.909 37.1925 74.892 1.20296 11.9425 136.9 21.398 36.3615
306447894.523 1985.34 303.833 37.1394 74.8141 1.22366 70.7261 242.118 26.8621 29.8262
306752821.434 2184.24 303.813 37.2813 74.9236 1.31545 44.8326 61.814 66.1238 328.056
306906350.016 2243.95 303.757 37.2889 74.9051 1.35674 26.4624 206.766 45.5807 46.3693
307251225.814 1983.9 304.097 37.3326 75.0917 1.15678 59.0719 64.6747 56.8693 358.795
307513894.543 1644.94 304.007 36.9662 74.7479 1.01155 31.2595 169.561 72.3235 51.1521
307559367.588 1997.49 304.084 37.3214 75.0765 1.15928 44.163 154.317 85.5965 52.8484
307715581.612 2131.26 303.928 37.1491 74.8643 1.16625 42.6588 255.358 62.4286 9.3657
307728030.4 1584.99 303.68 37.0741 74.6922 1.28879 33.1888 18.7635 75.664 317.158
309774183.851 2053.43 303.75 37.0688 74.7185 1.23968 47.5436 122.555 40.0379 45.9097
310067149.94 1688.69 303.929 37.4018 75.0746 1.30648 21.2783 247.784 12.6987 16.4776
310153123.786 1909.56 303.982 37.3767 75.0776 1.25707 20.0791 95.648 13.5986 26.9424
310870238.994 2414.43 303.895 37.4071 75.0643 1.33129 38.3324 257.757 27.7162 346.192
312275924.03 1789.71 303.651 37.3152 74.8801 1.44176 32.5287 307.489 72.1282 325.116
312320013.13 1703.97 303.636 37.2919 74.854 1.43877 36.4757 118.343 78.8844 50.6531
313054424.669 2012.14 303.877 37.3716 75.0269 1.32344 45.3869 122.784 80.1803 40.0868
313165413.948 2259.02 303.843 37.2129 74.88 1.25758 34.1294 16.9439 65.0809 303.851
314139307.794 2460.81 303.834 37.2683 74.9218 1.29481 67.9793 276.89 18.2183 351.834
315285519.861 1932.07 304.05 37.3521 75.0872 1.19859 43.8083 37.7616 40.2584 61.5862
316403539.068 2181.16 303.77 37.1781 74.8185 1.28689 27.7046 46.3 62.7227 53.523
316508892.955 1610.11 303.682 37.325 74.9016 1.42694 51.2463 303.315 89.0764 311.664
316967854.438 1601.46 303.568 37.1761 74.7276 1.41964 43.6383 307.218 86.038 308.391
317344449.347 2002.93 303.664 37.1285 74.7303 1.32978 33.9425 76.5604 74.6581 36.2059
317413491.661 2480.28 303.91 37.1648 74.8695 1.18667 28.3443 86.9708 68.8252 25.3615
317552248.874 1610.45 303.549 37.1659 74.7105 1.42699 12.9396 292.562 56.4255 320.843
317862531.302 2209.06 303.944 37.023 74.7667 1.08523 37.702 331.716 65.853 302.699
317941859.288 1910.73 304.058 37.3002 75.0477 1.16424 9.32077 39.5132 41.466 339.969
318435234.662 1980.9 303.968 37.2994 75.007 1.22339 26.1217 354.323 28.2409 317.909
319064731.286 2374.5 303.97 37.0402 74.7924 1.07795 62.4871 21.8112 63.3905 50.352
319284116.619 1599.74 303.765 37.3504 74.9597 1.38572 46.3257 318.289 33.8158 304.472
319890579.023 2106.21 303.969 37.3279 75.0311 1.23865 51.2013 346.94 51.9373 60.7803
322817401.346 2087.17 303.906 36.9522 74.6911 1.07103 6.97125 135.639 57.2828 299.852
323080707.139 2039.25 303.969 37.1299 74.8669 1.12806 31.1615 290.497 33.1941 305.497
324129750.706 1866.32 303.748 37.0722 74.7207 1.24256 54.1769 81.5572 17.8665 324.421
325068888.26 2025.31 303.913 37.1591 74.8661 1.18163 44.5432 286.147 61.7309 59.5496
326423307.082 2252.38 303.944 37.1147 74.8429 1.13632 14.5411 39.0583 62.8326 5.61888
326825157.235 1596.4 303.841 37.045 74.739 1.16615 2.24712 93.2797 52.1997 336.992
327833905.675 1641.02 303.951 37.3034 75.0026 1.23701 33.9197 280.162 30.6136 21.2618
328603068.361 1647.71 304.092 37.2202 74.9962 1.0974 45.5599 194.782 38.0931 306.113
329038793.051 2081.0 303.804 37.2723 74.9117 1.31683 39.7073 158.4 40.6076 318.753
329634420.035 2178.07 303.991 37.1343 74.88 1.11633 19.4822 188.554 30.5617 23.044
329760749.529 2047.4 303.845 37.4015 75.0373 1.36158 18.3823 159.13 36.9963 6.89293
330700904.361 1676.71 304.066 37.3091 75.0584 1.1642 13.9299 337.192 62.7366 22.8263
331504434.233 2018.99 304.178 37.1701 74.993 1.01254 0.925774 142.654 49.9992 334.538
333131654.917 1710.92 303.752 37.3149 74.9245 1.37458 60.9614 215.324 59.5288 53.5279
333658929.751 1839.79 303.811 37.4157 75.0343 1.3916 63.3792 198.309 68.8229 56.4952
334027357.198 1874.93 303.825 37.4234 75.0467 1.38698 34.0774 124.917 36.9691 338.856
334760772.984 2138.59 303.881 37.1407 74.8367 1.19235 2.93045 98.6364 47.6007 23.1188
335197696.79 2133.13 303.878 37.0415 74.7527 1.13941 37.221 91.605 77.7293 318.994
336149907.547 2506.53 303.941 37.2251 74.9335 1.19955 32.5395 120.116 65.4386 304.706
336551193.48 2311.1 303.951 36.9852 74.7387 1.05931 16.0247 237.636 56.4351 300.715
336802366.346 2211.55 303.783 37.1431 74.7951 1.25894 26.8528 187.262 33.6064 7.63607
337077612.411 2500.73 304.062 37.1268 74.9053 1.06523 31.9222 170.138 24.885 12.436
337089191.359 1885.03 303.651 37.0311 74.6435 1.28422 30.5229 161.981 21.2434 358.762
337272829.919 2289.85 304.13 37.277 75.0605 1.10357 56.3843 171.96 17.0054 332.165
337330445.858 2063.31 303.769 36.9985 74.6688 1.18768 47.1352 148.92 27.6231 301.978
337466892.102 1594.13 303.669 37.2196 74.8083 1.37698 53.2365 171.291 49.4764 48.1979
338235911.944 1781.64 303.597 37.2771 74.8247 1.45617 34.9122 108.305 16.3885 355.928
339302150.424 1628.51 304.016 37.3116 75.0385 1.19832 5.36632 40.1286 45.6671 21.2144
339601319.96 1652.09 303.98 37.2513 74.9722 1.18894 38.9416 5.68629 76.2972 323.631
339748151.123 2204.42 303.829 37.4409 75.063 1.394 43.6699 142.638 84.055 52.8937
340540545.494 2189.8 304.104 37.1608 74.9521 1.05648 25.9694 199.68 65.4993 19.2601
341286097.845 1687.51 303.78 37.0784 74.7401 1.22479 28.0084 152.051 41.3691 12.5151
342399398.31 1970.58 303.694 37.3367 74.9169 1.42522 58.4905 54.2425 54.9512 305.777
342662654.204 2367.98 304.105 37.3299 75.0931 1.15008 43.4622 43.0634 30.7432 315.443
342903639.959 2128.0 304.077 37.1843 74.9596 1.0874 48.7969 19.5345 46.3884 318.072
342936093.901 1969.35 303.911 37.2746 74.9611 1.24727 68.993 89.641 78.3038 54.3421
343045654.636 1665.22 303.87 37.3794 75.0303 1.33233 76.3442 241.787 40.3981 61.4639
343199999.867 1913.51 303.927 37.3497 75.0309 1.27814 54.2327 84.039 64.1436 58.8404
343819567.036 1838.37 303.963 37.1991 74.9215 1.17073 20.1769 81.6804 49.0336 49.9839
344565972.077 1949.44 304.144 37.0834 74.9062 0.98622 20.0913 291.104 65.8889 339.565
344589637.296 1822.25 303.916 37.1307 74.8438 1.16376 40.7399 328.843 82.8482 310.536
345598550.663 2106.36 304.18 37.1807 75.0026 1.01726 32.5903 14.2205 57.9854 302.855
345621369.849 1746.01 303.759 37.2564 74.8788 1.3376 28.7101 14.2895 53.7234 304.242
346469413.887 1700.75 303.684 37.2951 74.8779 1.40861 40.7571 17.7077 33.3246 299.867
347145480.629 2015.53 303.567 37.1716 74.7234 1.4177 40.6247 359.716 21.0455 317.669
347855029.77 1927.93 303.688 37.2179 74.8153 1.36327 46.3424 26.9426 54.6159 61.1423
348611548.791 1892.36 303.609 37.2464 74.8042 1.43154 40.7619 51.6461 65.1799 55.493
349311753.886 1853.0 303.954 37.2161 74.9318 1.18597 16.273 118.082 64.3462 17.2075
349347159.334 1951.65 303.781 37.3546 74.9703 1.37755 26.5602 277.088 70.6235 320.579
350162006.778 2374.06 303.638 37.0712 74.6712 1.31509 53.7152 329.524 83.344 307.982
350940158.015 1843.18 303.586 37.055 74.6348 1.34049 30.7468 349.0 19.7375 333.072
351008806.075 2411.66 304.152 37.1384 74.9552 1.01188 32.2711 354.97 18.2956 355.117
351170157.826 2500.43 304.186 37.1987 75.0205 1.02284 54.844 316.755 53.8368 300.286
351674443.84 2304.65 304.154 37.265 75.0611 1.08122 57.1879 304.255 53.02 306.744
352498175.617 1673.73 303.787 36.9654 74.6491 1.15747 62.4773 49.6481 44.9827 61.2427
352704783.694 1688.56 303.922 37.4229 75.0893 1.32251 20.8938 34.5734 36.341 47.5031
352968707.102 1987.43 303.934 37.3314 75.0187 1.26354 9.64671 270.607 40.3741 24.322
353191064.805 1750.3 303.734 37.4137 74.9986 1.44134 45.0685 331.625 77.8034 54.3338
353386739.578 1993.3 303.855 37.2939 74.9523 1.29513 37.2773 44.641 57.2303 41.5292
354241389.606 1723.84 304.078 37.1215 74.9083 1.0513 14.7171 60.9588 60.7877 2.29406
354762398.097 2023.49 303.949 37.1847 74.9034 1.17196 41.8153 13.8538 69.5934 31.4068
356878041.439 2337.11 304.043 37.1518 74.9178 1.09141 23.0631 221.085 22.6159 352.339
357776866.572 2232.7 303.981 37.3141 75.0251 1.22282 26.8511 288.665 59.3205 53.9101
357880558.079 2222.21 303.831 37.1741 74.8421 1.24439 5.26313 311.942 50.9374 32.3362
360362403.951 2445.77 303.905 37.3295 75.0039 1.28202 40.425 261.117 30.2232 36.8175
360552005.012 2206.12 304.119 37.0529 74.8695 0.986058 63.0332 89.5516 14.112 329.971
361439224.281 2261.89 304.071 37.2924 75.047 1.15134 50.2278 234.451 52.7409 61.0525
365015942.936 1689.76 303.785 37.0405 74.7107 1.20052 42.811 210.448 32.6521 41.1758
365028699.796 2204.15 304.062 37.2451 75.0038 1.13078 54.992 155.433 53.0462 300.573
365102655.019 2468.11 303.825 37.3563 74.991 1.34949 65.8289 122.835 22.9387 306.711
366127927.579 1651.87 303.683 37.1348 74.7437 1.32084 29.5076 146.245 20.5626 17.7464
366213931.722 1699.69 303.785 37.0991 74.7595 1.23302 72.7952 235.42 23.0947 10.9242
366489887.672 1900.23 303.941 37.2312 74.9384 1.20326 50.9071 113.176 67.8855 323.357
368238261.994 2306.87 303.96 37.0833 74.8238 1.10854 35.6856 111.424 72.0328 305.256
369406691.81 1880.65 303.932 37.4174 75.0891 1.31284 41.0249 121.032 36.9882 299.227
369830258.085 2487.9 303.869 37.2411 74.9146 1.25662 38.4056 122.696 15.0505 324.082
370775734.083 2307.47 303.676 37.0248 74.6493 1.26416 33.1745 71.7813 29.9132 341.538
371136339.06 2455.74 303.715 37.2334 74.8403 1.35378 18.0394 71.3252 32.1384 21.1989
372373251.761 2079.57 304.071 37.2746 75.0322 1.14144 38.2556 166.475 80.7624 48.6207
372536128.701 2106.64 303.868 37.2593 74.9292 1.26742 41.4582 45.2249 82.7685 306.903
372696806.933 1817.15 304.139 37.1527 74.9611 1.02874 46.9721 65.8524 86.5783 307.83
372936779.367 1904.62 303.925 37.0004 74.7396 1.08529 23.5913 40.2596 59.4704 309.028
373164652.21 2144.79 303.964 37.0542 74.8015 1.08959 31.7011 172.209 59.4056 19.9502
373268572.814 1601.64 304.026 37.1627 74.9191 1.1091 10.8946 97.8891 39.7169 330.061
373349173.207 1912.03 303.937 37.4002 75.0772 1.29982 24.4137 65.7114 45.5857 307.326
373543096.929 1815.13 303.835 37.1206 74.7995 1.21178 26.4833 139.879 38.3663 9.28445
374013706.752 2161.17 304.02 37.3578 75.0786 1.22144 40.4149 67.3956 35.6516 299.493
374151960.939 1687.44 304.088 37.2213 74.9956 1.1004 71.7746 73.7657 80.0858 306.065
375027446.431 2200.59 303.638 37.0452 74.6496 1.3004 66.9469 262.493 24.5798 326.153
375170390.72 1705.1 303.958 37.0882 74.8273 1.1122 33.0235 40.6041 17.4142 5.95177
375605272.893 2072.81 303.967 37.2233 74.9435 1.18147 29.0185 60.9152 37.1153 54.6047
376660598.573 1798.32 303.849 36.9834 74.6915 1.12635 25.0804 296.542 67.833 335.881
376729141.721 1796.6 303.73 37.2324 74.846 1.34348 17.951 277.389 64.2708 347.423
377393959.845 1778.62 303.6 37.2013 74.7625 1.41274 6.73059 289.841 55.4403 331.894
377463141.946 1953.04 303.719 37.3349 74.9263 1.40785 20.4713 341.198 59.7116 312.555
378161143.637 2414.58 304.006 37.03 74.8003 1.04779 27.3459 82.3644 38.2444 10.7004
379398930.856 1586.74 304.155 37.1998 75.0074 1.04428 38.6719 357.173 16.0539 330.683
379484545.268 1620.77 304.105 37.1539 74.9469 1.05186 63.3798 13.1635 15.5521 37.2106
380200312.688 2152.73 303.975 37.0062 74.7668 1.05509 27.3079 4.19797 34.4041 51.7559
380624273.382 2018.27 304.071 37.0107 74.8131 0.994289 13.4023 10.7192 43.8178 41.5896
380876241.645 1606.71 303.767 37.2445 74.8722 1.32599 13.6644 39.439 53.2769 42.8343
380892948.966 1733.0 303.98 37.1292 74.8711 1.12038 65.7782 56.2817 67.1175 55.1081
381064523.033 2026.52 303.8 36.9817 74.6684 1.15799 42.4905 24.7322 80.6464 54.056
381737148.455 1755.98 303.719 37.1066 74.7363 1.28109 25.5754 278.916 68.7276 315.418
382298087.098 2438.87 303.727 37.1038 74.7375 1.27436 4.56077 7.81424 45.4183 335.149
383249297.455 2404.28 303.923 37.0295 74.7628 1.10286 38.3957 322.2 30.0881 301.364
383398215.312 1820.64 304.065 37.3417 75.085 1.18315 40.4934 318.39 28.8924 301.791
383546735.167 2093.45 303.595 37.1282 74.6994 1.37553 36.9371 330.869 13.0183 350.173
383637824.198 1598.96 303.953 37.1568 74.882 1.15375 36.1196 14.5831 36.4039 50.1787
383781914.383 1692.6 304.045 37.1125 74.8858 1.06857 64.6801 66.9471 24.7929 307.965
383975932.442 1977.26 303.747 37.2627 74.8785 1.34941 46.887 70.0926 25.7953 54.9089
384521091.487 2505.4 303.598 37.0784 74.6592 1.34598 45.5041 275.767 47.0674 323.75
384536903.312 1611.68 303.646 37.2103 74.7906 1.3867 44.1964 324.997 46.4403 61.9564
384611891.037 1943.01 303.936 37.2435 74.9464 1.21348 8.25349 5.2187 24.4521 38.398
384949466.903 1765.94 304.042 37.3379 75.072 1.19569 27.6779 7.22632 43.3925 55.4957
385094070.217 2254.07 303.693 37.2668 74.8584 1.38688 43.3759 242.56 65.5575 329.214
385383934.772 2003.59 303.871 37.3094 74.9725 1.29294 52.2089 319.049 85.6358 50.7203
385534258.623 2426.88 303.841 37.1937 74.8629 1.24854 33.1705 71.8313 51.8277 21.6707
385540574.447 2328.97 303.924 37.099 74.8208 1.14119 24.4796 183.265 61.3065 346.376
385636366.188 2097.89 303.848 36.971 74.6808 1.12018 36.9896 335.83 74.527 54.716
385740021.432 2308.93 303.876 37.1017 74.8019 1.17428 19.3942 4.50862 62.6245 43.3001
385773630.163 2127.15 303.639 37.3058 74.8667 1.44473 44.2197 332.628 84.5409 52.8791
386193945.835 1726.03 304.042 37.3307 75.0657 1.19213 21.6066 177.943 67.1028 326.777
386354186.462 1837.92 303.992 37.2575 74.9827 1.18441 13.3681 158.597 61.6265 333.66
386389222.699 1935.47 303.785 37.127 74.7824 1.24883 31.859 230.935 73.0638 309.24
386710464.231 1818.09 303.775 37.37 74.9806 1.3899 44.9645 268.541 80.3741 306.393
386726235.805 1801.66 303.925 37.1904 74.8974 1.19109 51.6205 86.0651 52.4645 350.141
386733591.567 2446.23 303.851 37.0699 74.7646 1.17288 52.5622 277.013 88.5397 310.254
387592151.067 2208.38 303.739 37.2949 74.9017 1.37257 47.8129 268.47 55.2308 299.088
388765059.685 2095.58 303.875 37.4367 75.0798 1.36144 38.986 271.012 23.6987 53.9632
389011950.332 1841.83 303.963 37.1821 74.9076 1.16104 38.2877 86.71 27.1986 334.854
389040828.12 1829.1 304.044 37.1063 74.8805 1.0653 58.7022 86.566 39.91 324.694
390237934.053 2270.4 304.089 37.1068 74.9007 1.03609 24.8581 130.587 63.9817 343.621
391084872.712 2373.79 303.968 36.997 74.756 1.05465 28.5313 340.669 69.0725 26.2196
392049027.106 1851.25 303.826 37.3663 74.9999 1.35418 57.3485 215.967 73.0249 303.902
392328373.696 1684.29 304.074 37.1227 74.9073 1.05497 70.2547 95.9496 21.2062 359.402
394543976.927 1688.81 303.955 37.0754 74.8151 1.1073 26.9594 227.983 57.9097 54.4299
394727871.328 1755.68 303.955 37.1789 74.9014 1.16455 2.18395 308.775 51.7909 26.2692
395781988.923 1988.27 303.862 37.0118 74.7212 1.13313 17.9564 296.557 59.9342 6.33
396200625.875 2209.37 303.975 36.9804 74.7451 1.04124 8.67816 199.981 41.6408 331.584
397482935.032 1666.35 303.769 37.0199 74.6862 1.19998 41.1246 185.73 22.0505 44.7299
398622015.455 1937.14 304.139 37.1162 74.9307 1.00843 16.5293 308.533 50.3064 60.6915
398737099.069 1612.22 303.761 36.9859 74.6547 1.18592 16.353 307.766 32.8608 34.9161
398788533.436 1760.12 304.018 37.2523 74.99 1.16433 16.6459 306.436 36.4482 42.0058
398807278.987 2117.4 303.69 37.1421 74.7533 1.3198 16.5009 306.988 85.5979 314.141
399784972.133 2377.77 303.911 37.0926 74.8098 1.14618 56.5315 256.303 66.6065 35.561
399916756.033 1840.15 304.033 37.3329 75.0638 1.19882 56.7746 256.149 68.4112 32.0961
400806293.645 2057.82 303.897 37.0825 74.7953 1.14965 40.6923 114.562 66.6837 302.342
400954316.423 1649.25 303.644 37.2113 74.7903 1.389 13.8362 142.117 36.8616 329.412
401171292.546 1607.98 303.885 37.0882 74.7946 1.1609 32.5448 186.238 43.6809 19.3173
401538442.075 1778.97 304.03 37.3266 75.0571 1.19754 31.5639 128.395 22.402 318.62
402441845.559 2077.21 303.732 37.0335 74.6814 1.23187 66.0199 132.42 68.2024 55.6813
402901249.12 2288.76 304.055 37.0999 74.8798 1.05487 33.1899 69.6306 26.7085 342.954
403954974.908 1945.01 303.695 37.0306 74.6626 1.25455 44.4736 5.13798 57.3332 356.747
405067547.652 1832.4 304.134 37.0761 74.8952 0.989336 50.2883 65.8021 86.8607 308.967
405340951.712 1598.13 303.859 37.3496 75.0003 1.32359 8.22855 142.596 44.2488 343.019
405410415.349 1685.74 303.74 37.1516 74.7831 1.29215 28.9107 51.6922 54.6211 304.192
405478094.729 2319.38 304.087 37.1784 74.9592 1.07749 20.9038 152.798 45.1435 3.48844
405976958.709 1614.68 303.556 37.1417 74.6936 1.40854 76.732 274.622 33.3706 304.189
406847072.171 1662.29 303.773 37.153 74.7987 1.27125 64.1476 267.398 23.08 311.57
407664604.925 1914.76 304.164 37.1392 74.9611 1.00452 45.7036 66.3509 53.9289 61.3188
408477229.89 1625.06 303.724 37.065 74.7041 1.25453 43.4259 173.165 77.9687 54.6727
409499050.25 1687.5 304.111 37.1198 74.9215 1.02861 10.9998 290.094 71.2525 307.33
409808277.082 1982.86 303.852 37.115 74.8022 1.19774 33.0538 353.653 66.0896 303.979
410493268.815 2423.55 304.088 37.1908 74.9702 1.0834 69.2789 71.0419 72.5285 42.2224
410980606.284 1700.86 303.837 37.2461 74.9046 1.28057 65.8568 71.0667 24.9993 33.311
412119052.236 2356.58 303.976 37.4222 75.1127 1.28631 33.9043 77.4397 61.8597 59.1894
412554968.622 1909.65 304.025 37.1776 74.9313 1.11763 16.6061 331.127 33.5367 28.4228
412783046.923 1652.88 303.715 37.1523 74.7727 1.30909 40.6639 10.6344 66.6543 57.7068
412921630.102 1803.02 303.675 37.3577 74.9261 1.44914 12.2047 259.458 48.0327 7.91091
414382285.255 1996.68 303.886 37.0228 74.7406 1.1239 73.6536 58.3803 51.5366 316.969
415012156.604 2175.22 303.79 37.2587 74.8944 1.31845 20.2591 0.0366904 44.4431 300.487
415240259.828 1772.31 303.901 37.174 74.8729 1.19815 72.9019 55.2761 26.5937 11.8518
415344144.14 1931.13 304.149 37.2152 75.0176 1.05674 39.4045 315.905 42.3783 298.152
415772746.829 1645.29 304.091 37.1269 74.9185 1.04567 60.3663 299.142 12.5286 358.848
415984211.502 1957.07 303.652 37.2721 74.8444 1.41748 60.1416 38.0438 22.4652 48.6658
416510155.901 1778.74 303.855 37.2876 74.9471 1.29153 54.9185 324.625 56.8565 59.6984
416510312.899 2115.0 303.57 37.1823 74.7338 1.42148 49.0334 322.857 47.4459 61.4611
416521927.706 1712.95 304.116 37.3163 75.0868 1.13504 43.0472 319.806 38.3386 61.4226
417009078.085 1810.54 304.023 37.0972 74.8635 1.07433 30.9761 48.3249 30.7 6.78677
417084383.853 1991.59 303.796 36.9538 74.6435 1.14503 32.1855 51.7177 71.0993 321.457
417088159.095 2137.93 303.589 37.1039 74.6766 1.36603 32.1371 52.1145 60.1657 59.9215
417118349.287 2281.18 304.081 37.1465 74.9303 1.06335 32.4777 51.4929 52.8696 335.869
417330049.844 2022.52 303.772 37.0419 74.7062 1.20985 39.341 56.0966 54.5554 342.216
417943142.831 2329.24 303.655 37.2645 74.8394 1.41131 53.2932 62.4723 83.3935 314.303
418080359.391 2049.25 303.618 37.2265 74.7916 1.4143 35.4612 190.109 76.9522 318.876
419351713.731 2425.75 303.997 37.0674 74.8274 1.07461 54.9656 269.577 78.2747 305.665
419568041.526 1712.3 304.09 37.3106 75.0706 1.14878 70.5255 50.5502 29.3281 328.26
419763030.713 1863.09 303.92 37.1681 74.8767 1.1819 26.709 350.205 40.1148 299.615
420139767.773 1989.23 304.166 37.2694 75.0698 1.0761 68.3765 77.5368 27.7034 35.2302
420231367.593 1900.39 303.629 37.2204 74.7916 1.40346 66.2789 77.4862 24.0863 35.9736
421953220.003 1990.97 304.151 37.1822 74.9912 1.03682 32.487 266.728 57.9113 57.3486
422033629.888 1760.87 303.907 36.9339 74.6761 1.06051 19.2442 267.945 49.3155 49.3465
425502388.998 1633.0 303.813 37.1663 74.8279 1.25167 36.4016 192.456 13.9874 359.96
426245868.27 2174.45 303.753 37.0678 74.7192 1.23692 21.9695 192.676 33.639 43.6558
426268315.867 2147.75 303.596 37.1755 74.7394 1.4009 35.8077 211.05 50.4908 59.707
426578065.464 2263.74 303.937 37.1341 74.8558 1.15202 9.96385 135.063 42.4057 16.9301
426949579.015 1782.89 303.998 37.3322 75.0475 1.22202 54.9628 273.515 56.9044 40.1843
428731361.826 1972.49 303.963 37.2395 74.955 1.19348 58.3594 155.401 76.1344 304.937
430537175.585 2489.18 303.781 37.2923 74.9183 1.34311 30.6655 239.931 53.7276 61.2014
430755755.3 1666.05 303.803 37.3248 74.9551 1.3466 30.9303 247.614 37.1757 348.028
431710985.359 1612.96 303.869 37.4165 75.0604 1.35413 59.3998 241.307 58.8234 15.8424
431790067.503 1903.67 304.028 37.1817 74.9361 1.11782 61.841 240.3 78.0591 52.7861
432158904.025 2183.4 303.989 37.3453 75.0543 1.23533 43.1012 94.7872 85.2791 307.308
432891601.939 2088.07 303.965 37.3735 75.0672 1.26667 54.5966 115.808 84.926 309.17
433474852.229 1671.68 303.743 37.0838 74.7279 1.25267 57.6312 110.519 69.9948 302.6
433484301.867 1911.44 303.718 37.1778 74.7953 1.32102 68.7741 231.318 60.7325 37.7444
433760266.565 2336.91 303.885 36.9604 74.6887 1.08929 49.0212 205.53 34.672 299.033
434023605.276 1903.11 303.619 37.0292 74.6277 1.30459 48.7854 100.962 45.3795 299.78
434050782.855 1826.81 304.028 37.355 75.08 1.21447 64.863 213.96 47.9139 48.4908
434370722.547 2012.31 303.628 37.0605 74.6579 1.3157 58.6827 197.489 71.2586 53.7605
434519852.291 1762.25 303.88 37.2954 74.9647 1.27938 53.702 190.949 46.7456 57.9627
434840942.285 1677.08 303.591 37.1759 74.7376 1.40423 42.7008 185.895 16.4762 4.22186
434891808.221 1612.93 303.664 37.1474 74.7459 1.34031 38.9441 187.277 38.9511 61.7823
435087734.144 1812.04 303.969 37.1368 74.8721 1.13241 32.939 193.639 58.4064 320.513
435207650.615 1882.65 303.938 37.2305 74.9366 1.20452 30.3932 205.226 48.516 329.333
435303342.59 1655.53 303.849 37.0541 74.7502 1.16579 30.5794 210.378 58.7359 60.5498
435367521.088 2182.27 303.939 36.9496 74.7033 1.04807 30.5858 209.619 37.6733 348.397
435429161.655 1839.57 303.601 37.1561 74.7253 1.38693 31.69 215.114 60.679 59.8145
435693501.205 2044.52 303.979 37.0542 74.8081 1.07971 38.6663 222.579 44.2295 1.35416
436025195.746 1914.82 303.91 37.1255 74.8368 1.16486 50.1312 226.539 52.2038 10.8418
436190838.817 2130.83 303.852 37.3579 75.0043 1.33256 37.6764 255.92 56.2063 26.148
437388335.812 1662.53 303.823 36.9502 74.6525 1.1249 44.1698 51.6129 74.8203 304.228
437416072.132 1601.63 303.576 37.0778 74.649 1.36032 74.1904 241.926 46.8265 321.651
437610698.518 1806.31 303.992 37.1798 74.9181 1.14116 73.6463 239.742 43.609 312.178
438119878.977 2063.28 304.048 37.3744 75.1046 1.21256 33.1688 168.612 38.9664 300.257
438422987.209 1949.51 303.764 37.1647 74.8047 1.28344 59.9914 201.686 36.0127 298.847
439142587.097 1642.02 304.098 37.242 75.0172 1.10534 54.9746 118.973 32.7083 58.5095
439281274.027 2262.82 303.972 37.1393 74.8756 1.13173 41.0269 8.06148 60.8021 311.444
439816670.678 1706.68 304.067 37.301 75.0523 1.15882 61.6475 59.6981 77.9507 54.3266
439863222.989 2171.82 303.923 37.0325 74.7651 1.1048 34.0295 41.8277 36.4493 55.8563
440057190.671 2476.42 303.976 37.4167 75.1079 1.28368 43.5802 57.7497 61.5055 59.2257
440217875.714 1992.15 304.015 37.258 74.9933 1.16946 18.7092 48.845 42.4187 46.885
440777682.935 2033.75 303.779 37.3092 74.9317 1.35346 39.9983 67.1254 78.2655 54.0749
441282341.811 1632.22 303.724 37.3539 74.9444 1.41497 13.6734 190.126 63.1681 4.78899
441407762.849 1660.23 303.761 37.1213 74.7672 1.26137 25.4384 125.333 69.017 27.8261
441430559.898 1823.39 303.559 37.1303 74.6856 1.40004 28.2576 117.204 70.9508 31.5736
441672176.723 2356.83 303.959 37.0157 74.7674 1.07117 19.6714 322.183 60.9991 314.704
441820681.198 2233.16 303.915 37.1929 74.8948 1.19936 10.4522 325.665 52.9318 321.837
441934390.064 1720.7 303.82 37.2732 74.9195 1.30685 17.9224 115.447 53.1155 2.42328
441969083.533 1619.71 303.848 37.0572 74.7523 1.16832 4.40214 78.8481 46.2741 338.287
442438447.7 2282.76 303.737 37.151 74.7815 1.29339 26.5325 7.10296 38.3369 307.384
442746237.144 2101.12 304.016 37.1178 74.8773 1.0907 40.8177 56.7011 42.9633 31.5117
442849430.59 2015.72 303.874 37.1143 74.8115 1.18262 34.6969 44.3965 28.1438 22.3235
443878679.39 1834.53 303.692 37.0924 74.7125 1.29123 39.1203 2.0343 23.8809 54.9918
443902683.799 1898.72 303.849 37.0126 74.7158 1.14262 54.9221 316.207 53.04 313.078
443936115.005 2224.34 303.733 37.2009 74.8209 1.3242 35.0123 346.488 15.3887 23.1623
443981698.473 1680.88 303.824 37.1071 74.7832 1.21182 35.8597 353.972 20.5428 47.3967
444256890.685 2402.35 303.88 37.02 74.7357 1.1263 38.7313 308.201 38.7211 331.029
444290183.762 1710.6 303.685 37.2424 74.8343 1.37901 36.2571 358.552 37.0919 59.5611
444336495.91 1673.96 303.739 37.3629 74.9587 1.40976 26.5993 323.161 24.3491 9.65343
444415843.191 1800.43 304.104 37.1732 74.9626 1.06313 34.0848 25.894 45.5277 60.8677
444599058.177 2321.28 304.148 37.2622 75.0559 1.08393 25.367 352.025 38.4057 51.6013
446271145.292 1758.97 304.087 36.9943 74.8066 0.974485 43.8147 304.294 81.3843 306.154
446613107.551 2025.09 303.884 37.1977 74.8854 1.22208 5.79122 348.055 44.1653 334.395
448540254.999 1585.76 304.092 37.1153 74.9093 1.03854 58.2706 61.1263 31.9002 322.095
448590668.351 1918.42 303.987 37.3997 75.0988 1.2667 58.4609 61.2939 40.1341 61.3928
448722095.208 2318.58 304.174 37.1247 74.9536 0.989704 58.3197 60.7168 44.5903 62.1296
448864517.072 2004.54 304.053 36.9811 74.7803 0.989966 58.4298 60.3959 73.7857 56.1663
448967384.44 2201.96 303.907 37.2002 74.8976 1.2085 62.9891 60.1208 75.8911 55.2146
449883652.196 1878.07 303.805 37.0902 74.761 1.21459 26.4205 95.1718 56.1971 5.43769
451268292.478 1831.53 303.907 37.4123 75.0739 1.3264 24.0397 244.196 51.0508 307.269
451713548.908 2091.26 303.662 37.3177 74.8867 1.43609 14.479 307.304 28.1303 348.827
452091044.859 1835.08 303.944 36.9418 74.6992 1.04035 31.1335 267.458 19.2222 323.075
452274520.387 2286.25 303.883 37.1653 74.8579 1.20487 50.0134 247.082 45.2541 299.235
453085772.372 1602.62 304.033 37.1905 74.9453 1.11989 15.5384 151.034 21.518 332.546
455773507.219 1891.99 303.887 37.1045 74.8093 1.16812 35.4915 125.752 49.8828 311.378
455971865.498 1910.96 303.781 37.2299 74.8662 1.3087 56.924 270.178 83.1233 43.7859
455983352.736 1812.82 304.159 37.2323 75.0361 1.05982 55.3718 271.775 80.5729 42.213
458510971.124 1591.99 303.938 37.1791 74.894 1.17596 14.0472 143.222 37.6551 16.3323
458865139.577 2256.7 304.025 37.2201 74.9662 1.14181 5.16139 229.397 49.565 32.4896
459156071.799 1668.75 303.762 37.2142 74.8449 1.3124 36.5894 94.6437 70.5105 51.799
459254058.206 1767.45 303.996 37.1735 74.9149 1.13461 10.0848 323.271 59.9405 20.2412
459848983.864 2107.18 303.684 37.2375 74.8297 1.37709 10.8456 334.387 59.755 352.925
459998346.42 1734.59 304.076 37.1987 74.9714 1.09585 19.3797 117.629 60.6299 314.958
460261431.27 1587.25 303.922 36.9594 74.7043 1.06429 24.1482 140.423 56.4499 307.662
461003871.602 1610.2 303.718 37.0879 74.7205 1.27118 26.6642 184.026 23.4016 341.427
462055144.313 1727.89 303.999 37.2606 74.9887 1.18092 41.3154 162.074 25.3308 55.5768
463186655.622 1822.86 303.752 37.168 74.802 1.29331 21.3654 155.052 47.4643 50.9123
463347771.388 2330.88 304.017 37.0906 74.8555 1.0744 26.614 44.2758 57.415 346.275
463632171.893 1687.09 303.825 37.0833 74.764 1.19779 31.0918 174.954 69.0922 53.3808
463930065.957 2163.38 304.012 37.2724 75.0041 1.17931 16.664 226.477 63.8481 30.5061
463942908.997 1693.42 304.176 37.2696 75.0747 1.0693 36.969 57.2747 78.7669 315.732
464101048.832 2315.96 304.158 37.2459 75.0471 1.06792 35.6667 196.678 78.3875 48.1565
464811203.772 2046.88 303.774 37.2024 74.8406 1.29758 2.76205 182.785 48.0711 338.141
465040275.536 2255.9 303.878 37.2553 74.9303 1.25857 19.6664 97.3305 45.8432 311.417
465760611.847 1716.05 303.814 37.2413 74.8903 1.29317 44.4948 100.849 43.5956 298.141
466096726.85 1930.21 303.667 37.1549 74.7537 1.34205 67.463 252.017 29.7033 43.2073
466114328.994 1897.51 303.778 36.9856 74.6621 1.17452 37.0987 111.719 13.1613 343.658
466342847.772 2012.22 303.595 37.2971 74.8402 1.46902 38.2568 107.165 12.1679 10.0268
467233592.089 1916.64 303.787 37.1569 74.8082 1.2641 47.3137 107.019 55.1564 61.1525
467292103.005 2038.77 303.829 37.1732 74.8407 1.24485 36.5086 27.2733 42.1463 335.409
467473265.553 1917.14 303.757 37.3434 74.9503 1.38727 56.0292 104.251 75.3412 55.2563
467565125.478 2031.85 303.917 37.1555 74.8647 1.17721 37.2222 104.211 55.0104 59.5556
467737274.791 2290.55 303.82 37.2259 74.8802 1.28068 10.533 55.4502 39.5953 27.9719
467817092.671 1598.44 303.803 37.274 74.9129 1.31818 12.4454 94.8521 44.2337 40.2578
467886569.799 1596.95 303.964 37.2779 74.9873 1.21429 28.4799 337.762 57.9262 344.279
467886949.913 2166.45 304.031 37.1399 74.9026 1.09263 43.3977 340.543 72.8108 326.248
467897991.241 1864.1 304.054 37.1557 74.9259 1.0863 27.8211 337.234 57.6801 344.933
468033429.215 1852.88 303.886 37.2983 74.9699 1.27685 42.786 107.768 76.5948 54.8204
468081311.25 1937.41 303.876 37.04 74.7509 1.13957 40.8385 334.353 75.2778 324.759
468126875.947 1612.61 303.887 37.1631 74.8578 1.20105 34.1406 329.018 69.8388 332.235
468136005.879 2322.83 303.919 37.105 74.8236 1.14777 52.1805 101.9 89.7876 49.2055
468172010.633 1840.69 304.172 37.1335 74.9601 0.995896 11.3753 303.294 55.7328 6.1695
468364818.931 1916.36 303.902 37.0019 74.7306 1.10121 46.3204 111.318 86.9367 52.5089
468573175.167 1945.33 303.857 37.1683 74.8488 1.22401 38.35 344.264 80.4253 312.762
468880028.216 2348.67 303.99 37.3659 75.072 1.24593 35.2854 159.488 77.2214 41.6085
469134037.564 1850.95 303.781 37.2915 74.9176 1.34281 49.3895 46.7895 88.3464 309.315
469213823.962 1789.09 303.962 37.1493 74.8797 1.14368 42.2248 37.4277 78.5686 305.622
469533662.626 1846.15 304.102 37.1504 74.9428 1.05176 37.1291 41.0693 64.3757 302.611
469669483.68 1829.65 303.786 37.09 74.7522 1.22763 24.2996 141.746 47.3752 8.78033
470025139.579 2157.63 303.742 37.3002 74.9076 1.37333 47.5007 46.9931 59.3338 299.893
470230303.838 1768.05 304.141 37.3113 75.0936 1.11586 32.666 56.0069 29.0693 307.008
470263216.717 1819.19 303.963 37.3818 75.0734 1.27227 58.8566 100.14 67.8206 43.3919
470709581.498 1766.77 303.897 37.246 74.9312 1.24064 42.2751 78.44 28.2416 43.8176
470880840.25 1976.77 303.897 37.3437 75.0123 1.29512 48.0668 76.6571 37.8117 52.5101
471578673.252 1601.41 304.118 37.1604 74.9583 1.0465 37.0443 16.4567 19.5607 358.975
471990248.069 2230.01 303.592 37.179 74.7406 1.40525 24.7928 342.549 33.2599 357.344
472320935.38 1939.21 303.845 37.0618 74.7551 1.17238 23.4402 51.2044 48.415 52.8046
472837044.114 1689.98 303.947 37.0876 74.8216 1.11959 43.2963 306.294 81.8223 316.62
472869552.239 1747.39 303.957 37.2988 75.0014 1.23059 23.1933 86.0077 64.8581 47.1457
473431461.745 1799.51 303.931 37.0993 74.8241 1.13667 28.127 309.338 71.0415 314.206
473432041.924 2121.87 303.815 37.1047 74.7776 1.21604 45.0222 331.969 86.986 307.025
473807307.469 1946.5 303.665 37.0925 74.7009 1.30875 31.1998 99.945 67.7388 24.6581
473808789.826 2149.24 303.711 37.3011 74.8947 1.39429 26.13 331.012 63.5021 308.479
474059727.074 1853.08 304.09 37.1443 74.9322 1.05652 7.27634 7.77321 44.9418 327.538
475042074.788 2157.32 303.618 37.1857 74.7577 1.39175 38.2973 33.7407 28.1601 31.6991
475452682.766 1712.65 304.055 37.3412 75.0803 1.18932 70.2554 35.1831 74.058 52.3876
475556038.996 2368.01 303.718 37.2504 74.8556 1.36143 51.0758 22.4157 43.0024 55.2112
475688138.693 2404.17 303.918 37.3366 75.016 1.27678 62.2164 45.7707 12.2274 0.584893
476065140.747 1626.13 304.046 37.1446 74.913 1.08564 66.8244 60.9541 17.7725 32.935
476437027.947 2066.84 304.057 37.2451 75.0015 1.13408 31.1058 299.823 34.7925 344.2
476818434.458 2149.91 303.8 37.1145 74.7787 1.23196 46.8475 356.767 70.1473 57.3067
476996426.014 2056.42 303.922 37.1214 74.8386 1.15482 10.196 346.933 44.4624 37.4278
477446915.726 1637.39 303.845 37.0785 74.769 1.18172 44.3211 5.86998 83.8241 53.203
477557045.913 2009.94 303.832 37.1499 74.8224 1.23029 13.1169 173.494 60.915 1.45462
477557298.474 1880.84 303.742 37.2117 74.8341 1.324 20.2086 209.46 64.4699 346.059
478312343.171 1951.29 303.601 37.2533 74.8062 1.44079 23.2369 271.005 63.0289 311.431
478346473.757 1684.95 303.834 36.9277 74.6388 1.10514 17.0671 262.55 58.1583 316.049
478745501.992 1683.83 303.679 37.0229 74.6488 1.26142 27.6484 33.1322 53.3425 14.2826
479688132.497 1866.16 303.905 37.0715 74.7896 1.13837 43.373 25.6256 47.5114 44.8653
480122627.297 2441.49 304.152 37.064 74.8934 0.970334 28.2655 15.2883 31.2449 54.3401
480203162.815 2354.36 303.819 37.083 74.7613 1.20128 61.937 74.876 12.9089 340.246
480255076.365 2077.49 303.848 37.061 74.7557 1.17015 48.5798 280.993 38.1596 308.189
480271978.26 1671.48 304.097 37.2866 75.0536 1.13102 65.0553 75.4183 24.3798 314.728
481066486.676 1829.53 303.908 36.9268 74.6706 1.05595 40.2196 231.834 49.053 331.643
481191934.118 1748.65 303.592 37.1504 74.7167 1.38957 28.4652 221.631 40.2454 347.561
482693660.754 2429.46 303.903 37.0131 74.7403 1.10697 45.896 344.305 87.0313 49.7416
482735115.075 1661.38 304.055 37.0785 74.8624 1.04247 9.19774 126.643 58.8078 337.508
483502179.823 2232.66 303.968 37.2129 74.9351 1.17527 60.6446 261.739 84.9662 309.009
483729383.742 1806.18 304.132 37.175 74.9763 1.04591 23.656 269.152 27.4704 337.368
484061585.682 1942.56 303.929 37.3975 75.0712 1.3039 52.0768 246.856 55.2829 299.602
484415062.509 1748.63 304.086 37.2943 75.0551 1.14254 34.3868 254.241 14.5785 329.974
484786590.088 2099.29 303.651 37.2693 74.8419 1.41614 53.6281 84.3675 20.5949 316.371
487014233.731 2159.93 303.997 37.0115 74.7808 1.04362 30.5702 305.268 73.8143 42.1101
488352495.995 1680.63 303.758 37.1118 74.7579 1.25813 23.9706 229.193 26.152 334.512
488404626.482 1765.26 303.755 37.3367 74.9438 1.38489 42.3436 181.67 51.7019 298.817
490306042.103 1941.77 303.701 37.0917 74.7161 1.28457 24.0869 185.362 33.8943 47.1927
492501497.69 2040.51 303.671 37.0573 74.6743 1.28522 15.8645 153.224 42.353 316.996
492718051.628 1960.45 303.798 37.0185 74.6983 1.17946 22.101 212.425 36.5304 0.668912
492934412.576 1954.98 303.864 37.3969 75.042 1.34627 53.9973 216.927 67.1794 39.4194
493483272.963 2008.55 303.675 37.3902 74.9528 1.46773 46.7097 189.069 39.6055 44.7801
493620183.632 1874.9 303.788 37.1755 74.8245 1.27319 55.1165 187.902 51.1712 50.5593
494364428.488 2354.29 303.846 36.997 74.7017 1.1357 51.4956 111.833 50.6003 316.973
494705890.531 2310.29 303.822 37.0831 74.7625 1.19967 36.3137 147.855 40.9367 60.2162
495187702.839 2080.46 303.737 37.1846 74.8091 1.31263 59.5063 101.249 88.1977 313.208
495540297.289 1642.5 303.634 37.0709 74.6692 1.31751 11.2432 179.984 53.6217 39.3918
497107410.84 1888.6 304.158 37.1361 74.956 1.00653 24.1149 93.7236 46.8217 307.271
497176232.921 2495.01 303.931 37.17 74.883 1.17584 36.0949 96.1706 56.0248 301.182
498563829.772 1954.05 303.916 37.0276 74.7582 1.10624 38.9155 84.4854 15.1686 331.337
498940624.768 2096.38 304.026 37.0411 74.8181 1.04128 33.6338 81.5662 17.6749 31.4837
499020264.661 2260.45 304.012 37.0459 74.8161 1.05285 38.3039 97.2877 32.3065 59.5959
499025593.214 1720.27 303.853 37.0949 74.7859 1.18583 51.2828 105.959 53.5576 61.1062
499243397.468 2125.36 303.663 37.2798 74.8558 1.41425 30.2425 199.549 24.2832 30.5731
499255821.547 1825.61 303.697 37.2708 74.8634 1.38658 30.2724 199.404 61.1076 321.934
499604171.597 1778.91 303.75 37.296 74.9076 1.36576 36.8189 216.024 58.5172 333.268
500037287.984 1730.72 304.019 37.277 75.011 1.17736 48.4643 220.844 52.0598 41.4009
500798950.619 1601.93 304.105 37.3266 75.0904 1.148 24.8785 338.354 76.6478 311.006
502020383.428 2356.43 303.733 37.2009 74.821 1.32415 34.3455 111.793 42.9984 21.8584
502455151.877 2340.36 303.793 37.0674 74.7368 1.20997 33.5881 58.8153 17.4315 330.821
502479153.711 1954.66 304.014 37.1557 74.9081 1.11295 69.8588 38.057 78.0638 305.496
503100802.612 2311.57 303.879 37.1948 74.8805 1.22418 63.0883 266.971 18.0472 321.766
503672703.784 1857.42 303.799 37.316 74.9454 1.34473 29.0579 292.451 57.5465 319.614
503672983.419 2016.54 303.792 37.2686 74.9032 1.3226 29.0504 292.545 73.7714 314.378
503871735.123 2167.69 303.957 37.2013 74.9202 1.17615 28.9028 291.292 25.4451 24.8662
504260239.391 1854.44 303.875 37.2487 74.9232 1.25684 12.5054 352.104 37.5939 23.0762
504330070.883 1923.93 303.668 37.0863 74.6964 1.30399 63.8043 299.992 83.9921 315.901
504648995.361 1653.87 304.065 37.316 75.0632 1.16891 10.9326 272.816 52.7226 7.77279
504706265.291 2296.46 304.179 37.2621 75.0695 1.0631 15.6099 273.562 56.3901 359.802
505083549.137 2452.95 303.673 37.1273 74.7328 1.32323 44.5535 273.682 64.1863 347.402
505827159.004 2168.0 303.799 36.9497 74.641 1.14075 27.5946 328.815 64.0647 307.316
505913344.57 2475.53 304.052 37.1078 74.8847 1.06131 45.0354 344.592 79.329 305.819
506660417.145 1821.55 303.658 37.0176 74.6348 1.2725 25.511 33.6258 26.9735 355.18
506844051.003 1802.2 303.873 37.3543 75.0103 1.31653 45.0453 344.043 47.3895 298.362
507152494.789 1894.73 303.96 37.0317 74.7806 1.07969 49.3716 336.663 44.2222 298.891
507963658.297 2274.33 304.098 37.1722 74.9587 1.06672 49.0376 310.543 44.1283 315.532
508385655.386 2122.48 303.586 37.1711 74.7311 1.40485 26.3361 321.57 23.7711 25.5551
509094611.161 2491.75 303.797 37.1756 74.8279 1.26783 23.3823 241.875 55.4353 350.588
509585639.863 1662.96 303.745 36.9751 74.6382 1.1908 10.4266 131.143 60.1513 11.0279
510100287.455 2414.4 304.027 37.3136 75.0447 1.19212 10.4712 157.25 60.3201 342.468
511573311.663 2226.2 304.005 37.063 74.8267 1.06726 58.5186 352.365 62.8147 45.3459
512002039.243 2236.42 303.939 37.3866 75.0662 1.29117 66.531 63.5039 43.366 52.1582
512076720.391 1868.94 303.856 37.0051 74.7122 1.13403 49.3072 72.9393 19.0364 43.6795
512310965.893 1769.66 303.938 37.2578 74.9585 1.22042 15.0644 330.733 17.6828 44.722
513276859.571 1836.94 303.801 37.2322 74.8769 1.2964 23.0832 211.831 38.9619 356.609
514094180.431 1737.56 303.967 37.0791 74.8233 1.10131 22.558 143.321 65.343 342.733
514156110.068 1653.94 303.995 37.0265 74.792 1.05346 16.9308 4.5368 63.0686 35.4321
515458691.201 1693.56 303.903 37.2767 74.9591 1.25363 46.741 331.042 69.1221 34.2962
515694199.286 1678.93 304.066 37.0361 74.8315 1.01185 25.9081 254.553 33.6061 311.077
515893810.181 1700.52 303.617 37.297 74.8494 1.45447 18.8945 92.7445 23.218 340.95
515904833.212 1647.2 303.883 37.3196 74.9857 1.29082 33.7456 299.977 34.0961 21.3516
516978416.655 2363.3 303.755 37.2059 74.8346 1.31235 51.0435 262.206 45.3759 59.6108
517059106.828 1794.0 303.663 37.2179 74.8037 1.38026 35.9061 227.257 14.226 4.6734
517537567.383 2232.9 304.064 37.1426 74.9188 1.07298 66.684 252.092 84.1485 52.1919
518197140.384 1982.44 304.137 37.2387 75.0311 1.07823 56.7814 131.271 85.8053 315.106
518223612.01 2504.08 303.583 37.2088 74.761 1.42801 31.2497 254.652 61.9037 55.9117
519591593.017 1773.55 303.79 37.3008 74.929 1.34178 39.7386 179.385 74.1181 304.835
520007789.306 2044.39 303.904 37.4037 75.065 1.32373 14.9268 212.566 38.2676 322.83
520384629.214 2150.89 303.788 37.299 74.9265 1.34236 61.5773 334.571 25.3259 337.588
520453850.503 2045.31 304.168 37.2155 75.0258 1.04456 63.38 348.434 47.9115 298.393
520887450.178 1703.11 303.781 37.38 74.9908 1.39196 36.7068 198.152 18.4049 316.819
521126484.807 1618.81 303.7 37.4024 74.9736 1.45813 51.606 227.387 44.8149 51.7384
521287257.814 1706.59 304.138 37.072 74.8934 0.984212 44.0704 186.679 14.5568 327.968
524556498.938 2495.44 303.895 37.2079 74.8982 1.22078 46.4668 142.854 69.6365 302.693
524624469.62 1602.65 303.755 37.3224 74.9315 1.37706 24.9513 145.445 43.9382 307.184
525229387.506 1647.1 303.757 37.3663 74.9689 1.40004 31.8182 172.601 19.596 359.491
525264140.176 1866.78 303.882 37.2219 74.9039 1.23752 37.8013 145.355 29.5606 302.313
526074441.601 1702.29 303.829 37.279 74.9279 1.30421 42.7815 154.198 28.8322 57.5161
526406337.476 1904.36 304.021 36.9818 74.7666 1.01115 34.1348 113.483 21.1114 346.023
527709094.451 2294.46 303.975 37.0097 74.7691 1.05751 19.2059 348.79 61.5769 351.214
527778431.933 1872.69 303.991 37.3742 75.079 1.24985 43.636 52.7273 83.613 314.252
528176862.631 2220.75 304.087 37.1993 74.9764 1.08904 23.3707 213.8 68.4264 30.2801
529263334.003 1757.17 303.656 37.1267 74.7248 1.3342 18.3848 111.051 34.3828 322.752
530005707.131 1937.05 303.921 37.0922 74.8135 1.13937 35.4729 107.073 14.5883 346.969
530016959.183 2242.97 303.641 37.3273 74.8853 1.45512 36.267 115.889 17.8265 18.6846
530211589.626 1807.53 303.611 37.2981 74.8479 1.45863 40.1142 87.3243 21.0298 309.325
530297641.006 1782.2 303.97 37.1746 74.9037 1.1528 71.3161 265.416 41.77 302.78
530486371.819 2410.31 304.032 37.2985 75.0342 1.18075 59.3136 73.1078 56.3936 306.998
530554869.504 1632.52 303.823 37.3256 74.9642 1.3339 57.532 68.5793 53.9679 308.148
530770298.091 1973.21 303.848 37.4347 75.0661 1.37773 53.0635 106.896 50.4582 59.5298
532232011.99 2270.94 303.928 37.0168 74.7539 1.09295 49.8631 94.4689 88.7784 50.6047
532234023.001 2078.72 303.728 37.4003 74.9842 1.43844 24.3544 310.819 64.1841 344.215
532484561.362 2473.06 303.822 37.4326 75.0524 1.39434 16.4684 172.899 63.5468 31.5689
532735818.835 1838.08 303.986 37.145 74.8862 1.12582 26.406 161.36 70.5282 35.7908
532965926.447 2165.04 303.931 37.0204 74.7582 1.09281 27.2216 346.806 69.2209 312.236
533341642.085 2449.96 303.839 37.0254 74.7216 1.15642 29.9218 152.793 63.8411 20.5646
533343793.376 1892.26 303.959 37.1515 74.8798 1.14701 53.6799 43.4215 88.9051 310.786
533765523.277 1755.66 303.911 37.228 74.9221 1.2212 23.8587 39.3071 42.7344 308.3
533788566.814 1680.73 303.876 36.9461 74.6724 1.08743 32.1073 34.9927 49.6765 301.877
534039378.214 1798.62 303.945 36.9769 74.7287 1.05878 24.0509 63.1892 27.3329 326.243
536700717.522 2317.08 304.078 37.1443 74.9266 1.06439 9.20611 85.7518 53.8192 36.19
537054083.587 2199.0 303.873 37.3888 75.039 1.3358 42.8947 57.1438 83.7262 52.9565
537627699.119 1755.04 304.057 37.3382 75.0783 1.18623 24.5491 309.239 66.0692 312.511
537946658.625 2125.76 304.102 37.2536 75.0278 1.10974 59.3214 73.2395 53.0567 0.346682
539433190.676 2109.09 304.022 37.3569 75.0782 1.22015 67.6233 317.169 69.7251 305.782
541058956.135 1707.03 303.692 37.1715 74.778 1.33512 38.6564 350.5 68.7657 56.7231
541230392.851 2239.49 304.007 37.0998 74.8582 1.08631 34.7304 357.222 69.6803 55.3326
541607566.926 1908.76 303.692 37.0618 74.6866 1.27437 33.0614 15.9103 74.8175 51.0041
542139784.612 1610.39 303.563 37.096 74.6579 1.37913 17.8559 65.8072 62.8662 9.41327
547311327.828 1944.83 304.175 37.2634 75.0685 1.06688 41.0618 236.5 66.5434 302.407
547447147.577 2267.96 303.789 37.3047 74.9318 1.34478 20.2267 321.338 41.3155 0.856368
548691677.739 2145.87 303.889 37.1583 74.8542 1.19739 58.5172 267.314 55.4558 54.6939
548874717.175 2332.09 303.722 37.1555 74.7781 1.30617 48.2159 258.144 38.8339 58.7399
549286836.41 2215.96 304.093 37.3438 75.0988 1.16591 35.4175 191.457 26.7992 336.777
549714843.97 2167.91 303.947 37.1311 74.8573 1.14402 20.5231 199.958 29.524 25.1706
549880614.785 2260.34 303.724 37.114 74.7443 1.28196 16.5327 175.868 35.4963 14.0607
550091612.523 1924.75 303.936 37.3485 75.0333 1.2718 11.8258 233.261 43.6789 39.0849
552896837.427 2208.46 303.985 37.1951 74.9273 1.15443 39.8751 220.678 25.4727 37.2604
553058032.347 2157.02 303.572 37.2733 74.8099 1.47092 57.8153 136.516 60.5252 303.666
553108869.684 1602.16 303.76 37.1583 74.7971 1.28284 42.8636 175.129 26.5972 304.687
553422493.246 2263.22 303.815 37.0793 74.7556 1.20265 38.4254 188.913 14.3239 33.607
553446137.9 2149.69 304.074 37.1363 74.9183 1.06233 51.4691 151.858 44.0076 309.341
553765368.231 2354.43 303.687 37.0978 74.7147 1.29727 33.9719 164.057 17.0788 359.74
553828138.379 1814.86 303.933 37.1302 74.8503 1.15272 32.4286 165.328 17.7108 11.839
554878968.492 2127.61 303.937 37.3166 75.0069 1.25385 2.42317 209.765 49.4887 28.5519
555050373.512 2345.88 303.757 37.2693 74.8884 1.34597 5.00574 289.915 54.6869 25.8544
555062263.625 2209.05 303.825 37.2625 74.9126 1.29752 16.1614 53.0072 58.6725 357.992
555193508.107 1617.18 303.961 37.2224 74.9394 1.18549 11.1832 12.6029 59.2494 6.58781
555232633.536 1712.72 303.917 37.2369 74.932 1.22257 25.871 226.378 68.1131 47.5379
555245884.091 1901.29 304.15 37.079 74.9046 0.980145 40.0237 104.486 80.3506 316.27
555439519.622 2493.93 303.905 37.0384 74.7619 1.11976 18.2843 45.3061 64.9544 342.518
555611278.719 1797.51 304.089 37.0396 74.8446 0.998659 24.288 82.038 68.6967 322.406
555753433.392 1887.0 304.161 37.1325 74.9536 1.0031 12.3251 313.389 61.4635 357.557
557272512.045 1822.72 304.066 37.165 74.9384 1.08389 44.3512 187.993 40.6484 38.6483
557667789.02 2108.47 303.957 37.4195 75.1015 1.29761 49.3619 124.365 40.3042 302.329
558523768.796 1989.35 303.593 37.3002 74.8415 1.47199 29.81 118.114 21.0981 30.2723
558616471.756 2129.57 303.615 37.2816 74.8358 1.447 65.8082 107.925 79.48 313.757
558620972.994 1745.3 303.914 37.0113 74.7433 1.09878 27.3585 106.915 22.8173 16.4494
558781217.404 2379.87 304.006 37.0105 74.7837 1.03707 28.8731 77.8009 35.0096 348.462
558916839.55 1595.44 303.887 37.2695 74.9456 1.26074 52.6657 140.515 71.564 56.7677
559002259.31 2229.54 303.933 37.163 74.8776 1.17089 60.7343 136.447 85.043 50.9818
559002990.265 2057.46 304.021 37.2548 74.9929 1.16375 31.4908 139.786 49.3771 57.8297
559728829.995 1897.18 303.756 37.0601 74.7137 1.23085 12.2963 201.773 58.9843 34.1044
559997193.536 1794.42 304.014 37.1719 74.9212 1.12199 23.2906 199.671 68.1448 38.0782
561757321.636 1887.38 303.682 36.9905 74.6232 1.241 69.4019 261.07 21.506 7.87044
562339523.095 2424.1 303.832 37.0578 74.7456 1.1789 46.2115 110.511 33.3131 53.3287
562774353.835 1718.1 303.813 37.2568 74.9026 1.30215 67.1327 258.402 22.9461 327.727
562842506.476 2024.87 303.93 37.1124 74.8343 1.14456 8.31662 196.991 16.4937 31.5094
563247468.086 2076.33 304.028 37.1634 74.9203 1.10801 38.3667 90.7462 44.8421 61.2381
563207748.658 2072.7 303.837 37.205 74.8702 1.2574 23.6276 96.5276 31.9361 54.542
564098981.621 1637.4 304.187 37.2422 75.0564 1.04679 5.43519 128.206 52.5842 31.8655
564470521.374 1599.42 303.935 37.0493 74.784 1.10626 11.2926 212.304 61.1191 16.8466
564832002.76 1981.15 303.811 37.3734 74.9987 1.36841 41.5874 357.183 83.5537 307.291
565035165.446 2393.62 304.051 37.167 74.9334 1.09483 49.1274 117.11 89.6795 50.4014
565846682.619 1595.77 303.874 37.3202 74.9823 1.29703 52.0996 101.841 71.5862 38.0709
566499585.329 1967.57 303.614 37.2253 74.7883 1.41667 57.5811 299.399 51.0704 299.534
566680762.542 1886.87 304.014 37.1859 74.9327 1.12995 55.0102 71.3781 51.7927 49.309
566939012.449 2246.97 303.817 37.0199 74.7073 1.16798 28.6641 326.556 30.5943 305.436
567572903.103 1829.93 303.67 37.0499 74.6671 1.28224 28.2202 320.137 31.7817 330.106
567674260.602 2404.53 303.775 37.1522 74.7987 1.26938 59.0061 63.8437 65.9631 58.3426
567933273.411 2251.4 304.046 37.1185 74.8909 1.07115 57.0984 294.102 66.247 322.249
567994621.633 1690.24 304.067 37.2419 75.0028 1.12607 25.228 59.814 41.0754 56.4749
568143036.793 2162.7 303.794 37.3935 75.008 1.39048 29.3053 70.4521 46.8589 56.3345
568680139.178 2428.85 303.708 37.1827 74.7944 1.33064 14.2387 67.8411 55.5902 42.4044
570075244.588 2308.56 303.785 37.2624 74.895 1.32363 11.8704 338.529 45.5535 320.175
571018175.942 2039.22 304.133 37.2285 75.0208 1.07512 50.1471 314.025 54.3707 299.846
574814928.024 1811.82 303.784 37.3009 74.9266 1.34567 57.7989 13.571 84.6939 44.6661
575066295.054 1670.55 303.873 37.4385 75.0801 1.36384 60.1443 5.33607 79.8332 43.6678
575998897.859 1959.28 303.833 37.2801 74.9307 1.30217 45.9498 274.241 33.2161 303.631
577676385.13 1755.81 304.067 37.1321 74.9116 1.06475 42.3112 292.437 74.7117 55.5418
577814187.527 1999.94 304.012 36.9552 74.7401 1.00291 14.267 320.748 55.4905 42.6062
578695038.391 1927.5 303.991 36.9707 74.7438 1.02526 11.5428 141.662 59.858 330.795
578756632.529 1755.5 304.059 37.2548 75.01 1.13846 38.3359 344.508 77.8974 39.3769
579243576.38 2111.38 304.019 37.2461 74.9847 1.1604 14.5824 228.188 45.4227 316.934
579300669.739 1634.38 304.025 37.2733 75.0103 1.17114 15.1021 234.94 43.2458 317.455
581043029.706 2231.84 303.962 37.1302 74.8634 1.1332 62.0487 101.853 52.9291 312.895
581150966.813 1814.32 303.912 37.416 75.0785 1.32567 29.0688 188.172 22.5871 336.013
581470364.848 2380.08 303.985 37.1776 74.9129 1.14453 27.8422 213.639 24.8452 38.6167
581503951.735 2496.42 304.082 37.0853 74.8796 1.02868 47.6228 241.775 55.9046 61.1209
581641782.968 2005.85 304.103 37.2336 75.012 1.09756 22.114 200.923 28.2024 28.4152
582235964.566 2134.87 303.696 37.2478 74.8432 1.37491 7.74383 122.422 48.3091 14.3689
583921676.657 1945.05 303.989 37.0557 74.8134 1.07392 12.4492 209.53 39.0974 326.749
585127119.787 1853.75 303.623 37.0674 74.661 1.3229 48.8315 161.868 38.3113 302.583
585343652.507 1767.05 304.011 37.2339 74.9714 1.15838 38.4543 174.605 13.3962 339.728
585611649.293 1662.54 303.938 37.3419 75.0285 1.26715 38.9192 186.594 24.3588 54.7786
586016669.878 1733.67 303.711 37.3907 74.9687 1.44436 45.7796 189.573 51.1344 61.4005
587421335.668 2256.94 303.853 37.1377 74.8213 1.20958 45.865 206.271 88.5656 52.8565
588063224.549 2174.55 303.94 37.248 74.9517 1.21312 13.0053 91.5191 55.5232 320.037
588948627.409 1746.48 303.805 37.2958 74.9314 1.32937 34.2233 137.822 37.403 301.917
589027321.948 2031.83 303.698 37.0425 74.6733 1.25952 47.3391 197.33 53.1331 36.5298
