0 125.892541179 2.36 13.6919514822 2352.27697563 5364.24 29515.2327471 2.75170328768e-06
1 199.526231497 1.62 13.7358789883 1649.2519846 3959.16 14416.5425644 2.29930959722e-06
2 316.227766017 1.11 16.2534850538 1268.79863739 3044.76 6093.85918808 2.25211376931e-06
3 501.187233627 0.72 18.3680824064 832.871178627 2073.42 2056.02328587 2.06176963923e-06
4 794.328234724 0.48 23.5806748954 619.002405167 1516.48 689.084072113 2.10054241895e-06
5 1258.92541179 0.3 25.3553793896 351.261164188 906.17 191.91991663 1.80301064049e-06
6 1995.26231497 0.22 25.3538716007 188.546393394 487.556 55.3028974533 1.45529830233e-06
7 3162.27766017 0.16 26.1033427162 124.61632061 267.725 22.7906965017 1.25605614674e-06
8 5011.87233627 0.1 25.8286277064 51.302066803 141.418 3.94518214464 1.06605520233e-06
9 7943.28234724 0.1 30.7059972526 42.4206352234 87.1197 1.90856924653 1.04404708465e-06
10 12589.2541179 0.1 30.0807737406 29.04992342 49.1932 0.932635575533 9.31790719746e-07
11 19952.6231497 0.1 18.0898121134 12.0784907341 18.2376 0.445817619562 5.4720093695e-07
12 31622.7766017 0.1 11.0003356786 5.22713446617 7.47373 0.225795596838 3.50632638609e-07
13 50118.7233627 0.1 8.58242257252 2.94438999891 4.12618 0.117698486894 3.0386924034e-07
14 79432.8234724 0.1 1.24743414103 0.299314700067 0.416907 0.0575732626021 4.88860216437e-08
15 125892.541179 0.1 8.19207655665 1.41107168794 1.96503 0.0296694948338 3.67644564041e-07
16 199526.231497 0.1 9.57795271965e-06 1.14063732326e-06 1.5879e-06 0.0141824015882 4.72917846513e-13
17 316227.766017 0.1 9.78518067293e-06 7.31437467039e-07 1.00664e-06 0.00558748934418 4.77933818768e-13
18 501187.233627 0.1 8.66073416452e-06 4.58676367998e-07 6.18456e-07 0.00280480913352 4.73438582509e-13
19 794328.234724 0.1 1.27725566092e-05 3.19676473737e-07 4.21867e-07 0.000626420092885 5.34803770223e-13
