241477423.866 1171.1 15.6284 58.6329 124.377 -4.20771 27.2072 27.0749 61.288 15.7698
243347375.387 1277.45 15.3695 58.2184 124.258 -4.62746 52.6935 280.075 79.9042 16.0811
243382139.198 1260.48 15.1568 58.4853 124.136 -4.36488 39.2944 325.486 67.3109 5.89359
247914536.679 1130.28 15.3943 58.4802 124.261 -4.36535 21.3171 333.151 55.8075 342.359
248615007.372 1256.88 15.2731 58.3243 124.204 -4.52355 41.3826 112.555 61.0878 325.049
249272615.076 1132.14 16.0278 58.4783 124.593 -4.35255 47.777 186.266 63.8907 31.02
250953146.43 1499.51 15.7299 58.4626 124.438 -4.37552 35.1782 188.224 69.5448 31.567
252657380.44 1277.92 15.4784 58.6277 124.299 -4.21615 53.4994 201.85 79.7054 17.1468
253054027.45 1442.88 15.7915 58.2701 124.479 -4.56633 28.9702 260.926 41.9284 349.735
253139709.464 1211.78 15.5267 58.5325 124.328 -4.31023 22.575 194.728 47.3054 6.25721
254126054.125 1501.21 15.9246 58.6172 124.532 -4.21641 13.7217 136.879 37.5861 21.358
254132569.852 1138.43 15.2233 58.5067 124.171 -4.34227 27.4018 326.1 45.9422 340.343
254320638.023 1005.26 15.2037 58.3886 124.165 -4.46069 31.153 123.974 50.6205 33.2012
254515887.481 1542.83 15.6952 58.3379 124.425 -4.50091 15.8225 134.631 42.7731 28.2225
254557225.968 1004.87 15.3712 58.3905 124.253 -4.45542 44.4272 303.511 64.9495 340.418
254757425.205 1172.66 15.691 58.334 124.423 -4.50486 22.4924 278.761 50.1214 359.112
255135870.881 1095.7 15.5971 58.377 124.372 -4.46409 28.0728 251.626 59.3376 5.81256
255616307.715 1516.11 15.2844 58.438 124.205 -4.40973 42.7203 106.702 75.9784 32.5387
256214190.796 1412.74 15.687 58.4179 124.417 -4.42115 49.751 227.872 84.6813 8.52493
256393608.186 1209.03 15.5085 58.3405 124.327 -4.50254 46.9932 313.675 81.7428 328.202
256807191.593 1414.93 15.9541 58.2655 124.565 -4.56697 51.0861 8.70307 82.5597 332.506
256959854.932 1120.44 15.5884 58.2365 124.373 -4.60467 47.0505 190.822 77.1584 8.08018
257832781.817 1426.54 16.0883 58.5288 124.622 -4.30051 21.7671 329.26 45.6979 328.74
257993278.035 1544.26 15.4037 58.1501 124.279 -4.69499 20.3357 327.544 42.6915 330.542
259758076.83 1081.15 15.8222 58.4227 124.488 -4.41322 32.7321 50.6509 65.4481 34.774
260229139.434 1232.74 15.5123 58.2142 124.334 -4.62859 34.8412 115.511 69.6591 21.5095
260389151.61 1298.25 16.2193 58.4052 124.697 -4.42048 42.1668 67.3711 76.7906 31.5759
260758376.868 1170.88 15.5804 58.3769 124.363 -4.46456 51.886 289.139 86.7838 333.772
260860430.736 1068.54 15.4895 58.6434 124.304 -4.20026 50.6236 84.1924 85.4653 11.1539
269121502.723 1582.61 15.7841 58.6918 124.456 -4.14528 57.1357 102.003 89.6127 339.173
269395261.056 1090.38 15.7786 58.4496 124.464 -4.38732 27.3839 16.0003 67.5868 26.6214
270589515.551 1456.15 15.5346 58.3698 124.339 -4.47264 33.3277 69.7443 70.9129 348.469
270612128.502 1280.32 15.6308 58.5245 124.383 -4.31596 39.8873 48.4245 75.945 359.48
270876054.659 1230.92 15.6354 58.5766 124.383 -4.2638 32.6546 40.3497 66.7858 357.787
270910011.253 1199.4 15.4057 58.5229 124.265 -4.32245 47.1471 12.411 78.8706 12.2947
275156581.344 1149.1 15.6332 58.611 124.381 -4.22948 27.1193 146.811 74.2657 327.255
275294812.529 1294.46 15.7546 58.3236 124.457 -4.51382 41.9074 181.386 85.1849 335.057
275477527.071 1076.26 15.5413 58.3165 124.345 -4.52575 19.8187 149.022 63.4468 326.165
276269474.977 1115.03 15.8527 58.2838 124.51 -4.55118 54.924 164.812 81.1438 328.478
277151622.156 1469.85 15.5752 58.2382 124.366 -4.60328 27.4912 135.076 43.7288 340.586
277270149.905 1412.36 15.3728 58.2447 124.259 -4.60114 63.0746 200.386 88.2455 31.2316
277793941.801 1138.95 15.4174 58.5528 124.27 -4.2923 29.5442 98.6962 57.6734 349.908
277970121.429 1113.18 16.2231 58.4147 124.699 -4.41084 41.0934 199.848 67.6969 34.4642
280455378.802 1176.45 15.3899 58.5268 124.257 -4.31885 13.7445 230.265 51.4785 353.187
280640423.287 1269.0 16.1746 58.3857 124.675 -4.44114 51.8186 129.994 81.6408 329.716
280950130.279 1335.1 16.0091 58.3425 124.59 -4.4886 59.9933 126.617 86.7871 329.572
282399046.878 1320.94 15.2486 58.3535 124.19 -4.49489 10.0668 128.643 44.5551 26.3068
283683049.836 1158.23 15.885 58.195 124.532 -4.63908 36.1945 161.987 85.6087 31.8982
284850439.048 1544.95 15.7714 58.6343 124.452 -4.20298 33.8998 59.4957 71.0439 326.766
285319864.866 1104.31 15.7425 58.6384 124.436 -4.1996 12.0046 58.1964 43.8363 334.063
285772668.125 1339.77 15.2555 58.352 124.193 -4.49618 56.4378 261.445 35.3203 345.22
286471902.247 1479.88 15.4818 58.3357 124.313 -4.50788 16.4682 62.9977 35.0071 14.441
287883046.159 1237.76 16.1658 58.3704 124.671 -4.45666 27.1449 245.271 74.2025 6.73639
288962016.805 1088.86 15.7249 58.1651 124.448 -4.67281 22.0708 244.596 71.2443 342.636
289852329.319 1166.02 15.9336 58.5347 124.541 -4.2986 53.8325 10.9891 84.6673 331.074
290040008.34 1032.53 15.5893 58.1838 124.376 -4.65729 13.207 82.3031 41.055 354.597
291302059.284 1025.98 16.0979 58.5978 124.624 -4.23132 29.3792 309.693 50.8727 344.812
291771677.558 1060.34 15.6167 58.4141 124.38 -4.42663 5.82363 278.382 47.1894 14.793
291772727.835 1545.25 15.9452 58.6106 124.543 -4.2225 46.6883 297.768 78.7998 340.244
293161549.529 1150.3 15.3948 58.4338 124.263 -4.41168 37.2527 296.786 86.8751 328.385
293355496.876 1217.52 15.8912 58.5418 124.519 -4.29253 28.6834 186.403 78.6925 345.955
293698913.309 1350.67 15.3197 58.4054 124.225 -4.4416 37.8031 74.943 81.9591 9.38561
294388958.15 1039.39 15.7776 58.4767 124.462 -4.36035 41.3121 317.651 69.7087 326.13
294467275.916 1421.25 15.5718 58.3857 124.358 -4.45591 42.7482 45.1448 69.6626 17.6238
297542591.294 1245.78 15.4882 58.6206 124.305 -4.22307 37.4439 108.717 86.8478 343.569
298081215.956 1130.92 15.5952 58.4141 124.369 -4.42702 32.5518 63.4408 80.4209 359.721
298312640.55 1437.16 15.7116 58.4125 124.43 -4.42597 39.77 280.204 83.7573 333.768
298390599.707 1111.62 15.4327 58.6141 124.276 -4.23074 38.707 36.8505 81.6935 10.5909
298563390.19 1447.32 16.0179 58.5322 124.585 -4.29895 14.5436 68.9062 60.2098 347.255
303714053.689 1189.67 15.6376 58.1366 124.403 -4.70338 8.30525 229.619 43.3573 337.681
306522750.21 1214.88 15.6779 58.5256 124.408 -4.31383 26.5688 280.476 76.2322 30.6258
307407200.485 1280.83 15.4134 58.6044 124.266 -4.24088 30.1358 350.665 77.2689 356.87
307935386.622 1488.51 15.9501 58.2368 124.564 -4.59574 3.41729 29.4525 53.1859 338.781
308051439.286 1188.5 15.6416 58.2866 124.399 -4.55344 52.0423 173.324 87.2164 333.857
309609272.347 1068.35 15.7632 58.1243 124.471 -4.71273 15.2419 158.897 35.2157 13.1027
310336211.072 1012.43 16.1406 58.2296 124.665 -4.59798 44.6656 172.735 78.875 30.4913
310427959.961 1111.56 16.178 58.3385 124.679 -4.48822 42.3459 172.181 78.3763 30.3567
310531203.005 1031.08 16.0966 58.2982 124.638 -4.53064 39.2152 172.597 77.2534 30.8374
311445861.487 1404.06 15.5747 58.5362 124.353 -4.30552 39.8172 77.5893 89.3518 330.975
312364295.923 1332.16 16.091 58.4286 124.629 -4.40053 40.8679 125.24 80.7288 331.507
316504759.836 1356.0 15.4082 58.5268 124.267 -4.3185 30.7572 12.5467 79.155 327.953
317460654.095 1089.9 15.5551 58.1709 124.358 -4.67097 33.4207 160.862 63.0815 11.9644
317690615.664 1418.73 15.8306 58.5102 124.488 -4.32556 11.254 117.399 40.9739 351.423
317880694.364 1066.0 16.0305 58.379 124.599 -4.45162 37.5418 34.892 58.5598 325.417
317908429.751 1099.63 15.1794 58.2752 124.156 -4.57447 14.7608 101.187 37.3888 356.436
317914378.257 1039.67 15.7559 58.5305 124.448 -4.30705 52.4993 264.632 36.8496 344.564
320498445.439 1074.34 15.9814 58.615 124.562 -4.21718 40.521 64.3175 89.5045 23.4091
320579152.07 1145.13 15.6149 58.5567 124.373 -4.28418 37.7959 85.7959 87.1918 30.4547
320730919.877 1355.2 15.8178 58.595 124.478 -4.24118 37.1459 290.245 86.9142 332.456
321138606.318 1011.46 15.9129 58.2127 124.546 -4.62069 29.3966 327.736 77.5391 327.361
321643481.564 1337.77 15.7374 58.4274 124.443 -4.41049 36.3556 0.93264 75.2869 328.296
322765577.22 1082.7 15.4082 58.3892 124.272 -4.45594 52.3082 69.4998 41.0954 15.5666
324262020.475 1578.46 16.0227 58.582 124.585 -4.24907 2.75087 126.652 52.7043 22.4567
325213829.62 1284.22 15.4274 58.6044 124.273 -4.24053 32.7509 77.706 82.7738 23.394
326111187.813 1357.58 15.4321 58.1429 124.294 -4.70155 44.1886 326.95 86.0473 335.443
327318538.283 1077.19 16.0955 58.579 124.623 -4.2502 45.7145 42.5156 56.0562 23.9313
327829457.341 1428.37 15.4556 58.1916 124.305 -4.65241 16.9405 297.423 33.3047 0.979054
330972740.585 1058.33 15.5093 58.6126 124.316 -4.23059 8.87111 199.465 55.0383 331.371
332079225.495 1051.06 15.9302 58.1676 124.557 -4.66539 17.4502 278.639 44.7132 331.714
332193173.61 1528.74 15.2723 58.5147 124.196 -4.33336 18.5263 280.911 34.5508 9.35311
332926978.947 1084.11 15.9027 58.3851 124.532 -4.44879 10.7388 220.999 39.261 14.5046
333178976.934 1139.34 15.6621 58.3081 124.409 -4.53148 9.28103 259.95 45.5419 25.9983
333638251.622 1171.46 15.6307 58.4647 124.386 -4.37576 22.8615 97.102 64.2328 3.8849
335702779.071 1160.8 15.4746 58.2759 124.312 -4.5678 16.3063 346.833 54.9991 354.551
336367338.328 1533.15 15.9119 58.5861 124.527 -4.24776 33.5131 278.163 54.1437 19.1236
337468543.429 1205.8 15.7566 58.2168 124.463 -4.62046 13.0853 165.868 38.3597 7.45466
337674724.074 1041.16 15.455 58.3854 124.297 -4.45881 8.27085 182.984 41.927 18.4709
337892333.644 1052.75 15.5909 58.4675 124.365 -4.3738 8.99109 228.079 48.4668 27.6989
337973229.72 1106.22 15.946 58.5046 124.549 -4.32832 18.4013 94.5673 54.9532 3.21444
338053943.559 1326.59 16.1426 58.5023 124.652 -4.32559 36.0392 107.034 70.888 349.465
339026821.219 1167.28 15.6737 58.5184 124.406 -4.32112 36.6778 245.071 86.2283 31.4414
339074566.743 1341.98 15.8089 58.2369 124.489 -4.59908 35.4835 68.5148 85.1397 348.301
339361579.582 1037.33 15.8299 58.3396 124.496 -4.49599 30.5158 76.7407 80.483 338.331
339670718.374 1015.01 15.3693 58.1628 124.26 -4.68302 27.2746 353.221 75.081 352.315
339796223.989 1145.78 16.0728 58.3508 124.623 -4.47872 41.0112 268.382 85.3471 13.9557
340140123.176 1110.28 15.3246 58.5745 124.221 -4.27256 44.3246 250.069 82.7491 16.7646
340747805.392 1514.04 15.579 58.4513 124.359 -4.3903 44.24 228.519 69.9405 21.3402
340748685.745 1081.44 15.9592 58.5601 124.553 -4.27259 11.4311 218.295 40.8606 351.85
341011656.845 1283.09 16.1551 58.295 124.669 -4.53226 37.5378 219.16 57.5955 22.0521
341070821.354 1180.13 15.6235 58.2938 124.389 -4.54662 50.7337 144.623 72.203 326.796
341240762.607 1090.45 15.9581 58.4018 124.56 -4.43069 43.7864 208.973 62.6011 27.6312
341378792.593 1089.59 15.3343 58.5609 124.227 -4.28591 24.8727 197.15 40.7521 19.6773
341562476.563 1275.26 15.4425 58.4754 124.287 -4.36916 17.5262 167.774 33.6146 8.63242
341825275.331 1096.83 15.8701 58.4802 124.51 -4.35462 43.8119 186.756 63.906 33.4277
342433341.332 1031.65 15.1614 58.4345 124.141 -4.41556 12.3595 168.453 47.7395 29.2648
342582537.706 1558.02 15.6198 58.3551 124.385 -4.48543 2.88798 169.281 49.3018 23.6496
342777326.217 1579.51 15.7847 58.2834 124.475 -4.55323 6.43252 219.843 55.0566 26.7289
342984363.607 1461.19 15.5771 58.2993 124.365 -4.54215 24.3406 328.552 67.9498 4.73796
343074188.629 1169.93 15.9113 58.5015 124.531 -4.33234 41.7027 158.128 85.0393 24.8591
343120527.423 1003.64 15.4482 58.5055 124.288 -4.33895 28.5459 177.382 73.7364 32.8975
343189149.896 1446.91 15.5221 58.5109 124.327 -4.332 32.6311 171.701 78.1952 31.0487
344177019.838 1119.45 15.5036 58.3421 124.324 -4.50102 30.4045 260.133 78.7775 355.179
344510316.793 1033.44 15.4081 58.2831 124.276 -4.56198 13.8607 12.7177 63.2592 331.525
344557055.405 1241.16 16.0778 58.2626 124.63 -4.56667 36.965 112.073 78.2823 329.645
344578670.895 1145.43 15.4272 58.5262 124.277 -4.31868 14.276 281.564 62.2048 343.7
344590274.637 1281.17 15.3073 58.5208 124.214 -4.32649 11.2845 307.778 60.7908 339.263
344624998.539 1457.68 15.6481 58.3913 124.398 -4.44863 12.1198 32.7971 60.1074 330.356
344831846.462 1491.82 15.7348 58.5167 124.438 -4.32134 30.2916 99.9504 66.7141 325.445
344843210.016 1388.59 15.2343 58.3159 124.183 -4.53274 27.1017 94.3192 63.8831 324.878
345025502.078 1236.37 15.2291 58.2716 124.182 -4.57714 15.4627 210.557 51.8125 355.301
345117623.632 1498.53 15.52 58.3278 124.333 -4.51493 5.71416 111.778 45.3878 338.078
345231579.129 1420.9 15.6048 58.1311 124.386 -4.70955 25.6057 191.509 53.2966 7.76772
345393015.283 1151.43 15.8313 58.1768 124.504 -4.65856 22.143 89.9739 46.2673 327.946
345576581.869 1016.1 15.8137 58.6164 124.475 -4.21988 31.9727 88.4221 52.1992 326.523
345667911.307 1475.51 15.8959 58.2737 124.534 -4.5602 20.254 88.9644 39.0961 335.106
345770598.198 1388.67 16.1565 58.2646 124.671 -4.56256 17.529 134.676 35.3044 3.13076
345816501.428 1045.23 15.4975 58.3804 124.319 -4.4629 16.6508 123.852 34.2522 359.632
345941773.993 1526.05 15.4999 58.4583 124.317 -4.38495 42.9473 152.78 61.0682 28.5172
346000088.916 1390.58 15.6069 58.5083 124.371 -4.33264 18.3283 86.9334 34.1798 348.876
346044983.55 1032.28 15.8017 58.5309 124.472 -4.30564 40.2256 148.197 57.5821 29.235
346079539.808 1053.23 15.2067 58.3807 124.166 -4.4685 33.0742 144.324 49.0691 27.391
346216646.171 1076.66 16.0608 58.5836 124.605 -4.2465 49.346 140.448 69.1771 31.9647
346515049.395 1103.53 15.6996 58.6339 124.414 -4.20515 29.2321 127.352 48.8382 32.1375
346572954.589 1070.42 15.5612 58.2252 124.359 -4.61651 13.9738 66.3424 36.258 8.73896
346653708.318 1192.2 15.3982 58.3305 124.269 -4.51484 28.944 15.5736 50.264 345.492
346699237.779 1065.46 15.9638 58.1577 124.575 -4.67434 16.9137 24.8836 41.1166 359.217
346940349.718 1486.92 15.5205 58.3947 124.331 -4.44811 32.4484 341.635 59.8415 347.584
347134520.107 1516.23 15.7074 58.2861 124.434 -4.55236 5.15664 339.613 48.0425 15.8287
347226192.909 1172.6 15.6255 58.4461 124.384 -4.39438 4.66684 305.598 50.5892 17.04
347294208.462 1260.4 15.448 58.5765 124.285 -4.26794 24.2047 119.658 61.5599 34.8296
347775910.985 1038.02 15.7016 58.5704 124.418 -4.2685 18.8283 170.022 68.1514 29.967
347844897.136 1200.1 15.378 58.3087 124.259 -4.53708 19.4456 195.368 69.4242 26.0643
347913334.187 1556.92 15.5367 58.5552 124.333 -4.28733 24.1031 161.379 73.3273 31.2343
347971117.879 1268.68 15.529 58.2188 124.343 -4.6237 23.8356 206.428 73.7626 23.3887
348223879.034 1083.95 16.0348 58.4815 124.597 -4.34914 32.8359 240.079 82.6811 7.28481
348568393.35 1234.72 15.5829 58.3557 124.365 -4.48572 31.1894 264.64 81.1615 345.549
348613289.42 1052.99 15.6245 58.4153 124.385 -4.42523 39.4762 203.459 88.3705 18.3776
348728918.163 1523.04 16.1345 58.4156 124.652 -4.41233 27.4079 260.912 76.9496 345.005
349268105.72 1153.31 15.6196 58.4399 124.381 -4.40076 8.83793 318.206 58.2493 333.29
349886372.977 1151.27 15.4839 58.498 124.307 -4.34566 19.0292 140.476 47.3919 2.18766
350174435.398 1037.9 16.0446 58.1954 124.616 -4.63465 54.5962 35.3091 78.412 327.515
350265002.991 1012.57 15.892 58.6402 124.514 -4.19428 15.2095 53.7036 36.0225 344.851
350379244.326 1485.88 15.6779 58.4587 124.411 -4.38061 19.2732 92.6922 37.1512 7.75435
350391704.698 1302.59 15.2677 58.2183 124.205 -4.62964 38.5674 14.9907 56.3738 326.94
350631685.658 1088.54 15.2302 58.3879 124.179 -4.46081 17.9159 36.0904 33.6035 351.268
350964234.44 1254.2 15.6397 58.5128 124.388 -4.32742 23.0107 355.667 40.1488 346.259
351056521.879 1518.34 15.3248 58.5422 124.222 -4.30477 46.6726 335.349 67.2138 333.594
351067990.641 1173.92 15.3618 58.5623 124.241 -4.284 46.9843 334.621 67.7462 333.662
351159006.196 1191.44 15.7794 58.3487 124.469 -4.48813 20.6995 344.976 41.0059 352.232
351182074.263 1321.54 15.9824 58.445 124.571 -4.38693 25.8137 335.937 46.1399 346.936
351273394.094 1099.96 15.2438 58.2852 124.19 -4.56326 14.018 355.608 38.4912 4.74827
352339148.66 1478.87 16.0878 58.3279 124.632 -4.50117 18.035 198.079 66.9671 18.5181
352384602.094 1191.81 15.4549 58.4122 124.296 -4.43204 17.7513 136.613 67.5259 28.1295
352603816.885 1504.45 15.534 58.2632 124.343 -4.57916 40.1085 274.83 87.632 344.541
353086638.311 1413.91 15.6699 58.4675 124.406 -4.37197 40.0809 333.769 89.5848 331.096
353115283.474 1124.16 15.7998 58.1378 124.489 -4.69831 39.429 334.352 88.7881 330.558
353131549.365 1009.54 15.3365 58.3475 124.236 -4.4991 32.5509 282.618 82.4913 333.278
353142442.278 1057.25 15.5757 58.4711 124.357 -4.37054 32.1703 242.757 82.1272 348.184
353153323.895 1522.01 15.9743 58.2077 124.578 -4.62415 35.6329 183.029 85.0108 8.9486
353210366.353 1046.32 15.6836 58.641 124.406 -4.19834 39.2731 144.606 88.2169 17.5105
353625114.144 1224.79 15.6914 58.373 124.421 -4.46596 28.5229 338.172 73.7933 326.951
353763300.098 1517.13 15.9851 58.4642 124.571 -4.3677 47.3849 10.401 89.4704 338.898
353830170.817 1311.23 15.1958 58.5174 124.156 -4.3321 18.8823 176.364 63.6925 350.44
354002499.669 1559.2 16.0315 58.2729 124.605 -4.55755 3.80557 244.862 53.8352 337.348
354082966.478 1181.69 15.7245 58.4943 124.433 -4.34402 10.4308 329.841 53.5348 330.119
354299781.613 1059.38 15.5142 58.4526 124.325 -4.39035 25.7762 99.0845 57.2061 5.575
354415547.868 1037.16 16.1515 58.5382 124.655 -4.28948 25.2468 346.674 53.6244 325.379
354644634.361 1066.58 15.3061 58.3323 124.221 -4.51493 25.5794 344.414 48.6713 326.715
354943125.233 1575.39 16.0873 58.3136 124.633 -4.51546 51.6291 335.494 72.8462 327.031
355744511.613 1120.26 16.0402 58.6133 124.593 -4.21733 24.1365 305.192 44.0553 347.916
356654133.658 1201.76 15.2005 58.2598 124.168 -4.58942 49.7633 29.2781 70.2983 33.9342
356694684.773 1343.2 15.8108 58.4896 124.479 -4.34668 15.6852 32.0207 61.0964 32.5873
356844153.129 1264.0 15.8197 58.3528 124.49 -4.48307 13.3649 116.749 62.8668 21.5735
356905849.826 1503.35 15.7134 58.3451 124.434 -4.49331 40.5193 358.254 84.077 25.9678
357008860.997 1213.13 16.1044 58.4423 124.635 -4.38653 42.4488 354.72 87.8113 21.9922
357406163.276 1564.79 16.0993 58.5704 124.626 -4.25868 32.0515 97.847 81.8511 11.6346
358317951.646 1258.94 15.5507 58.4239 124.345 -4.41827 23.4214 92.612 68.6928 352.784
358456605.604 1495.51 16.0581 58.4815 124.609 -4.34853 22.4782 288.41 65.0528 325.835
358592918.969 1157.41 15.9864 58.1864 124.586 -4.64515 23.1136 64.9894 62.4341 358.515
358771398.693 1457.85 16.2531 58.4015 124.715 -4.42324 11.8474 282.741 51.5911 329.598
359086709.136 1145.6 15.4554 58.5001 124.292 -4.34414 24.68 295.408 51.7447 325.821
359121067.628 1405.97 15.4123 58.195 124.282 -4.64994 24.8318 295.374 50.7628 325.72
359464752.127 1275.14 15.1607 58.4683 124.139 -4.38181 26.9965 289.457 46.0629 328.858
359475799.105 1295.13 15.9419 58.3242 124.555 -4.50866 15.2438 311.338 35.5584 345.698
359532895.198 1059.3 16.0065 58.5174 124.58 -4.31404 15.8822 333.681 35.3691 358.68
359579249.52 1209.82 16.0297 58.478 124.594 -4.35273 24.8824 287.563 42.1963 332.383
359590532.422 1104.05 15.5967 58.2255 124.378 -4.61544 19.7367 292.783 37.0394 338.654
359663358.066 1322.31 15.4456 58.4247 124.29 -4.41975 63.2212 353.09 87.9877 31.0506
359796635.843 1319.42 16.0249 58.3605 124.597 -4.47023 17.9139 295.076 33.7169 350.1
360190458.772 1161.54 15.8881 58.3808 124.524 -4.45341 60.2098 332.033 84.364 31.7034
360242871.665 1096.06 15.7639 58.3468 124.461 -4.49036 42.2554 37.1729 44.1564 29.6274
360988691.656 1023.51 15.452 58.5494 124.289 -4.29496 27.3433 159.952 60.7985 355.078
362099170.88 1361.67 15.8627 58.3121 124.514 -4.52268 35.9579 3.16518 85.6945 30.9611
362954925.547 1439.75 15.5435 58.4135 124.342 -4.4288 12.9582 103.18 62.4087 339.006
363080990.323 1240.05 15.7051 58.48 124.424 -4.35875 8.76349 98.8107 58.263 339.231
363676958.875 1529.14 15.8172 58.5584 124.479 -4.27777 20.8735 94.7245 42.8079 337.092
363813194.241 1315.77 15.5155 58.5184 124.323 -4.3246 48.4583 329.473 74.3734 23.6715
364490454.437 1394.54 16.137 58.3743 124.656 -4.45355 53.6112 78.3932 35.4643 345.973
364828911.76 1315.42 15.4251 58.3346 124.283 -4.51022 36.909 181.953 54.7759 336.548
365184048.951 1007.32 15.9087 58.6259 124.524 -4.20814 39.7019 110.158 57.1395 344.631
365852996.215 1162.95 15.3062 58.548 124.212 -4.29941 19.5878 281.308 61.8045 33.895
366071125.854 1235.33 15.8071 58.2045 124.49 -4.63156 13.2747 350.2 63.2439 26.6349
367556818.205 1450.95 15.4591 58.5007 124.294 -4.34346 16.6713 81.1379 62.4632 338.527
368512342.493 1095.83 15.493 58.4489 124.314 -4.39452 50.9223 264.21 75.7456 25.6281
369820183.115 1233.06 15.4924 58.6419 124.306 -4.2017 35.39 125.808 59.8839 343.753
371124893.612 1054.81 15.3903 58.3226 124.265 -4.5229 31.3329 244.538 80.6921 31.9979
371574588.156 1394.34 15.1709 58.2898 124.151 -4.56006 43.884 120.194 84.0232 328.23
372570994.384 1283.16 16.236 58.3795 124.707 -4.44565 7.10477 130.266 50.2687 332.939
372924691.625 1227.61 15.8124 58.402 124.484 -4.43406 51.4956 220.851 79.5457 24.336
373235967.084 1314.09 15.6825 58.2532 124.422 -4.58579 38.9069 138.608 58.8079 325.642
374701592.01 1316.21 16.1843 58.3754 124.68 -4.45116 12.9512 33.7429 49.238 6.98411
375778489.498 1229.92 15.8814 58.2049 124.529 -4.62929 30.2047 246.226 80.1282 16.5438
377589632.68 1287.87 15.9452 58.5936 124.544 -4.23942 13.0041 157.704 41.4624 354.898
377745011.335 1115.4 15.6143 58.3267 124.383 -4.51397 52.6496 125.661 50.0586 326.402
378082285.214 1117.67 15.3493 58.3855 124.241 -4.46085 16.4747 104.991 33.6158 356.22
380454757.538 1214.56 15.6031 58.5313 124.368 -4.30981 38.774 282.844 88.1472 339.421
380639006.049 1350.01 15.6895 58.546 124.413 -4.29312 39.7931 342.424 89.4393 328.742
381278922.232 1369.54 15.3957 58.5576 124.259 -4.28794 34.1249 200.453 78.0668 4.82824
381532229.954 1148.38 15.3972 58.3532 124.268 -4.49218 15.3906 357.779 59.6901 327.544
382710571.538 1061.48 15.5795 58.6426 124.351 -4.19916 43.8742 92.1857 62.7142 27.877
383216778.204 1232.87 15.529 58.1833 124.344 -4.6591 63.5387 334.747 88.3613 329.007
383306701.849 1172.06 15.6767 58.5441 124.406 -4.29534 19.8919 57.5186 39.5042 24.871
383340660.912 1309.63 15.6469 58.3488 124.399 -4.49114 34.5625 67.8498 54.2036 33.7602
383640438.651 1548.89 15.5613 58.4001 124.352 -4.44181 56.5027 315.018 84.918 333.299
383708601.152 1367.06 15.3045 58.2159 124.224 -4.63126 34.4371 309.484 60.4029 345.297
383821612.607 1558.95 15.3574 58.1827 124.253 -4.66336 31.5547 56.9953 60.4397 35.729
384406291.912 1261.67 15.9725 58.5104 124.562 -4.32186 48.8243 287.058 61.483 27.7441
385095496.871 1167.64 15.8739 58.3314 124.519 -4.50312 39.7653 286.173 89.2616 333.203
385965562.406 1076.21 15.3261 58.4787 124.225 -4.36825 21.8616 169.156 67.0379 351.795
386024199.043 1489.26 15.6832 58.441 124.414 -4.39817 30.9704 341.883 72.351 326.869
386229831.37 1286.54 15.7024 58.408 124.426 -4.43071 13.4795 322.923 56.3943 328.243
386333319.644 1444.36 15.7932 58.3599 124.476 -4.47665 29.978 342.551 64.6526 324.891
386469541.923 1501.29 15.1801 58.3071 124.155 -4.54253 17.9931 101.32 52.7743 357.977
386825698.397 1023.65 15.296 58.4271 124.212 -4.42034 33.6931 337.511 57.227 324.926
390222185.66 1224.49 15.2342 58.4524 124.178 -4.39636 24.1088 156.601 73.884 338.994
390296507.539 1300.22 15.903 58.4083 124.531 -4.4256 22.972 130.255 72.0782 343.197
390507568.048 1182.64 15.2211 58.4694 124.171 -4.37959 39.4397 51.6658 82.5961 11.5827
391362001.641 1132.24 16.1589 58.4099 124.665 -4.41736 13.0628 294.992 41.7842 335.35
391441590.722 1249.86 15.4909 58.3291 124.318 -4.5143 19.3766 5.91253 44.1229 4.33602
391521674.867 1162.31 16.1467 58.4058 124.659 -4.42182 23.0737 3.45875 45.238 9.64247
392724323.063 1292.12 16.0442 58.4602 124.603 -4.37013 11.7199 273.048 38.7204 17.1118
393331598.675 1265.67 16.0112 58.3932 124.589 -4.43793 14.8288 127.815 56.1766 8.81075
393629491.4 1195.18 15.9373 58.5205 124.544 -4.31263 22.6914 97.6133 67.3629 7.51484
394662522.29 1099.11 15.2018 58.5381 124.158 -4.31125 9.06656 304.981 86.0045 331.488
395582959.551 1205.86 15.9829 58.3333 124.577 -4.4985 15.8423 9.15256 53.4969 354.885
396161960.224 1142.22 15.3428 58.4218 124.236 -4.4247 22.8177 166.214 44.1809 329.675
396853000.878 1277.42 15.8537 58.1213 124.519 -4.71346 58.3653 279.25 80.6939 32.2333
396889196.346 1144.11 15.5639 58.4603 124.351 -4.38163 32.8789 137.922 48.7681 336.495
396929535.714 1255.65 15.8216 58.3699 124.49 -4.46591 53.658 114.283 60.9966 332.874
396968737.912 1272.4 15.6933 58.5188 124.416 -4.32024 15.8948 230.251 34.1044 6.79037
398359586.14 1124.55 15.9382 58.2983 124.555 -4.5346 64.5832 287.546 67.4443 30.8423
398812885.123 1522.15 16.0016 58.4087 124.583 -4.4227 64.6222 280.729 82.0834 8.66616
399822179.164 1076.63 15.7517 58.4077 124.452 -4.42982 16.4235 151.617 62.3704 327.743
402088992.437 1130.48 15.8465 58.548 124.495 -4.28744 16.9405 116.641 45.9513 0.504563
402958461.898 1166.05 15.4847 58.3984 124.312 -4.44515 18.7162 253.553 67.5688 31.0665
403232395.045 1005.98 15.7709 58.2725 124.468 -4.56449 39.1555 201.727 87.0539 25.1553
403795249.689 1195.42 15.6998 58.5244 124.419 -4.31454 37.6049 271.316 86.7976 13.9621
405433677.211 1530.91 15.9666 58.2756 124.571 -4.55659 14.4885 169.859 35.7262 352.335
405446525.484 1279.57 15.5879 58.4088 124.366 -4.43256 61.2939 138.334 86.6625 329.028
405616805.8 1129.58 15.5446 58.561 124.336 -4.28145 16.2164 164.627 34.3624 358.189
406120720.058 1212.47 15.9202 58.5456 124.533 -4.28806 17.8094 116.477 35.0705 355.675
407036055.808 1259.51 15.612 58.1332 124.39 -4.70733 10.3449 163.108 51.9883 30.0029
407401925.48 1099.06 15.9818 58.445 124.571 -4.38697 26.3505 162.486 69.7849 33.841
407619846.681 1335.04 15.638 58.5768 124.385 -4.26358 20.5005 198.111 69.7046 30.6465
411422534.868 1226.23 15.7524 58.4569 124.45 -4.38073 8.35489 343.342 45.867 11.5632
412412215.132 1280.64 15.5163 58.5544 124.322 -4.28865 26.2834 159.284 75.9798 29.9312
412872357.035 1172.63 15.7107 58.472 124.427 -4.36661 34.6434 302.078 84.4852 331.387
416122819.191 1081.27 16.1258 58.5876 124.639 -4.24084 11.7549 280.146 50.3433 8.54452
417302619.046 1011.92 16.04 58.2955 124.609 -4.53479 35.2585 251.607 85.1561 346.938
417979765.729 1001.68 16.1576 58.2346 124.674 -4.59249 42.615 353.163 86.9969 336.808
418516036.379 1285.04 15.5317 58.315 124.34 -4.52749 8.92881 121.895 51.6629 347.334
418596351.007 1143.27 16.0269 58.4208 124.595 -4.41001 2.03423 43.6185 47.9798 339.906
418677860.24 1404.43 15.3418 58.3842 124.237 -4.46231 56.3072 347.11 89.5684 333.764
418802021.703 1245.21 15.6169 58.6828 124.369 -4.15816 13.8229 73.4754 46.1863 355.714
418859845.108 1259.45 15.2687 58.2866 124.203 -4.56134 16.9881 336.532 46.0308 329.53
419831702.073 1402.23 15.8806 58.177 124.53 -4.6572 53.0486 35.0026 38.6012 22.904
419843238.214 1489.51 15.7071 58.5614 124.421 -4.27739 29.7291 18.8602 36.362 18.3425
420324335.37 1181.43 16.2166 58.4273 124.695 -4.39842 18.3632 278.341 43.5365 357.387
422178788.97 1333.7 16.1146 58.4264 124.641 -4.4021 31.9677 95.5495 81.5189 352.914
423490219.333 1113.47 15.6334 58.6745 124.378 -4.16604 31.395 282.481 56.9608 325.026
424118708.509 1162.6 15.6814 58.5881 124.407 -4.25129 16.6212 297.595 33.3913 358.727
425171113.381 1099.02 15.3811 58.1862 124.266 -4.65935 6.988 268.37 44.4737 22.6637
427072692.723 1053.45 15.6097 58.3891 124.378 -4.45169 22.0885 160.17 71.076 328.82
427575317.733 1164.03 15.3288 58.2861 124.234 -4.56061 18.023 22.6475 58.148 352.915
428083971.688 1412.97 15.2817 58.3527 124.207 -4.49502 34.1397 84.1249 62.1181 16.6924
432685502.791 1129.01 15.6193 58.2493 124.389 -4.59114 9.96809 214.264 40.5356 341.423
433704085.309 1114.58 15.295 58.6044 124.204 -4.2432 33.984 139.981 51.3733 337.154
435179896.576 1181.16 15.4982 58.5442 124.313 -4.29919 33.8892 54.6195 80.691 355.285
437663585.174 1017.27 15.7776 58.243 124.473 -4.59378 38.5549 123.694 56.8784 326.498
437869535.753 1241.93 16.1931 58.3832 124.685 -4.44308 43.3583 120.116 61.0418 328.198
438577633.083 1323.91 15.8808 58.633 124.509 -4.20167 12.9076 120.711 37.7844 14.7652
439921127.311 1551.48 15.9654 58.2544 124.571 -4.57778 25.81 197.286 75.4758 30.198
440047926.463 1239.64 15.5918 58.489 124.364 -4.35233 32.0607 258.776 81.4082 5.57759
441285249.915 1231.16 15.9967 58.1732 124.592 -4.65808 39.1356 87.4801 76.2619 328.505
441822810.518 1077.16 15.86 58.4221 124.508 -4.41286 52.2544 88.92 80.0062 328.784
442530695.685 1383.92 15.9787 58.6124 124.561 -4.21982 19.711 55.7114 35.545 345.284
443421337.116 1213.43 15.7809 58.3421 124.47 -4.49474 39.7277 91.2594 67.8754 34.4313
445917611.466 1383.6 16.0266 58.4417 124.594 -4.3891 30.1793 14.6686 67.0036 325.426
446866898.217 1506.39 15.9575 58.323 124.564 -4.5094 56.8099 359.485 79.2783 327.706
446981103.754 1425.07 15.4233 58.55 124.274 -4.29495 52.8884 351.812 73.5946 327.79
448169141.954 1350.51 15.5452 58.5296 124.338 -4.31277 12.157 284.308 48.7363 7.6408
451474583.872 1546.44 15.6462 58.3259 124.4 -4.51404 16.1143 347.549 34.0345 351.151
452473795.48 1154.1 16.1433 58.4672 124.654 -4.3606 47.9312 21.8219 63.2764 34.8903
452479912.54 1541.97 15.7706 58.4726 124.459 -4.36462 22.0685 350.057 47.8468 32.4529
452857653.46 1468.54 15.7943 58.5067 124.469 -4.32991 5.44746 199.443 49.7403 15.8789
452903766.748 1129.09 15.6631 58.3467 124.408 -4.49289 21.0558 207.563 57.5781 1.36236
453468542.665 1536.44 15.7468 58.6079 124.44 -4.23 23.3884 15.4618 71.3738 32.5613
454163180.433 1515.2 15.3609 58.1634 124.256 -4.68257 37.671 268.245 87.1472 328.348
454381082.645 1252.03 15.5467 58.6791 124.333 -4.16336 41.2554 300.682 89.3221 339.229
454586109.49 1234.95 16.2368 58.46 124.703 -4.36524 26.0292 256.019 73.3796 327.055
454586251.86 1068.19 15.75 58.6026 124.442 -4.23519 29.1044 268.949 75.7992 327.602
455957964.125 1126.74 16.0362 58.5354 124.595 -4.29526 45.5692 276.542 65.8867 326.631
457665550.174 1105.73 16.0567 58.1924 124.622 -4.63731 0.987853 355.429 55.8182 24.1179
457684100.553 1394.28 16.1309 58.268 124.658 -4.55987 45.9101 135.584 88.4363 338.85
458064441.355 1227.03 15.6424 58.1136 124.407 -4.72617 38.4898 289.998 83.9499 26.8683
458100648.927 1043.0 15.634 58.5478 124.384 -4.29261 30.0785 83.9869 76.8199 3.32478
459501881.318 1265.31 15.7958 58.5099 124.47 -4.32668 10.319 81.8399 58.4563 340.221
459913714.293 1426.53 15.3638 58.6036 124.24 -4.2426 13.0925 211.295 49.3868 329.903
461016638.893 1378.14 15.463 58.5305 124.295 -4.31366 30.0596 110.064 42.0696 339.216
461862452.791 1066.69 15.8182 58.4231 124.486 -4.41291 25.6105 123.902 56.0769 354.411
463061429.213 1223.6 15.4208 58.3172 124.282 -4.52762 35.4127 281.423 85.0609 31.7119
463600873.118 1554.68 15.7243 58.4513 124.435 -4.38691 24.1606 85.8333 74.0206 336.869
464098829.905 1541.52 15.6694 58.5673 124.401 -4.27237 28.3455 158.694 66.3002 325.677
464195665.971 1113.11 16.2561 58.4292 124.715 -4.39543 28.5428 123.606 57.3371 327.781
465909092.263 1174.41 15.9586 58.214 124.57 -4.61832 19.8077 199.302 39.3987 25.3609
466354315.709 1582.55 15.2716 58.419 124.199 -4.42893 31.0529 199.47 59.0428 35.4493
466698943.07 1125.44 15.3122 58.5719 124.215 -4.2754 42.4316 104.939 77.8565 344.636
467843121.231 1315.63 15.2345 58.3161 124.183 -4.53256 38.5873 111.691 88.0882 328.307
468322652.431 1130.57 16.0842 58.505 124.621 -4.32435 18.8532 40.8627 68.8419 333.909
468551054.736 1087.61 15.7169 58.6714 124.422 -4.16724 12.3792 347.927 61.8594 339.352
468652723.321 1138.33 15.2576 58.3642 124.194 -4.48398 45.6235 228.113 85.8792 18.1465
469499017.517 1355.42 15.7563 58.2452 124.461 -4.59213 28.069 197.245 49.4705 14.2424
470115629.851 1249.99 15.7765 58.4482 124.463 -4.38887 47.0853 170.473 65.936 31.3226
470230809.7 1117.11 15.975 58.3218 124.573 -4.51016 16.9111 127.963 33.4164 7.41957
471111235.954 1064.08 15.5959 58.4326 124.369 -4.4086 24.2203 353.206 57.4226 356.972
471157180.384 1035.77 15.6291 58.645 124.377 -4.1956 33.3024 351.887 66.3493 350.467
471351165.304 1278.28 15.7126 58.4974 124.427 -4.34114 20.6776 334.911 62.0589 2.65322
471487336.158 1154.86 15.6427 58.1459 124.406 -4.69399 13.2593 150.189 61.4466 32.6611
471498398.787 1194.65 15.5581 58.3353 124.353 -4.50662 24.8888 138.027 69.1235 34.1535
473261595.353 1201.36 15.5921 58.3662 124.37 -4.47497 26.2893 55.8904 66.6215 325.444
473581136.738 1067.35 15.3619 58.5657 124.241 -4.2806 13.2672 48.4916 51.0414 329.214
474643689.424 1064.49 15.6472 58.2044 124.406 -4.63543 22.7018 38.9164 37.5764 341.663
475944844.653 1535.27 15.5857 58.3255 124.368 -4.51578 37.3572 83.3643 75.0404 31.9323
475957184.066 1275.69 16.0181 58.4315 124.59 -4.39955 6.56223 156.874 55.8246 26.025
476082203.437 1007.65 15.2311 58.3942 124.179 -4.45454 27.8819 93.1134 69.5034 34.0106
476173639.352 1347.62 15.5497 58.6162 124.337 -4.22613 27.0162 97.5454 70.8167 33.4578
476402183.513 1130.31 15.5174 58.1674 124.339 -4.67521 28.9501 104.203 75.9757 32.8836
476586136.831 1248.86 16.0252 58.1731 124.607 -4.65745 27.4213 212.575 77.0451 16.7226
476939727.251 1324.83 15.2881 58.4765 124.206 -4.37115 39.3744 134.901 88.9995 30.6928
476964440.043 1027.26 15.4623 58.4104 124.3 -4.43362 34.6504 276.635 84.5893 338.877
477489848.498 1248.79 15.4169 58.2177 124.283 -4.62711 24.6616 225.685 72.2339 349.972
478108174.654 1500.8 15.6752 58.542 124.406 -4.2975 32.3214 10.9555 65.4856 325.198
478118968.254 1224.23 15.6084 58.5909 124.369 -4.2501 7.2174 1.90416 49.8444 333.111
478358057.377 1196.87 15.6154 58.4376 124.379 -4.40316 28.5138 118.585 56.3879 9.7516
479467124.329 1548.1 15.3014 58.6144 124.207 -4.23312 19.6025 345.194 36.9675 351.124
479739956.358 1531.76 15.6858 58.28 124.423 -4.55898 50.6306 45.1718 74.4642 33.0697
480049619.485 1434.47 15.739 58.5802 124.437 -4.25779 8.32634 320.007 43.196 12.6779
480152388.974 1084.29 16.1413 58.3235 124.66 -4.50415 5.18772 323.032 45.2049 17.1026
480163280.101 1394.38 16.0475 58.5957 124.598 -4.23476 20.7754 42.1065 53.0589 33.839
480369761.94 1008.44 15.5278 58.2253 124.342 -4.61717 14.6331 258.515 54.1418 7.50746
480472612.278 1309.12 15.5773 58.4228 124.359 -4.41881 15.9113 244.983 57.5337 8.29867
480632755.413 1306.25 15.9787 58.5558 124.564 -4.27634 23.3139 242.737 65.7851 4.4772
481059947.189 1215.77 15.5334 58.4244 124.336 -4.41817 37.0522 54.9297 77.7774 32.3479
481580761.856 1004.36 15.9487 58.4353 124.554 -4.39745 38.5803 87.7337 88.1135 24.0595
482269356.059 1026.8 15.552 58.5544 124.341 -4.28782 44.9867 343.859 86.9311 336.758
482564075.487 1469.38 15.3368 58.4686 124.231 -4.37811 37.6918 67.2302 73.5723 11.8054
482701424.483 1148.13 15.8477 58.1515 124.514 -4.68352 29.3431 69.171 62.3277 7.15364
482703010.963 1337.62 15.7067 58.4444 124.426 -4.39424 34.8283 329.639 67.2956 325.468
482942688.846 1581.28 15.5593 58.3351 124.354 -4.50682 28.6636 324.386 55.9639 324.635
483331337.862 1303.65 15.2305 58.4771 124.175 -4.37165 42.0663 319.037 62.7761 325.988
483958288.798 1413.46 15.4777 58.3439 124.31 -4.49973 28.1939 0.716869 44.18 27.7314
484587460.392 1067.21 16.0963 58.3379 124.636 -4.49097 28.6031 347.76 46.8952 359.319
484643524.2 1020.27 15.6268 58.4369 124.385 -4.40354 30.4963 356.786 57.6389 35.3787
485398788.39 1105.03 15.809 58.1977 124.491 -4.6383 21.1016 134.859 70.3705 7.0393
485494594.771 1440.24 16.1587 58.5738 124.657 -4.25373 24.0163 351.336 74.7972 32.6771
486394804.271 1063.51 15.544 58.5966 124.335 -4.24585 31.6742 252.518 80.5191 328.154
486440437.725 1305.29 15.3881 58.2542 124.267 -4.5913 29.804 245.044 78.51 327.552
486452483.389 1427.09 15.9698 58.5384 124.56 -4.29394 38.9919 289.985 86.5007 335.133
486634884.475 1497.24 15.929 58.5796 124.536 -4.25382 29.7169 265.751 75.8743 327.715
487069426.978 1086.36 15.9155 58.3198 124.542 -4.51372 44.1398 292.73 81.2855 331.399
487216935.112 1379.07 15.6652 58.4542 124.404 -4.3854 8.00457 240.704 51.2327 332.04
488519378.971 1200.98 16.1924 58.3522 124.686 -4.47407 23.6851 233.263 39.4503 343.511
488702073.324 1188.0 16.0443 58.2422 124.613 -4.58792 20.1226 224.325 38.1705 351.755
489685185.27 1484.61 15.9923 58.5247 124.572 -4.30708 35.0486 124.503 74.7602 350.303
491171690.149 1397.75 15.6227 58.355 124.386 -4.48554 21.4185 148.115 70.5786 329.294
491286693.054 1525.64 15.8306 58.376 124.494 -4.45964 35.7899 221.205 79.7369 330.329
491416590.969 1466.78 15.398 58.5243 124.261 -4.32117 47.8659 76.4299 65.4358 349.583
491685465.346 1438.33 15.4318 58.4613 124.282 -4.38345 17.6515 97.179 53.249 338.858
492954239.838 1502.58 15.6103 58.5775 124.37 -4.2635 39.4518 179.216 56.1489 331.059
495209559.207 1327.2 16.1861 58.3808 124.681 -4.44566 38.179 290.974 87.9335 29.6588
495450819.884 1039.6 15.7003 58.452 124.423 -4.38683 31.7531 46.7044 81.3008 352.643
496719344.352 1238.53 16.0987 58.3093 124.639 -4.51946 13.3084 258.38 43.2728 355.395
496856506.849 1103.31 15.6553 58.4549 124.399 -4.38499 12.7209 235.18 39.6278 353.651
497770383.238 1230.66 15.2521 58.3181 124.193 -4.53022 16.5923 179.354 34.2297 11.5284
498848858.603 1211.84 15.6895 58.3098 124.423 -4.52917 38.369 184.612 76.914 30.9975
501506878.206 1241.75 15.9015 58.3506 124.533 -4.48327 44.4049 193.323 67.2918 23.3707
501657633.769 1287.69 15.4296 58.4588 124.28 -4.38598 59.3737 125.505 83.8481 328.542
501839295.384 1112.26 15.6264 58.6332 124.376 -4.20744 18.8412 113.308 36.0373 342.302
502879131.554 1096.53 15.7503 58.2505 124.458 -4.58695 27.6269 21.7125 54.1848 350.402
503513874.252 1523.56 15.7481 58.4255 124.448 -4.41226 45.0295 335.786 89.6854 338.992
504336729.265 1385.9 15.6849 58.3434 124.419 -4.49576 36.7579 298.835 86.5236 335.604
505891818.925 1219.81 16.2149 58.3247 124.699 -4.50097 56.9574 80.3881 85.5073 330.235
506142888.856 1077.27 15.7376 58.2906 124.449 -4.54728 51.6651 62.4099 74.7361 326.995
506428081.475 1001.79 15.2011 58.4605 124.16 -4.38891 39.0312 35.1343 56.5536 327.892
507102026.029 1147.55 15.7635 58.3607 124.459 -4.47662 38.8272 346.338 59.0021 337.714
507769467.337 1275.64 15.6957 58.1188 124.435 -4.71984 2.39426 292.589 49.7403 19.1623
508100885.807 1348.01 15.5795 58.4912 124.357 -4.35048 13.1285 230.72 60.938 16.9063
508260514.92 1534.63 15.4753 58.4159 124.306 -4.42795 15.0665 167.824 64.9801 26.5156
509422448.104 1364.08 15.716 58.6222 124.423 -4.2165 23.7611 320.247 72.7007 328.336
509689229.913 1115.03 15.943 58.5443 124.545 -4.28884 43.8073 141.125 85.937 16.3415
510770922.557 1263.53 15.7362 58.4752 124.44 -4.36286 48.5264 355.184 70.541 326.694
510890230.23 1092.45 15.2543 58.3044 124.194 -4.54389 25.2187 356.339 42.6121 331.58
510988263.444 1052.95 15.5641 58.5444 124.347 -4.29766 62.7758 347.125 86.9952 328.607
511791842.452 1029.15 16.0082 58.2615 124.593 -4.56958 17.9562 30.8524 41.3242 27.1381
513661050.917 1503.61 15.7259 58.5225 124.432 -4.31583 32.2651 200.449 82.1502 349.186
514723584.852 1439.87 15.1635 58.3019 124.146 -4.54812 16.9972 75.6237 53.1804 356.473
514827860.317 1522.15 15.6112 58.4203 124.377 -4.42053 44.0642 327.775 74.2411 327.453
515044019.111 1236.66 15.7707 58.3659 124.463 -4.47123 13.5421 326.806 42.368 334.287
515307364.331 1302.12 15.5851 58.3241 124.367 -4.51728 41.5741 316.031 62.355 325.694
515420517.881 1303.18 15.8495 58.3364 124.506 -4.49876 17.5944 6.39843 36.6116 3.68262
515774266.152 1515.72 15.5266 58.4993 124.329 -4.34353 29.0802 4.86797 44.9855 24.9779
516419257.117 1347.71 15.8296 58.4016 124.492 -4.43419 39.7341 356.27 61.9904 34.8521
516585468.398 1268.69 15.7685 58.4518 124.458 -4.38543 13.3962 326.697 44.0567 27.04
516659142.055 1360.55 15.8249 58.6612 124.478 -4.17494 34.1162 342.035 62.5818 34.9943
516757800.438 1114.25 15.8841 58.5186 124.515 -4.3159 32.5126 236.03 62.7765 349.386
517168188.953 1194.86 15.7684 58.5282 124.454 -4.30912 6.46768 292.0 57.5516 23.7851
518347576.482 1015.41 16.125 58.2486 124.655 -4.57941 35.3335 263.885 83.9894 329.385
518461085.252 1036.66 15.6795 58.6358 124.403 -4.20373 24.7911 170.586 74.6235 331.801
518683593.36 1256.06 15.8016 58.6016 124.468 -4.235 61.6678 290.522 67.09 338.069
519020878.797 1074.03 15.4572 58.4252 124.296 -4.41903 9.79028 205.847 56.8799 330.963
519180869.652 1240.88 15.8499 58.4071 124.503 -4.42814 11.7902 237.499 53.3655 329.312
519882053.905 1155.55 16.2231 58.3338 124.702 -4.4917 43.8012 341.297 65.23 24.4293
519904455.882 1298.24 16.1877 58.3581 124.683 -4.46834 61.265 332.625 87.2854 29.9025
521751723.379 1174.42 16.0205 58.347 124.595 -4.48395 47.674 118.923 87.6076 340.183
523123900.999 1064.97 15.3609 58.3802 124.247 -4.46603 31.8236 194.33 78.7743 328.365
523535367.938 1278.06 15.7726 58.2677 124.469 -4.56932 39.1933 222.354 78.2453 329.734
525663828.656 1415.89 16.1206 58.3145 124.65 -4.51371 24.114 242.426 50.0707 33.8204
526259224.847 1003.27 15.8679 58.5522 124.505 -4.28281 37.3395 105.079 75.4157 349.817
526400340.801 1462.89 15.7953 58.2536 124.481 -4.58284 64.9816 206.952 68.2287 34.2752
527024839.508 1224.14 15.7529 58.2682 124.458 -4.56921 36.8276 81.5382 86.1406 346.979
527946397.913 1205.16 15.381 58.3024 124.261 -4.54329 45.862 184.731 88.4435 338.035
527950633.934 1101.7 15.9204 58.5783 124.532 -4.25545 13.1493 56.7749 62.7935 338.407
528407364.99 1276.16 15.2759 58.389 124.202 -4.45887 8.88981 303.8 50.3481 348.141
530658241.476 1018.96 15.8156 58.6384 124.474 -4.19797 30.5272 77.6681 65.4238 353.662
532727021.569 1083.96 16.2367 58.3913 124.707 -4.43393 9.24938 60.2435 56.5655 331.321
535627606.928 1182.64 15.348 58.2106 124.247 -4.63575 7.98761 207.145 62.9438 25.7633
539662335.366 1495.99 15.8929 58.3651 124.527 -4.46903 44.8386 306.975 76.6722 341.474
542696379.738 1454.21 15.7927 58.6436 124.462 -4.19324 57.2494 298.82 62.583 325.936
549308924.231 1252.22 15.6092 58.3441 124.379 -4.49672 35.2272 329.831 77.6929 30.7308
549828392.798 1117.21 16.2154 58.5122 124.689 -4.31373 40.7223 327.861 89.7836 22.9574
551145361.068 1051.88 15.6421 58.236 124.401 -4.604 13.7341 233.171 54.759 328.03
553029363.695 1463.61 15.7858 58.64 124.458 -4.19708 10.7897 210.679 40.0492 10.7487
553925682.26 1252.74 16.0503 58.3529 124.611 -4.47724 14.1577 1.23732 64.0941 26.8995
555994731.12 1364.73 15.8649 58.5688 124.503 -4.26632 10.1349 316.293 45.9829 350.954
556982509.859 1584.83 15.663 58.3691 124.406 -4.47053 19.8456 241.797 35.5582 15.5807
557598369.561 1298.19 15.6072 58.5565 124.369 -4.28457 45.3065 238.015 70.7894 33.5138
558814559.586 1321.73 15.8024 58.1652 124.489 -4.67092 37.7932 229.509 85.4706 27.0709
559330707.422 1313.34 15.2281 58.2362 124.183 -4.61258 33.2954 34.2395 83.153 356.731
560352920.008 1398.77 15.6502 58.2627 124.404 -4.57709 32.469 269.785 66.4327 8.91612
562219869.339 1380.83 15.5501 58.308 124.349 -4.53416 42.424 184.992 68.1473 34.3416
562396570.836 1363.78 16.001 58.5688 124.574 -4.26292 51.4253 177.103 82.5548 29.5028
562518751.23 1496.74 15.9246 58.1581 124.554 -4.67507 41.0531 102.554 72.512 344.035
564546847.135 1381.38 15.6077 58.5768 124.368 -4.26425 11.4227 341.164 61.3819 337.01
564901939.753 1043.82 16.2188 58.4681 124.693 -4.35764 40.261 122.596 74.0497 327.699
565118142.625 1485.16 16.0443 58.4204 124.604 -4.40997 12.7208 101.921 47.0885 331.063
565346912.744 1426.17 16.1038 58.5307 124.63 -4.29826 30.5438 106.551 54.5848 325.217
566043354.491 1067.28 15.5417 58.2724 124.347 -4.56991 29.6585 81.9238 44.8173 334.41
566373648.944 1273.71 16.0358 58.4471 124.598 -4.3835 22.6911 134.126 40.668 26.291
566602332.473 1445.75 15.7409 58.3296 124.449 -4.50818 45.542 233.47 37.4371 15.9329
568649792.034 1220.83 15.3303 58.4776 124.227 -4.36927 39.9083 63.3719 88.0735 336.122
569345703.376 1306.42 16.0112 58.5781 124.579 -4.25331 17.8442 26.5474 58.7988 326.556
573532281.985 1278.73 15.6744 58.2956 124.415 -4.54374 10.2993 205.578 67.4628 342.73
573896994.835 1235.53 16.1023 58.5513 124.628 -4.27772 38.5989 121.096 75.8376 11.9242
574070218.585 1491.33 15.9724 58.2807 124.573 -4.5514 36.5716 1.51863 69.655 325.924
575279257.382 1262.62 16.1696 58.3584 124.673 -4.46861 27.6787 43.36 43.4515 26.1247
576033259.665 1519.84 15.6743 58.4565 124.408 -4.38296 8.28669 305.657 43.4833 22.9831
578684078.82 1352.4 15.4115 58.5946 124.265 -4.25076 29.516 54.0592 62.7131 7.11673
578684141.084 1375.22 15.4111 58.4608 124.27 -4.38438 27.0209 55.9369 60.5194 5.18298
578697362.079 1082.77 15.7815 58.5805 124.459 -4.25661 45.0267 322.604 77.5636 329.098
579724316.776 1064.4 15.8576 58.6817 124.494 -4.1537 24.6061 290.846 40.2904 338.391
580300148.924 1323.46 15.3815 58.1531 124.267 -4.69249 59.8568 44.8854 45.0538 31.3489
581545293.627 1171.92 15.5503 58.5581 124.339 -4.28428 20.9104 41.1579 70.9084 25.6096
581647432.767 1435.11 15.8193 58.1738 124.497 -4.66194 30.2612 349.42 78.7649 32.5036
581704620.273 1171.34 16.0647 58.5621 124.608 -4.26796 30.5974 356.201 79.7006 32.0005
581772541.471 1191.6 15.8523 58.2968 124.509 -4.53829 39.7747 324.586 88.5202 24.7218
581939117.231 1326.48 15.9484 58.4889 124.55 -4.34405 35.3467 17.2539 85.1335 30.106
583533227.762 1281.24 15.2534 58.462 124.188 -4.38641 47.3073 348.564 75.1256 22.048
584458933.564 1210.03 15.6617 58.3197 124.408 -4.51988 22.7133 290.182 38.5778 22.0679
584842167.83 1170.48 15.6272 58.3091 124.39 -4.53132 51.9224 73.3679 42.5662 351.757
585224887.021 1324.1 15.871 58.5961 124.505 -4.23884 56.9534 73.7323 54.4104 354.382
585235187.509 1107.13 15.4477 58.2175 124.299 -4.6268 24.1933 280.383 54.1172 34.9849
585794436.022 1085.2 15.882 58.4941 124.515 -4.34043 30.5746 280.324 72.5137 33.0315
585847670.066 1350.53 15.4277 58.2653 124.287 -4.57938 48.7456 89.417 78.0425 351.968
585983679.367 1465.55 15.7397 58.4065 124.445 -4.43137 16.4849 5.23318 66.5161 25.8514
586092329.031 1119.61 15.6002 58.4424 124.37 -4.3987 20.514 21.4655 70.3539 22.5832
586212252.156 1420.57 15.6881 58.2395 124.425 -4.59947 14.2901 18.0384 74.2169 23.3932
586802123.725 1354.32 15.8719 58.3835 124.515 -4.4512 38.4975 105.658 80.5751 335.071
587317320.923 1136.0 16.0625 58.3744 124.616 -4.45547 39.5935 215.219 82.1875 332.524
587331932.311 1328.65 15.7899 58.5684 124.464 -4.2685 45.4885 342.46 88.585 18.5497
587351374.347 1220.34 15.8831 58.2908 124.526 -4.54352 34.1058 203.35 76.3698 328.427
587990668.959 1074.81 16.0637 58.4414 124.613 -4.38849 33.5587 199.61 61.8195 324.653
589028714.053 1497.92 16.044 58.4065 124.605 -4.42389 21.2145 239.538 37.2883 20.0243
