241213034.217 8416.92 15.6404 58.4488 124.391 -4.3914 23.4652 298.086 55.28 32.3016
243978067.152 7784.75 15.7342 58.4178 124.442 -4.42016 57.1225 250.741 76.9703 25.3095
256627086.712 6575.73 15.6712 58.3991 124.41 -4.4403 51.9272 205.338 84.9282 10.7706
259162437.491 9706.89 15.6681 58.418 124.407 -4.42155 6.13645 127.821 39.9427 18.8534
343065174.132 6371.91 15.7437 58.465 124.445 -4.37281 40.8231 32.5811 83.7232 346.98
344556925.474 8811.92 15.7017 58.3515 124.428 -4.48722 33.094 104.915 74.8749 327.783
344703905.373 6838.31 15.5978 58.3267 124.374 -4.51433 39.8877 215.241 78.7249 12.8137
344727826.059 6376.4 15.8462 58.4407 124.5 -4.39461 6.94673 296.332 56.1709 340.028
346308873.768 9436.4 15.5839 58.4721 124.361 -4.36932 27.1725 131.402 43.8675 28.0662
347351594.35 7559.32 15.6746 58.395 124.412 -4.44434 20.8222 123.717 60.5724 34.4622
347948636.525 8310.9 15.746 58.3383 124.452 -4.49937 27.429 244.815 76.0389 10.7294
350803254.159 7648.96 15.6424 58.3717 124.396 -4.46833 19.3109 66.9497 35.2079 15.4918
354128706.072 9397.61 15.7759 58.4804 124.461 -4.35667 6.80553 330.711 51.2425 332.851
356974853.999 9986.34 15.5889 58.3869 124.367 -4.45439 33.8184 8.49513 78.7979 30.5882
357280061.724 7898.97 15.5701 58.4244 124.356 -4.41737 29.5167 108.712 78.84 11.8427
358410676.807 7511.37 15.771 58.3342 124.465 -4.50287 19.8978 278.578 64.4542 326.381
378666384.68 6876.49 15.8001 58.4048 124.477 -4.43158 15.3073 78.9351 34.9294 11.0626
403854224.306 6537.69 15.7149 58.4446 124.431 -4.3939 51.8413 120.152 80.3842 328.495
418813390.355 7628.48 15.6921 58.3714 124.422 -4.46753 16.8153 72.4895 47.2298 359.161
420896186.602 8656.78 15.7068 58.452 124.426 -4.38663 6.76523 167.866 53.3417 16.8355
423683337.455 6597.65 15.6206 58.4428 124.381 -4.39779 32.3083 1.03402 54.1062 17.0838
426924065.202 6933.03 15.6617 58.361 124.406 -4.47861 27.7799 167.9 76.8305 328.066
431684780.963 9094.24 15.7719 58.3812 124.463 -4.45588 20.2294 121.376 69.5633 330.005
432925367.175 8170.26 15.6942 58.415 124.421 -4.42388 18.4902 248.826 39.9792 4.54433
452388318.647 8503.19 15.6328 58.4306 124.388 -4.40976 30.1195 17.7816 52.1138 34.2615
468243326.264 6570.78 15.5134 58.4149 124.326 -4.42807 29.7882 116.753 77.2703 327.608
477376287.931 8446.56 15.5929 58.3445 124.371 -4.49669 22.7124 300.958 72.5381 331.032
487536702.268 6973.48 15.7148 58.4507 124.43 -4.38779 9.13538 283.755 42.6555 338.035
488432606.762 8234.13 15.6141 58.4082 124.379 -4.43249 37.6504 319.079 54.6414 30.2011
497381427.489 8977.36 15.7341 58.3167 124.446 -4.52121 34.962 224.147 51.5075 26.3804
498455980.403 8506.38 15.7101 58.4765 124.427 -4.3621 8.24608 87.7566 46.3015 12.0535
515842854.59 7151.05 15.7322 58.4216 124.44 -4.4165 27.0128 0.446574 42.7517 24.8558
526121154.081 6834.68 15.6366 58.3625 124.393 -4.47777 1.77062 334.964 51.7688 22.6267
558951737.289 8839.16 15.6258 58.4137 124.385 -4.42686 37.6748 236.854 86.5778 28.3377
558988379.305 6880.84 15.6388 58.3344 124.395 -4.50575 38.4758 88.6623 87.4102 343.521
559026331.029 7095.76 15.6398 58.381 124.394 -4.45914 35.9128 254.629 85.3732 31.5734
564643053.944 7577.69 15.7185 58.4274 124.433 -4.41103 33.6028 230.804 73.6411 6.44247
571514176.149 7814.36 15.7956 58.3241 124.478 -4.51242 31.7044 82.5665 59.7996 35.5719
586630930.719 7677.52 15.6639 58.4329 124.404 -4.40679 36.7554 118.806 86.4589 331.943
