290475387.288 16444.1 15.642 58.4781 124.391 -4.3621 28.6503 66.5963 45.6865 19.5754
339269978.754 19318.6 15.7446 58.376 124.449 -4.46174 33.4599 91.1689 83.322 335.152
348383712.59 21771.0 15.7576 58.3659 124.457 -4.4715 36.8593 189.985 86.5809 25.8983
353785108.018 16077.7 15.7702 58.4078 124.461 -4.42932 15.2949 311.238 62.5332 328.614
356925492.452 24452.2 15.6585 58.3881 124.404 -4.45162 41.5479 267.752 85.2112 345.807
397129228.585 21107.7 15.5638 58.4109 124.353 -4.43092 17.001 193.055 37.3033 358.366
468265111.623 22566.2 15.6763 58.3547 124.414 -4.48452 23.205 335.268 72.3818 343.645
471600574.787 16202.0 15.7968 58.3927 124.476 -4.44376 42.6643 123.349 89.1435 21.2872
479090081.414 18928.5 15.6593 58.3827 124.404 -4.45695 19.5165 7.18527 35.295 344.326
481695806.371 23822.6 15.6158 58.4303 124.379 -4.41044 33.6896 157.138 83.155 359.535
485369001.278 17474.2 15.7832 58.4466 124.466 -4.3903 21.0649 350.175 70.048 33.6055
489930378.517 17169.3 15.7054 58.371 124.429 -4.46762 23.3309 84.9021 68.6942 7.89213
