271449660.935 12132.4 15.6308 58.4438 124.387 -4.39663 18.2442 0.0698907 47.7553 0.162521
298988836.09 13636.3 15.7693 58.4749 124.458 -4.36229 36.8773 265.905 66.9881 325.45
335933760.51 13319.8 15.7492 58.3432 124.453 -4.49438 47.7142 97.6389 84.6249 331.061
341276830.247 14488.5 15.8081 58.4517 124.479 -4.38457 39.6758 137.115 56.9975 328.131
342479629.791 15711.7 15.7279 58.4225 124.438 -4.4156 7.98568 49.5849 47.4553 12.4601
347788134.107 10311.7 15.7229 58.3972 124.437 -4.44105 24.0687 252.837 71.4173 10.6105
351959768.937 13959.5 15.6705 58.3882 124.41 -4.45124 36.2816 56.9891 73.5662 32.5263
352407658.769 11163.3 15.642 58.44 124.393 -4.40015 18.2199 156.233 68.1732 25.2959
352923472.457 13951.9 15.5861 58.3877 124.366 -4.45367 34.8944 133.082 84.7103 25.6648
353556621.955 10494.3 15.7252 58.433 124.437 -4.40522 35.1898 350.442 80.4914 330.471
353625169.708 11326.1 15.7534 58.4576 124.45 -4.38002 29.8466 341.215 74.8414 327.422
354163862.455 14302.9 15.6419 58.3996 124.394 -4.4405 37.7429 352.555 70.9411 326.463
354666580.382 10393.9 15.5479 58.3724 124.346 -4.46982 23.366 69.5735 46.4791 9.10449
356500545.088 10582.8 15.6841 58.4525 124.414 -4.38664 10.5726 210.142 53.8069 12.4285
357877766.9 11908.3 15.7316 58.4461 124.439 -4.39195 30.416 272.791 79.8186 328.318
364076683.895 13284.6 15.688 58.4296 124.417 -4.40947 51.2397 313.369 73.814 27.3796
388784138.931 10225.6 15.6721 58.4252 124.409 -4.41423 37.3769 263.739 74.1983 349.084
390114589.533 15807.7 15.7165 58.4294 124.432 -4.40896 36.5828 298.225 84.9076 331.317
459353424.967 10098.3 15.7728 58.445 124.461 -4.39211 12.8859 114.142 62.8213 335.478
482542112.017 12589.2 15.7635 58.3929 124.458 -4.44437 4.98623 154.64 53.2668 341.272
483731439.264 14106.3 15.6679 58.4352 124.406 -4.40434 54.3128 312.231 74.8137 328.37
487708200.617 10376.0 15.681 58.4096 124.414 -4.42957 16.1179 268.999 41.5502 333.689
508030815.315 15689.3 15.7826 58.3261 124.471 -4.51072 46.0137 70.4726 85.84 25.1254
508889274.37 15084.9 15.7558 58.3343 124.457 -4.50317 34.5271 186.771 84.4328 19.6819
516659396.235 11385.2 15.7347 58.3511 124.445 -4.48691 37.5451 24.6679 53.3066 34.678
516677190.361 11862.2 15.6614 58.3777 124.405 -4.46196 7.96008 242.418 44.3364 12.8026
520712208.112 14272.3 15.7775 58.4684 124.462 -4.36862 54.66 230.316 77.0865 331.356
540290575.313 15313.0 15.7334 58.4424 124.44 -4.39569 40.5364 281.34 84.7233 347.044
559491618.417 13897.9 15.775 58.3232 124.467 -4.51377 28.078 106.043 77.8431 330.939
