241568181.81 5033.29 15.8039 58.4628 124.476 -4.37355 39.0874 268.257 71.0561 33.5701
252367226.903 4974.3 15.7469 58.3511 124.452 -4.48649 50.0237 78.9172 79.6992 330.726
252990325.096 6281.15 15.8397 58.4636 124.495 -4.37188 37.5316 194.091 60.5 13.0486
253020177.271 4720.5 15.6498 58.4978 124.394 -4.34217 22.0658 8.46715 48.7041 327.524
253953948.697 6268.42 15.7611 58.4105 124.456 -4.42688 19.0159 140.858 39.4062 22.558
288889212.511 4580.06 15.6355 58.4408 124.389 -4.39947 42.8587 23.0158 89.8644 340.612
320590890.288 5505.64 15.7262 58.3252 124.442 -4.51289 36.076 100.934 85.5907 31.7697
329221835.064 4236.52 15.6736 58.5024 124.406 -4.33708 17.8535 357.534 65.5142 31.9594
332891617.196 4931.79 15.6077 58.3181 124.38 -4.52273 43.5971 281.472 67.6511 34.2722
332910174.006 5744.98 15.6287 58.3548 124.389 -4.48559 56.8168 70.6979 44.9124 354.397
340759719.558 5531.93 15.5394 58.442 124.339 -4.40045 26.2138 234.628 51.0379 10.3038
341551215.087 6039.15 15.809 58.3785 124.483 -4.4577 17.7137 147.183 33.4592 355.589
343075474.916 5853.3 15.713 58.4544 124.429 -4.3841 14.2588 253.343 64.2309 24.0219
344258377.787 4736.12 15.7781 58.3673 124.467 -4.46955 23.8606 47.6749 72.8172 328.35
344946355.685 5970.9 15.5798 58.4118 124.361 -4.42968 27.9693 96.013 62.0911 324.712
345519142.157 4016.26 15.5887 58.4404 124.365 -4.40091 26.0654 87.6722 47.3022 327.658
345656972.981 4630.59 15.634 58.498 124.386 -4.34237 39.7751 91.2354 59.4506 326.176
345772071.627 4684.51 15.5235 58.4334 124.331 -4.40939 60.6088 107.32 84.3488 328.356
348120095.653 4547.7 15.6748 58.3689 124.413 -4.47043 28.7221 199.204 78.6954 24.5628
349233797.25 4595.93 15.7763 58.486 124.461 -4.35109 10.9173 330.044 59.6427 331.527
351858373.728 5067.66 15.5805 58.415 124.361 -4.4265 29.7534 288.542 64.7049 354.108
353079454.569 5625.01 15.7513 58.313 124.456 -4.5245 32.9476 250.828 82.9786 346.36
353796962.623 4099.67 15.7123 58.4589 124.429 -4.37961 26.75 341.148 69.2678 326.048
354081659.597 4795.34 15.6674 58.3398 124.41 -4.49962 39.8944 94.0316 75.1522 13.8595
367247981.043 4089.99 15.6156 58.4343 124.379 -4.40644 25.51 142.169 74.2826 328.177
395063275.22 5208.33 15.6789 58.3861 124.414 -4.45314 32.5782 232.865 76.6107 328.337
401310167.904 6126.33 15.7104 58.4373 124.429 -4.4013 17.1125 195.37 32.9603 359.422
402248722.818 4667.33 15.7286 58.4672 124.437 -4.37095 9.93219 208.112 46.8753 27.3196
425309217.599 4716.31 15.7438 58.3766 124.449 -4.46114 30.0637 148.013 62.205 352.325
441010338.941 3981.13 15.7122 58.3648 124.433 -4.47361 23.3575 44.4365 68.808 326.348
449920968.466 4318.4 15.8146 58.4662 124.482 -4.36992 35.1454 331.877 82.036 330.742
452114510.377 4640.26 15.7216 58.3319 124.439 -4.50631 15.9399 335.958 35.2964 14.8283
452549913.508 6041.38 15.6492 58.3755 124.399 -4.46436 42.4628 284.875 69.0121 340.571
455843911.297 5668.81 15.6766 58.4823 124.409 -4.35709 54.1641 287.347 78.0541 327.739
457493254.461 5103.16 15.8091 58.4337 124.481 -4.40256 32.7622 289.486 69.1805 34.0472
459262720.198 4856.31 15.5973 58.3369 124.374 -4.50418 28.0518 202.396 73.3041 326.782
472701730.481 4052.99 15.7516 58.3463 124.454 -4.49123 32.5262 46.2652 80.8674 328.281
474050095.197 4718.07 15.6135 58.4224 124.378 -4.41839 59.8827 298.628 61.4413 325.299
474939552.826 5035.22 15.7276 58.4846 124.436 -4.35364 43.1332 107.167 62.5724 33.119
476105962.709 6158.33 15.6915 58.3305 124.423 -4.5084 11.6464 219.552 60.5827 19.6516
476425499.749 5102.83 15.7489 58.4484 124.448 -4.38924 22.1199 147.06 71.6062 30.2367
485421289.585 6033.53 15.5763 58.3772 124.361 -4.46432 13.3629 102.311 66.6567 18.2116
487010149.472 5211.41 15.71 58.4019 124.43 -4.43662 35.8881 35.6356 74.3325 9.12423
487525281.372 5393.42 15.6629 58.3142 124.409 -4.52531 9.11793 282.74 42.8378 337.622
492874571.996 4369.92 15.6579 58.3216 124.406 -4.51807 51.3414 182.809 70.7223 328.333
503060574.373 6030.12 15.7788 58.4121 124.466 -4.42484 29.2069 139.081 60.3241 35.4574
510911424.594 4299.67 15.841 58.4524 124.496 -4.38316 56.6351 67.2858 79.5457 29.5892
533995042.813 4527.54 15.8167 58.4158 124.485 -4.42027 30.4557 92.2384 45.9598 332.909
555714019.828 4387.19 15.5948 58.3388 124.372 -4.5024 42.9448 329.809 78.5637 16.2894
559163912.371 4657.7 15.607 58.4817 124.372 -4.35935 36.9246 279.913 86.7303 29.2464
559469312.143 4350.11 15.8104 58.3765 124.483 -4.45965 33.5895 140.016 82.4534 328.276
564393769.35 6238.87 15.5938 58.4689 124.366 -4.37243 36.3561 122.196 80.5444 330.981
573350927.013 4135.54 15.56 58.3306 124.354 -4.51131 28.7948 10.1593 84.0813 332.581
586974441.323 5717.48 15.7126 58.4797 124.427 -4.35888 34.5298 187.684 82.4549 329.838
