243772751.93 2695.23 15.7531 58.4182 124.452 -4.41934 8.39213 27.5091 42.8302 346.145
253953278.483 3747.01 15.783 58.5326 124.462 -4.3044 52.7676 125.746 69.1185 31.7671
254172679.387 2581.94 15.6385 58.4536 124.39 -4.38659 59.9464 260.973 45.042 342.226
254671807.697 3065.04 15.6948 58.2639 124.428 -4.57483 41.6523 291.578 62.0697 344.798
258027401.087 2877.57 15.4379 58.3323 124.29 -4.51217 6.05488 316.972 36.1768 343.185
259230625.714 3173.32 15.4235 58.3604 124.281 -4.48447 34.2536 60.0133 56.5821 35.3138
259585428.921 3711.13 15.6603 58.4057 124.404 -4.43396 61.0853 35.7544 86.6625 26.5123
260596421.141 3975.53 15.5776 58.4655 124.358 -4.37612 46.5138 95.7508 81.4493 16.5271
271967000.302 3132.13 15.68 58.4447 124.412 -4.3946 48.1257 175.77 66.3453 326.751
273238610.823 2817.52 15.6614 58.38 124.405 -4.45966 11.6863 293.795 46.3653 27.4522
283120682.942 2882.96 15.6245 58.5418 124.379 -4.29878 34.1029 130.14 77.3109 30.89
284941777.254 2531.15 15.7421 58.3588 124.449 -4.47892 20.1314 39.5074 58.0369 325.605
287871259.318 3237.67 15.8286 58.5137 124.487 -4.3221 21.239 215.586 70.0207 16.4042
288956980.134 2547.65 15.7053 58.3169 124.431 -4.52166 22.3623 316.52 71.9792 328.259
289025803.887 3253.72 15.9314 58.3977 124.546 -4.43543 24.6891 316.056 69.8582 328.067
289283183.428 3710.38 15.7061 58.4953 124.424 -4.34342 13.3889 217.036 60.9737 343.744
290120214.003 3350.44 15.8068 58.3596 124.483 -4.47656 16.0147 80.9352 40.8423 359.573
294422882.531 2881.24 15.698 58.3195 124.427 -4.51918 21.6386 302.127 52.3586 325.896
318855564.902 2775.67 15.7218 58.3677 124.438 -4.47051 53.3151 336.874 76.0161 332.255
324537098.373 3066.19 15.7159 58.3929 124.434 -4.4455 60.5988 300.451 60.9456 26.2968
328568000.847 3835.32 15.6545 58.2707 124.407 -4.56902 33.207 327.329 62.2854 35.5062
328579603.604 3427.86 15.7305 58.399 124.441 -4.43903 27.3726 327.749 57.3512 35.3813
330732081.207 3778.91 15.6764 58.2896 124.417 -4.54964 15.7417 359.515 62.6519 329.049
337607107.088 2592.49 15.69 58.2767 124.425 -4.56214 48.8863 131.076 75.2332 336.746
340232881.57 2920.52 15.6333 58.452 124.388 -4.3883 6.84684 326.397 53.4027 343.731
341413766.802 3060.68 15.7159 58.4627 124.43 -4.37578 19.2114 145.314 34.7727 346.983
342560847.28 3363.57 15.82 58.2704 124.494 -4.56538 45.712 102.606 78.6242 341.253
342766092.076 3562.72 15.9367 58.4496 124.547 -4.38346 6.27534 313.189 54.8407 19.1688
342949239.29 2967.47 15.8667 58.4217 124.511 -4.41311 10.938 230.164 60.4366 27.5092
344396016.486 2914.12 15.6644 58.4778 124.403 -4.36186 22.1518 61.0331 69.6496 327.327
344945285.898 2578.99 15.6726 58.4057 124.41 -4.43372 15.1468 220.38 53.7171 353.84
346275503.25 2781.42 15.5829 58.5045 124.359 -4.33701 29.6656 52.1017 45.9073 338.35
346469856.109 3463.01 15.7887 58.3802 124.472 -4.45642 15.3468 67.9645 35.3449 4.45297
347077943.0 2836.41 15.7187 58.3393 124.437 -4.49901 34.2217 326.97 64.7 348.272
347306875.955 2789.55 15.7795 58.3788 124.468 -4.45804 22.7719 303.114 60.6391 1.02676
347455782.743 3435.73 15.5811 58.5064 124.358 -4.33516 20.5618 284.658 62.6899 5.96457
348063101.907 3057.84 15.5089 58.4349 124.323 -4.40816 28.1522 227.324 77.7809 16.0681
348591724.554 3915.34 15.7042 58.4559 124.425 -4.38283 30.153 292.454 80.194 335.183
350346259.948 3506.13 15.4812 58.4228 124.309 -4.4209 53.7515 23.3986 75.618 327.407
350357853.987 2605.95 15.902 58.2986 124.536 -4.5352 59.0784 28.1118 82.3531 328.012
350380137.872 3371.5 15.9062 58.4605 124.53 -4.3734 33.7766 16.3333 51.286 328.049
350653519.745 2998.52 15.8159 58.3547 124.488 -4.48129 47.58 92.1919 66.4117 30.686
350688503.235 2649.28 15.7243 58.3876 124.438 -4.45061 24.1148 84.244 39.4902 20.8523
351010377.606 2818.34 15.8934 58.3369 124.529 -4.49719 34.2596 341.987 52.0599 337.767
351686588.649 2575.24 15.6724 58.3337 124.413 -4.50568 34.7433 301.362 65.2554 347.934
352614250.285 2521.38 15.4523 58.4867 124.291 -4.35766 26.1027 183.468 75.7372 18.6906
352976238.01 3258.1 15.6693 58.2953 124.413 -4.54402 34.4806 252.715 84.4292 348.064
353033569.661 2517.1 15.8472 58.2846 124.507 -4.55054 33.6453 250.834 83.6648 347.504
353234798.828 3553.05 15.6153 58.3251 124.384 -4.51557 29.3515 285.973 79.2895 331.937
353371889.546 2943.4 15.9155 58.4316 124.536 -4.40204 25.8409 243.137 75.4448 342.713
353565691.556 3167.2 15.5308 58.5109 124.331 -4.33175 43.4745 112.952 88.7298 17.4879
353806907.568 3708.43 15.5793 58.4651 124.359 -4.37643 29.8006 143.521 71.6281 1.73879
353956701.555 3393.22 15.7094 58.3376 124.433 -4.5009 5.48976 262.83 55.3925 335.783
354139756.807 3854.87 15.5766 58.3703 124.361 -4.47119 9.38511 138.686 51.7211 347.861
354322268.397 2576.42 15.7723 58.4902 124.459 -4.34692 42.9083 78.2327 73.2583 17.9866
354608476.297 3361.07 15.9172 58.486 124.535 -4.34761 55.1686 59.3585 82.4953 26.5332
359555225.284 3133.1 15.9173 58.3312 124.542 -4.50225 34.7178 18.4701 53.1352 22.682
362959368.331 2755.18 15.7191 58.3126 124.439 -4.52563 47.107 13.9261 89.6751 20.3621
367762647.066 2661.76 15.8002 58.3172 124.481 -4.51913 19.4302 1.17213 61.0856 354.216
371102131.79 3317.83 15.8737 58.5231 124.51 -4.31166 29.4562 255.227 79.0892 31.055
373567155.667 2773.73 15.6514 58.5281 124.394 -4.31194 18.7394 177.934 35.0369 8.64611
373979252.528 3859.04 15.8496 58.2694 124.509 -4.56564 25.8655 175.662 42.8279 28.2018
391717861.055 2537.71 15.6261 58.4341 124.385 -4.40643 51.4189 294.34 73.1473 327.085
392690750.6 2978.62 15.4691 58.3651 124.305 -4.47877 34.3126 220.706 56.0474 342.195
397163347.747 3751.44 15.5638 58.4305 124.352 -4.41139 14.0534 225.546 36.1007 12.7293
397598414.931 3843.36 15.6992 58.5258 124.419 -4.31311 6.12836 214.002 44.1834 20.1278
401379593.045 2703.69 15.7571 58.4247 124.454 -4.41271 38.4924 151.576 55.1092 332.085
402775642.691 3531.37 15.5607 58.2959 124.356 -4.5459 10.5511 325.259 60.3377 22.2341
412166889.58 3354.89 15.573 58.4571 124.356 -4.38462 51.5075 131.232 71.3054 9.38972
414714669.578 3620.19 15.694 58.3773 124.423 -4.46161 21.2436 87.7905 38.6809 8.72788
418241803.392 2760.08 15.8306 58.4794 124.49 -4.35634 9.95939 278.185 58.8246 332.067
418573669.845 3573.13 15.852 58.3447 124.507 -4.49035 8.32718 327.717 49.7486 332.207
419111104.053 3759.34 15.9135 58.4748 124.533 -4.35889 13.8441 29.082 37.9145 354.928
421530621.479 3680.88 15.5722 58.441 124.356 -4.40074 26.2983 26.6119 75.3327 32.0221
429749663.482 3580.65 15.6893 58.3893 124.42 -4.44974 20.7461 131.086 51.1975 357.992
437147909.561 2944.21 15.6187 58.3307 124.385 -4.50985 13.9839 220.662 46.0116 355.84
440644996.421 3066.43 15.7099 58.3913 124.43 -4.4472 39.3415 89.9169 87.1954 335.102
442977033.851 2522.81 15.59 58.5131 124.362 -4.32831 43.8338 4.69551 51.9407 339.308
454219640.979 3516.3 15.8332 58.3247 124.498 -4.51081 31.3287 171.551 81.2203 334.212
458272222.199 3241.44 15.863 58.3973 124.511 -4.43756 33.3301 79.6082 81.2032 0.922612
459343308.843 3106.09 15.7008 58.4125 124.425 -4.42622 43.6627 245.865 86.3452 336.231
461175331.225 2846.36 15.5695 58.2649 124.362 -4.57673 42.4691 266.434 61.2864 33.0539
461895009.58 3236.5 15.8291 58.3127 124.497 -4.52292 46.0299 244.507 77.4183 31.4728
462992769.863 2670.65 15.7932 58.2758 124.479 -4.56069 34.0245 277.724 83.5041 31.948
463806477.943 3139.02 15.8788 58.3277 124.522 -4.50672 18.7652 56.6982 67.8404 341.658
466937237.325 2955.5 15.6494 58.4366 124.397 -4.40333 22.3618 209.59 65.7886 34.0889
473660457.12 3558.15 15.5127 58.3524 124.328 -4.49048 14.7683 180.262 49.5628 355.523
475602260.304 2949.77 15.8583 58.5251 124.502 -4.31004 34.7642 89.8534 65.0737 34.8669
478221142.595 2855.27 15.8736 58.4504 124.514 -4.38432 20.0657 137.133 53.0431 0.534366
479752686.664 3146.62 15.6904 58.5431 124.413 -4.29601 15.4994 332.495 38.9085 1.14126
480313148.666 3551.68 15.8543 58.45 124.503 -4.3851 34.7774 287.27 67.8785 349.356
481455932.721 3748.06 15.9165 58.4395 124.537 -4.39412 34.3709 212.72 84.3018 355.213
483924311.659 3814.65 15.8582 58.5141 124.503 -4.32104 18.9087 348.208 35.3733 15.6909
484501859.092 2769.71 15.794 58.5224 124.469 -4.31427 28.3682 348.642 47.7904 353.925
485872338.491 2687.1 15.5597 58.5057 124.347 -4.33628 35.5306 40.5357 80.9223 27.1249
486920626.226 3213.44 15.6293 58.3124 124.391 -4.5279 33.1979 279.018 73.5914 327.288
488666607.398 3006.35 15.7043 58.2665 124.433 -4.572 63.0884 15.0355 63.9881 33.3994
491765515.032 3011.4 15.5663 58.3463 124.357 -4.49543 7.57629 119.684 50.8452 336.553
492581076.786 3357.48 15.5369 58.3634 124.341 -4.47898 52.8697 282.24 75.1038 28.4886
494785806.579 3360.27 15.6759 58.5432 124.406 -4.29622 37.8642 236.978 85.0918 26.2113
513673628.469 2789.73 15.8156 58.4888 124.481 -4.34734 34.7744 298.994 84.2679 328.316
514769659.965 3087.71 15.6931 58.3801 124.422 -4.45887 3.36441 32.4657 46.8392 341.401
517470689.405 2619.19 15.6771 58.3055 124.416 -4.53371 14.7515 27.3226 67.8434 29.613
518072009.273 3577.5 15.581 58.3304 124.365 -4.51105 34.7209 105.814 84.5734 345.405
520597121.984 3511.17 15.8139 58.4485 124.482 -4.38764 21.5575 224.08 38.2814 347.821
524379789.697 3125.26 15.715 58.4817 124.429 -4.35682 43.48 103.764 41.9764 332.044
524454078.966 3265.38 15.6599 58.4049 124.403 -4.43484 40.5574 107.994 42.5997 331.093
541582429.341 3910.56 15.8378 58.3703 124.498 -4.46519 20.0266 325.578 67.5596 327.535
547453685.288 2765.03 15.6147 58.4857 124.376 -4.35511 27.1886 13.8046 45.0411 17.6911
553955335.245 3469.45 15.7902 58.4611 124.469 -4.37566 51.798 85.2785 79.7306 352.756
553999730.796 3612.06 15.7536 58.4795 124.449 -4.35817 18.2637 336.416 67.4228 30.4735
559183193.407 3432.42 15.7026 58.3737 124.427 -4.46505 38.5549 112.747 88.1248 330.457
564586671.539 3305.35 15.514 58.3331 124.329 -4.50982 12.0211 303.925 60.6911 341.6
565836774.12 3666.58 15.8278 58.3235 124.495 -4.51222 29.0199 163.107 45.47 21.2095
572161163.031 3365.62 15.6788 58.2989 124.418 -4.54034 57.9684 271.215 79.8908 350.412
578615643.317 3838.71 15.7466 58.3469 124.451 -4.49081 25.9893 61.4553 61.1659 3.3832
585360695.274 2625.81 15.5994 58.5527 124.365 -4.28856 26.6365 280.794 59.485 35.2053
585982428.041 3562.14 15.8137 58.3192 124.488 -4.51684 41.9132 265.796 86.2177 23.9323
