241086682.713 2025.32 15.6589 58.3767 124.404 -4.46301 29.975 278.205 57.6764 35.0734
244427657.707 1811.52 16.0476 58.3726 124.609 -4.4576 60.9754 141.888 77.9595 327.832
244919468.38 1826.58 15.3614 58.4357 124.246 -4.41047 4.07418 245.619 34.4515 11.6141
249267571.886 1915.35 15.5836 58.3003 124.368 -4.54104 12.4257 191.326 35.6046 15.3044
249818232.862 1845.91 15.6247 58.4257 124.384 -4.41479 2.61007 271.116 37.6523 12.4314
252056768.374 2402.82 15.7582 58.5085 124.45 -4.329 36.5764 335.088 71.3003 329.28
252457973.443 1678.67 15.5842 58.2111 124.372 -4.63014 22.4823 315.549 57.3285 333.087
252818155.33 1695.07 15.4577 58.4188 124.297 -4.42535 44.3913 200.141 68.8705 13.7778
253656844.089 1757.2 15.8741 58.3705 124.518 -4.4641 34.8847 2.97824 51.9673 328.952
253788856.125 1589.13 15.5078 58.4392 124.322 -4.4039 42.2417 357.139 58.5172 329.335
254166836.134 1900.97 15.6756 58.3343 124.415 -4.50501 57.5187 257.211 41.0348 345.986
254550054.985 1756.75 15.4301 58.3337 124.286 -4.51094 27.0037 122.368 50.0494 33.8649
254996766.675 2338.09 15.6543 58.5688 124.393 -4.27115 48.1681 96.6114 73.9447 32.2428
258176525.444 1619.88 15.9689 58.4298 124.565 -4.40248 8.63966 322.264 35.4269 343.382
258381887.583 1709.53 15.9187 58.4072 124.539 -4.42634 45.3155 79.6391 61.4387 29.4609
258967307.817 2394.74 15.3332 58.3562 124.234 -4.49053 13.8257 84.3588 39.6206 25.0782
260241109.906 2447.48 15.8349 58.4779 124.492 -4.35772 38.0145 206.608 75.2774 6.4423
260849180.91 1759.57 15.3863 58.4239 124.259 -4.42173 36.688 140.6 84.2104 3.34702
262158586.945 1852.11 15.4023 58.3679 124.27 -4.47734 48.7059 317.553 71.5574 326.509
268364105.694 2179.91 15.4491 58.566 124.286 -4.27848 40.6286 134.445 61.0577 341.787
270796115.181 1657.91 16.0912 58.4291 124.629 -4.40003 25.1524 71.3688 62.635 345.62
271771211.66 1597.61 15.803 58.3718 124.48 -4.4645 5.93363 185.872 37.3043 342.141
271840596.614 1947.21 15.3883 58.3553 124.263 -4.49026 36.5715 241.846 54.3826 326.061
273124478.155 1606.19 15.5001 58.5396 124.314 -4.30373 15.3432 96.3555 45.8062 1.88929
275855184.278 2248.1 15.5321 58.418 124.336 -4.42457 10.3515 296.802 49.5951 349.982
284288221.319 1864.72 15.7435 58.3195 124.451 -4.51812 27.8673 16.2718 76.0864 327.303
285939912.261 2276.78 15.9346 58.4902 124.544 -4.34296 51.4145 36.8355 71.778 327.684
288762506.082 1881.96 15.7973 58.3023 124.48 -4.53407 34.6727 346.043 83.1759 329.329
288797145.762 1664.7 15.6923 58.197 124.43 -4.64179 37.7896 2.08727 85.7212 332.751
289072264.485 1798.47 15.9408 58.34 124.554 -4.49285 34.0435 2.47583 78.6291 329.344
291416034.731 2016.25 15.8158 58.5776 124.477 -4.25862 11.4333 2.92618 39.5383 18.7609
291427758.304 2426.72 15.9046 58.5111 124.527 -4.32291 12.9603 317.868 40.5745 5.47948
292374313.911 1972.9 15.708 58.4208 124.428 -4.41776 39.4146 89.0588 73.6656 1.22854
296165785.177 1629.13 15.5905 58.5495 124.361 -4.29192 28.0787 220.65 54.2734 350.142
298403980.552 1714.35 15.6028 58.4647 124.371 -4.37634 29.4282 255.326 72.8798 326.929
300066629.837 1588.39 15.4695 58.3609 124.305 -4.48296 45.4037 226.382 63.387 330.345
304275970.704 2414.29 15.936 58.3796 124.55 -4.45343 18.5915 207.054 36.3365 340.685
305250572.616 1828.22 15.3754 58.3781 124.255 -4.46775 15.8896 149.834 41.4714 0.922511
309632677.966 1640.52 15.6943 58.3485 124.424 -4.49037 24.0885 118.279 43.0472 347.615
311311208.285 1677.7 15.8937 58.4032 124.526 -4.43096 36.8744 191.947 86.1145 30.616
313498265.271 1881.75 15.4359 58.3152 124.29 -4.52936 16.5694 111.142 34.7233 346.5
313623857.643 1890.73 15.628 58.3746 124.388 -4.46579 22.5005 197.18 41.6279 18.5876
315751606.339 1944.04 15.5728 58.4532 124.356 -4.3885 28.3103 242.228 77.4531 12.0837
316583819.318 2508.25 15.9755 58.4519 124.567 -4.38025 62.7959 257.56 74.7573 348.703
318836668.86 1677.46 15.7862 58.4336 124.469 -4.40321 28.5837 82.4548 47.6071 31.7924
323574942.685 2430.31 15.5147 58.4974 124.323 -4.34556 35.8543 306.04 56.9992 340.522
327433234.408 2043.8 15.5258 58.2861 124.338 -4.55644 35.5319 24.7046 52.3941 25.0179
334097041.824 2208.74 15.2814 58.4369 124.204 -4.41091 31.1885 75.6197 78.5032 2.41396
335025523.89 2191.32 15.8988 58.5664 124.521 -4.26781 40.8971 3.34814 87.6052 15.0343
335675129.981 2312.15 15.5654 58.4874 124.35 -4.35445 26.8068 172.451 60.0153 325.13
338670667.343 2356.74 15.9454 58.5715 124.545 -4.2615 42.2223 207.352 88.7012 20.7599
339853883.172 1601.79 15.8074 58.5524 124.474 -4.28395 32.568 294.0 76.5182 3.16062
340359159.217 2142.23 15.8958 58.5042 124.523 -4.32995 1.69504 159.082 49.1316 337.999
340598981.829 2288.51 15.6609 58.3742 124.405 -4.46548 35.6695 239.435 63.5305 14.6716
340977823.174 1806.67 15.5377 58.384 124.34 -4.45843 16.8512 209.184 38.5091 1.7165
341402576.98 1968.41 15.7913 58.5988 124.464 -4.23803 27.1926 133.78 42.6971 335.322
341414614.397 1631.76 15.673 58.2163 124.419 -4.62287 50.13 135.266 69.0291 328.272
341425469.365 2417.26 15.5264 58.3963 124.334 -4.44636 26.3845 133.546 41.5145 336.316
341447760.546 2366.13 15.6033 58.3786 124.375 -4.46232 19.4874 182.525 35.02 12.356
341458619.152 2053.67 15.9199 58.4897 124.536 -4.34386 40.612 200.216 58.0323 29.6643
341472088.988 1992.9 15.6073 58.3742 124.377 -4.46665 56.74 135.278 77.7325 328.521
341504769.965 2194.33 15.3467 58.3349 124.242 -4.51145 28.604 194.3 44.1492 25.5039
342124622.243 1764.12 15.5551 58.3692 124.35 -4.47286 22.9731 93.3415 46.5178 352.107
342125443.739 2466.63 15.5444 58.3679 124.344 -4.47437 55.4085 122.048 81.8425 333.285
342147348.077 1667.26 15.7242 58.2788 124.443 -4.55924 15.6328 94.8735 41.6711 1.45225
343062562.898 2342.32 15.4788 58.2336 124.315 -4.60991 46.2329 152.827 89.5517 20.8492
343258020.892 2179.64 15.7512 58.3718 124.453 -4.46576 31.1708 177.597 77.9745 31.8759
344073447.983 1673.04 15.6854 58.5174 124.412 -4.32182 36.7005 241.425 85.2604 8.99334
344488127.168 1696.1 15.8383 58.5473 124.491 -4.28837 31.798 102.096 75.085 327.909
344682779.093 1620.33 15.7848 58.3975 124.469 -4.43926 26.5658 92.8136 66.9848 325.528
344876788.51 2466.21 15.8423 58.3035 124.504 -4.53177 4.69845 251.179 51.8334 342.436
344888386.503 1805.51 15.8553 58.2891 124.512 -4.54582 1.48847 14.9018 51.1242 337.405
345014560.438 1779.9 15.8937 58.259 124.533 -4.57498 6.41322 83.7274 48.2523 334.343
345025995.39 2069.97 15.4147 58.5482 124.269 -4.29697 5.44001 85.1964 48.1437 335.409
345506966.547 2052.79 15.745 58.3949 124.449 -4.44282 15.866 156.676 39.4784 359.665
345564555.824 1667.75 15.291 58.3514 124.212 -4.49616 13.9814 111.005 36.8908 343.987
345679572.91 1619.58 15.7808 58.2528 124.474 -4.58393 27.4461 84.0073 45.5332 329.063
345827384.394 1712.89 15.8443 58.3833 124.501 -4.45199 34.5088 157.378 51.8079 23.9002
345839094.347 2131.6 15.5604 58.3144 124.355 -4.52744 25.0773 149.899 41.5724 17.1517
345896298.533 2357.62 15.7894 58.22 124.48 -4.61643 28.8449 150.439 44.8232 21.748
346984465.531 1981.3 15.5491 58.4195 124.345 -4.42266 40.9025 116.951 69.8044 33.9161
347112629.07 2469.45 15.8368 58.4754 124.493 -4.3602 45.4494 323.42 77.4003 341.151
347248190.451 1955.35 15.4133 58.5668 124.268 -4.27837 31.4151 115.514 66.3216 34.6008
347294004.685 2016.04 15.4538 58.4873 124.292 -4.35704 31.9138 114.982 67.7676 34.3651
347341459.066 1638.11 15.6554 58.4586 124.399 -4.38126 30.2783 302.835 67.2362 354.93
347811885.399 2160.97 15.4245 58.4015 124.28 -4.44339 42.9061 288.148 88.1371 343.153
347844994.162 2368.58 15.7184 58.4988 124.43 -4.33965 19.8447 206.603 69.7531 23.7789
348315276.966 1868.55 15.5388 58.5931 124.332 -4.24942 33.8749 216.578 83.855 17.0457
348638560.799 1942.97 15.7338 58.5848 124.434 -4.25338 36.167 20.0696 84.992 330.257
348774808.735 2460.09 15.3227 58.36 124.228 -4.48694 26.0367 262.951 75.574 343.615
349234706.677 2334.74 15.3862 58.4653 124.257 -4.38039 38.6539 48.8901 78.8197 330.307
349279440.569 1774.55 15.8695 58.3636 124.515 -4.47105 7.52267 282.999 57.549 336.962
349635650.96 1763.64 15.6213 58.4803 124.38 -4.36035 39.1806 42.2692 70.7154 326.451
349657672.408 1715.93 15.857 58.4369 124.506 -4.39815 4.42659 54.498 47.0035 337.345
350998410.605 1682.45 15.7769 58.3045 124.47 -4.53234 17.4041 11.6691 35.4577 357.447
351571413.178 1862.87 15.5374 58.2907 124.344 -4.5516 12.4497 315.543 45.6074 6.49187
351618093.033 2494.17 15.6758 58.5533 124.405 -4.28617 45.3245 307.294 75.1526 340.48
351766610.627 2365.26 15.9525 58.3267 124.561 -4.50588 26.529 292.816 59.9139 355.447
352420338.544 2296.19 15.4414 58.3581 124.291 -4.48638 40.0953 276.927 85.2635 347.173
352453795.05 1835.04 15.5648 58.3942 124.354 -4.44764 21.6843 195.218 70.7946 17.8653
352464574.012 2085.03 15.5929 58.3741 124.37 -4.46703 22.9783 105.901 71.8273 31.8015
352534894.85 2395.14 15.7035 58.3353 124.43 -4.50331 38.0266 269.325 84.827 349.623
353143778.519 1993.24 15.4983 58.4225 124.318 -4.42076 37.2772 325.777 86.6467 329.108
353165666.743 1617.16 15.8981 58.4186 124.528 -4.41539 30.9114 263.3 80.9533 339.544
353452896.697 1662.04 15.8056 58.4472 124.478 -4.38912 25.0304 310.773 73.8755 327.991
354082057.154 2105.78 15.6253 58.5677 124.378 -4.27294 25.3874 121.921 62.184 1.81667
354243785.38 1669.82 15.942 58.3929 124.552 -4.43999 27.703 347.381 59.7499 324.561
354288727.912 2114.55 15.6886 58.3463 124.421 -4.49266 9.62041 106.892 47.6563 349.787
354998362.351 1653.78 15.3679 58.2818 124.255 -4.56416 45.3699 48.9421 64.9593 27.2838
355286384.905 2073.5 15.609 58.335 124.38 -4.50583 33.8661 324.237 49.6297 332.24
356042730.821 1773.53 15.7931 58.256 124.48 -4.58047 33.877 291.521 58.8539 344.976
356820763.022 1736.27 15.3665 58.2974 124.254 -4.54852 17.1154 41.8831 63.8938 32.0921
357509001.122 1888.54 15.5703 58.3442 124.359 -4.49747 33.5988 72.5967 83.5499 21.0683
359399955.957 1900.04 15.7513 58.3386 124.455 -4.49886 57.4195 6.79898 82.5867 28.6226
359533268.733 1729.01 15.8564 58.2862 124.512 -4.54869 19.805 293.645 37.9875 336.96
365337433.072 2320.9 15.6381 58.1859 124.402 -4.65409 24.8859 269.319 52.7809 34.843
365372539.731 1670.29 15.9055 58.295 124.538 -4.53871 10.4135 159.371 44.5186 9.32631
367541112.318 1604.63 15.287 58.4088 124.208 -4.43888 45.4773 213.001 88.0536 337.777
368221986.395 1703.9 15.8446 58.2936 124.506 -4.5416 41.9791 134.869 55.2227 324.715
370701015.479 2316.29 15.6477 58.194 124.406 -4.64576 17.1152 75.4175 67.4765 33.2064
373853641.864 1979.89 15.8359 58.4669 124.493 -4.36872 16.9129 152.067 33.4943 7.39063
374299127.819 1782.04 15.3872 58.2801 124.265 -4.56544 56.3172 167.475 82.5086 31.3602
378941257.39 1912.0 15.7022 58.3703 124.427 -4.46843 11.5435 65.4757 38.7017 16.2185
379698220.19 2044.82 15.6757 58.4654 124.409 -4.37398 37.4842 293.986 76.6973 349.907
383282708.278 1734.57 15.8241 58.5014 124.485 -4.33458 62.2825 67.9085 88.001 30.8908
383747574.642 1715.06 15.3509 58.3623 124.243 -4.48403 48.2956 4.91317 46.6601 30.5057
388165287.529 1725.05 15.6719 58.4947 124.406 -4.34484 24.6461 284.892 48.4687 350.639
388393607.109 1660.81 15.5246 58.347 124.335 -4.49564 10.2687 357.517 45.198 26.6557
391889575.49 1591.68 15.4612 58.5859 124.292 -4.25837 50.6179 289.214 70.8126 327.678
394912861.36 2013.14 15.5241 58.3601 124.334 -4.48255 29.6666 65.3827 74.8211 352.218
395898492.274 2462.74 15.8654 58.5149 124.506 -4.32003 14.927 232.177 44.5709 331.69
400103480.632 1819.58 15.5573 58.2595 124.356 -4.58237 44.801 195.245 79.7407 330.139
400944283.584 1762.09 15.789 58.3259 124.475 -4.51071 27.5187 173.123 45.0169 329.84
401973678.921 1881.41 15.6955 58.2706 124.428 -4.56817 24.3164 213.986 48.6255 33.3085
402637338.35 2223.67 16.0138 58.4037 124.589 -4.42738 31.6248 208.619 70.5605 33.6882
404322598.473 1942.06 15.6116 58.37 124.38 -4.47074 26.1294 286.809 70.5098 356.351
405559612.163 1780.4 15.5846 58.4082 124.364 -4.43324 15.6312 161.887 34.481 354.075
413193719.368 1924.47 15.3712 58.3134 124.256 -4.53245 34.5263 12.1137 81.9902 329.855
415963211.583 2340.62 16.0406 58.4317 124.602 -4.39872 37.5252 303.12 65.7473 344.731
417875950.003 1809.15 15.9063 58.3435 124.536 -4.49022 25.0174 308.041 73.265 327.37
418251672.65 2195.27 15.6364 58.361 124.393 -4.4792 49.0965 70.1142 89.7028 21.4552
418870330.575 2276.52 15.775 58.3206 124.468 -4.5163 74.4938 49.0261 54.4662 10.4889
421038087.063 1741.14 15.858 58.5774 124.499 -4.25783 35.1886 351.772 74.5004 31.9259
421537710.242 1645.02 15.9637 58.4097 124.563 -4.42268 33.4773 123.444 80.9709 358.693
422477259.82 2404.02 15.5737 58.3768 124.359 -4.46482 21.3913 218.536 70.8098 329.799
423363634.105 2279.71 15.7952 58.4574 124.472 -4.37916 6.61042 342.46 43.793 344.529
425079545.425 2074.26 15.616 58.4368 124.379 -4.40392 7.09816 300.382 43.1525 23.65
426797147.27 1588.48 15.5247 58.458 124.33 -4.38473 30.9486 76.7697 80.5151 349.655
426911931.254 1751.2 15.7154 58.375 124.434 -4.46333 25.7725 99.0131 75.563 339.741
427015174.034 1975.88 15.7704 58.291 124.467 -4.54598 22.2016 209.108 71.6133 333.901
427484274.445 1859.99 15.7887 58.25 124.478 -4.58654 6.46477 130.375 56.2322 335.304
431456279.222 2419.56 15.7272 58.3937 124.439 -4.44443 30.6857 143.198 79.6162 327.854
435248912.104 1860.32 15.866 58.4674 124.509 -4.36748 42.0735 92.0848 88.5669 343.189
436725231.849 1594.12 15.7254 58.3074 124.442 -4.53073 8.16433 86.468 54.9626 331.753
441147278.301 2204.99 15.9812 58.3286 124.576 -4.50328 13.7428 17.2398 60.6997 328.998
442724286.557 1910.63 15.5804 58.2343 124.369 -4.60704 31.0116 116.556 46.9268 28.729
443558294.499 1830.2 15.8744 58.2173 124.525 -4.61714 46.14 87.3186 79.1706 30.9814
443662544.967 2239.65 15.7194 58.4086 124.435 -4.42973 7.5988 310.251 49.1571 13.2322
445253357.032 1735.43 15.7018 58.4168 124.425 -4.42197 26.0142 262.435 75.7805 341.423
446019588.813 1834.37 15.5329 58.2868 124.342 -4.55562 4.86708 178.429 50.9402 343.15
447527431.523 2398.08 15.5319 58.4404 124.335 -4.40214 58.6698 55.9751 82.6033 31.7825
447973645.307 1597.02 15.8135 58.41 124.484 -4.42609 39.2142 45.0497 65.868 34.7132
447973662.9 1746.46 15.715 58.3342 124.436 -4.50412 38.5079 44.8719 65.0683 34.9272
449828385.572 1682.25 15.4791 58.3722 124.31 -4.47143 25.3531 251.744 75.3742 336.39
453685134.764 1660.34 15.6942 58.1921 124.431 -4.64662 37.8062 346.274 85.7584 27.0699
456579432.477 1694.46 15.7597 58.2975 124.461 -4.53974 25.9504 310.819 42.7034 27.7143
456906411.89 1940.79 15.8724 58.2061 124.524 -4.62831 38.8957 201.046 60.657 339.393
457340124.043 1933.13 15.6936 58.3787 124.422 -4.46021 36.7236 62.8683 48.8567 8.33738
459746883.401 2316.84 15.3535 58.3272 124.246 -4.51909 32.206 355.146 67.0673 8.20109
459799712.075 2289.5 15.6014 58.3308 124.376 -4.51011 23.4196 211.69 58.2249 324.939
459982463.158 1624.74 15.4695 58.4914 124.3 -4.35255 21.2061 213.056 52.1844 326.198
460748595.368 1982.07 15.7953 58.5082 124.47 -4.32845 46.3464 193.986 64.9862 327.913
462273084.767 2475.0 15.5234 58.4758 124.329 -4.36695 8.99773 303.839 57.3667 28.2326
462283289.194 1651.95 15.6594 58.2537 124.41 -4.58588 49.0175 232.103 88.9465 23.0102
462994718.172 2332.62 15.4385 58.5165 124.283 -4.32809 38.7948 92.3353 87.7588 342.923
463801673.232 2221.35 15.5294 58.3153 124.339 -4.52722 26.7124 155.559 72.9534 326.704
465062874.99 1794.34 15.8321 58.4439 124.492 -4.3918 42.5498 242.085 63.2168 24.4976
466687245.46 1816.62 15.786 58.2908 124.475 -4.54587 32.5162 89.5529 67.8049 352.318
467086610.644 1690.0 15.6073 58.5135 124.371 -4.32745 16.5856 319.665 65.3976 18.3111
467533327.662 2187.14 15.627 58.2837 124.392 -4.55663 36.9286 36.9513 85.7624 348.968
469476122.155 2417.24 15.4982 58.4464 124.317 -4.39694 29.3831 199.305 51.4842 14.7162
471190337.025 1641.36 16.0036 58.3198 124.588 -4.51149 11.9656 149.453 52.4831 30.835
471214381.521 1701.81 15.7491 58.4738 124.447 -4.36386 35.3239 344.965 69.4976 349.525
471292823.731 1943.01 15.4283 58.4648 124.28 -4.38 23.305 135.883 62.4144 34.9317
472769867.301 1614.56 15.7177 58.235 124.441 -4.60319 25.0737 354.933 74.429 328.78
473590921.607 1649.81 15.5944 58.4001 124.369 -4.44105 51.9965 170.847 85.6776 23.2006
473661127.565 2120.56 15.4766 58.2416 124.314 -4.60203 14.806 54.1177 49.3065 328.807
475477111.768 2499.24 15.6855 58.3988 124.417 -4.44034 15.1804 84.9536 46.2063 29.7742
475727645.999 2492.72 15.5578 58.2628 124.356 -4.57907 44.3514 83.7622 77.6312 31.1438
475957419.113 1612.26 15.8457 58.4397 124.499 -4.39564 7.97488 239.061 56.0738 18.3289
478245350.514 2293.84 15.5285 58.3768 124.336 -4.4658 37.1938 11.7763 66.9852 325.343
478929197.544 1759.4 15.3968 58.2613 124.271 -4.58398 36.8817 77.5799 54.7839 24.4511
479901078.056 1831.31 15.6444 58.6098 124.386 -4.23041 10.6564 338.789 40.0241 11.096
480911427.274 2052.11 15.6324 58.4737 124.386 -4.36673 62.2189 57.4732 73.5705 33.0262
480985940.936 2353.46 15.7294 58.5724 124.433 -4.26586 48.6941 66.957 72.549 31.9545
481368245.817 2216.98 15.3089 58.4236 124.219 -4.42361 39.3179 43.4818 88.7483 29.0485
482142753.074 1789.81 16.0781 58.4056 124.623 -4.42383 20.2158 294.883 67.9271 327.643
482189278.787 2395.3 15.736 58.5359 124.438 -4.30221 41.2873 340.66 84.3846 334.621
483444911.707 1869.74 15.9379 58.4715 124.546 -4.3616 18.1972 326.814 36.6849 340.246
484625929.384 2446.02 15.7151 58.3867 124.433 -4.45171 48.6644 345.725 76.7654 32.0104
484906975.942 1850.8 15.4127 58.4479 124.272 -4.39721 1.64399 188.451 49.7476 19.8356
485506355.817 1838.17 15.6448 58.5752 124.388 -4.26503 27.3202 22.9716 70.3846 31.6278
485699855.04 1627.13 15.9672 58.2726 124.571 -4.55953 38.0213 340.339 85.9108 26.5909
486806571.531 1691.11 15.3597 58.4521 124.244 -4.3941 38.0226 287.859 80.4006 331.248
487547636.094 2059.01 15.5611 58.535 124.346 -4.30705 18.19 3.57882 47.3626 1.1983
491205387.113 2030.61 15.5995 58.2845 124.377 -4.55648 43.8632 88.0344 69.6204 342.346
492592629.987 1834.44 15.4599 58.2535 124.305 -4.59049 47.7493 284.398 68.4162 27.3959
494364321.381 1634.35 15.7096 58.5426 124.424 -4.29603 9.84574 11.4621 59.3704 21.2491
501769414.975 2112.8 15.4347 58.3957 124.286 -4.4489 53.2865 179.893 75.1353 28.9196
501793815.343 1807.84 15.3571 58.4066 124.245 -4.43964 25.2833 106.515 42.1106 332.566
505593473.402 2194.64 16.0441 58.3175 124.609 -4.51278 2.90772 142.862 47.5745 341.322
508179368.088 2485.66 16.0648 58.447 124.614 -4.38291 42.2814 70.9301 84.72 25.2741
510477470.063 1731.36 15.343 58.5173 124.232 -4.32939 49.6692 86.3554 76.8377 23.6022
510763579.292 2287.23 15.7781 58.2237 124.473 -4.6131 30.174 82.2037 49.5377 17.7635
510912412.373 1617.63 15.9553 58.5221 124.552 -4.3107 19.1652 62.4356 37.1665 7.70652
511712580.614 1830.55 15.6097 58.436 124.375 -4.40491 22.7523 318.776 43.3742 349.999
517259761.327 1623.21 15.9191 58.431 124.538 -4.40258 12.85 95.9825 61.1668 18.6903
517854548.94 1783.76 15.5639 58.5406 124.347 -4.30144 34.3197 92.2167 83.5521 358.489
519420964.191 2274.75 15.7183 58.3182 124.438 -4.52011 23.6942 258.875 54.0371 325.218
521607142.516 1689.88 15.3667 58.5051 124.245 -4.3411 16.3082 283.139 58.3463 33.5267
521745230.711 2085.57 15.7074 58.5424 124.422 -4.29637 22.829 101.119 64.6255 4.32857
522052864.704 2474.62 15.6749 58.2079 124.42 -4.63134 18.5747 348.624 68.1604 29.6187
528019708.907 2402.24 16.0204 58.427 124.591 -4.404 40.3201 123.45 63.7507 326.918
535661348.74 1755.88 16.0609 58.4307 124.612 -4.39922 19.5981 142.421 69.341 33.4644
536748334.381 2377.17 15.7353 58.2443 124.45 -4.59353 28.7439 249.559 77.4328 351.549
538998704.941 2481.43 15.7598 58.5325 124.45 -4.30505 16.3868 65.3447 36.0146 16.9558
549537473.355 2493.25 15.646 58.3504 124.398 -4.48966 32.3157 338.457 78.869 31.2725
555801435.6 2236.31 15.8966 58.2931 124.533 -4.54092 25.8862 200.566 60.0209 324.609
556913837.484 1637.26 15.9814 58.5453 124.565 -4.2868 24.3011 255.719 40.0525 21.1337
559286051.335 1731.72 15.5715 58.2424 124.364 -4.59918 35.4483 113.338 85.0873 329.972
566059472.108 2092.0 15.4999 58.3294 124.322 -4.51385 28.7357 151.953 44.2598 25.1327
567537481.177 1942.26 15.8496 58.4679 124.5 -4.36748 47.8882 117.501 86.0592 24.2488
567852531.755 1640.76 15.5497 58.3022 124.35 -4.53991 32.6793 176.365 72.528 31.3076
567937563.911 2266.51 15.4397 58.5196 124.283 -4.32508 48.4049 135.691 82.5859 29.5183
568373697.162 2070.72 15.8087 58.4017 124.481 -4.43455 33.8255 258.19 83.8628 353.305
571428191.557 2307.37 15.6018 58.482 124.369 -4.3591 49.8612 85.6102 73.18 33.002
571823721.765 2488.17 15.3378 58.3838 124.235 -4.46291 25.6771 261.444 58.665 2.7858
578491855.595 1777.91 15.9012 58.5291 124.524 -4.30503 43.4091 325.714 80.1326 330.915
580237337.031 2153.03 15.7347 58.3278 124.446 -4.51016 27.6463 24.8458 44.8953 30.8446
581802357.267 1963.04 15.7353 58.3384 124.446 -4.49958 29.4146 38.3638 79.4127 25.1482
583533530.418 2219.59 15.8084 58.2502 124.488 -4.58593 35.6658 352.612 61.8435 15.8201
587385323.762 2505.93 15.7408 58.2758 124.451 -4.56192 24.9408 184.486 68.3831 325.846
