0 125.892541179 2.81 3.31361365865 1261.7057724 2460.28 144981.449211 1.46774942424e-06
1 199.526231497 1.81 6.78292112852 1887.80904388 4112.6 77460.9092255 2.74078783204e-06
2 316.227766017 1.11 8.06799241257 1424.24040222 3477.17 31162.7403221 2.92891284623e-06
3 501.187233627 0.72 10.716358833 1148.06345367 2912.98 11477.2354164 3.28613843526e-06
4 794.328234724 0.46 9.48771501843 565.64315033 1493.66 3554.36318588 2.34142797099e-06
5 1258.92541179 0.3 11.3681957972 371.647098541 975.701 1068.75559998 2.19252577518e-06
6 1995.26231497 0.22 11.0245887595 190.031663895 499.326 297.116756439 1.6817369326e-06
7 3162.27766017 0.16 9.934993173 106.965690613 232.916 115.918793678 1.23393520835e-06
8 5011.87233627 0.1 5.45450681666 23.4333543777 65.4036 18.4568653107 5.57692373441e-07
9 7943.28234724 0.1 6.46128819716 19.1973190308 39.7936 8.82760596275 5.40057957439e-07
10 12589.2541179 0.1 2.27555140851 4.64752984047 7.92833 4.17129659653 1.70111458211e-07
11 19952.6231497 0.1 4.69128721559 6.59811663628 10.0254 1.97813501954 3.40571210497e-07
12 31622.7766017 0.1 1.29189516359 1.31164243817 1.88679 1.0308046639 1.00035586367e-07
13 50118.7233627 0.1 5.64645729787e-06 4.03821468353e-06 5.74253e-06 0.511477708817 4.77335814556e-13
14 79432.8234724 0.1 5.21587800232e-06 2.55554914474e-06 3.53903e-06 0.240056585521 4.68243965658e-13
15 125892.541179 0.1 0.189118504379 0.0669918656349 0.0937963 0.12548045814 1.97949545581e-08
16 199526.231497 0.1 4.98571915449 1.30677229166 1.82601 0.0686980187893 6.13394579566e-07
17 316227.766017 0.1 2.52657188924 0.432397097349 0.597719 0.0292888432741 3.20154868246e-07
18 501187.233627 0.1 3.24668771102e-06 4.22820448875e-07 5.74044e-07 0.0169601985253 4.96302684311e-13
19 794328.234724 0.1 15.768233743 1.20321679115 1.59345 0.00582266319543 2.28543877574e-06
