242863729.247 3105.33 225.715 -58.0866 319.599 0.467583 33.5733 128.817 64.2195 182.575
245443127.275 2832.4 225.934 -58.0534 319.717 0.440473 59.7334 313.301 86.2366 153.503
245754918.434 3221.4 226.029 -58.0278 319.773 0.438413 41.7331 84.1991 72.6317 182.157
247901634.626 3479.34 226.067 -57.8979 319.854 0.542041 47.4353 26.0254 70.3709 214.329
249517913.359 2888.1 225.915 -58.0865 319.692 0.41657 20.0813 123.645 44.9253 185.534
250285756.061 3268.33 225.73 -58.0611 319.618 0.486137 23.4663 301.209 58.4813 154.25
250353429.314 3680.64 225.837 -57.9354 319.729 0.568667 52.7374 6.88581 82.5869 152.247
250365746.901 3028.19 226.037 -57.9802 319.8 0.477886 29.4347 327.09 63.2646 147.779
252431843.852 2787.45 225.923 -58.0846 319.697 0.415937 26.6962 304.634 54.4807 178.656
255459894.023 3680.54 225.983 -58.0462 319.743 0.434218 41.9792 325.131 77.0336 156.717
256872564.337 2671.3 225.994 -58.0105 319.766 0.462466 20.3554 205.06 53.2205 210.55
258041537.493 3840.98 226.112 -58.0772 319.788 0.373774 20.1332 46.913 39.6849 159.074
258248730.568 2891.73 225.981 -58.0116 319.759 0.464803 20.9561 204.887 40.5785 198.445
267512282.733 3338.87 226.069 -58.0808 319.766 0.381917 68.5105 126.804 33.6876 181.362
271309045.488 3185.99 225.794 -58.0126 319.672 0.512135 39.6598 185.048 60.1703 159.961
271355448.649 2765.32 225.916 -58.0415 319.714 0.455422 22.4512 128.66 40.3014 176.654
271813534.363 3081.02 226.113 -57.9221 319.864 0.508886 43.8101 218.132 60.4312 150.444
271900431.3 3826.68 225.755 -58.1167 319.603 0.430872 49.2598 103.27 32.6481 182.631
271985542.633 3504.76 225.754 -58.0087 319.655 0.525864 43.3141 226.642 59.9615 148.56
274391356.672 3951.93 225.901 -58.1483 319.655 0.366102 35.6819 15.6449 85.0576 211.92
275049094.559 2787.98 225.846 -58.1514 319.628 0.377436 38.9586 186.18 79.5497 168.557
279397417.3 3863.09 225.83 -57.9361 319.726 0.569641 27.2407 229.513 75.4425 182.846
280131952.863 3836.58 226.021 -58.0707 319.748 0.403112 6.26582 290.592 46.5024 194.54
281325772.338 3972.0 225.909 -58.0822 319.691 0.421706 56.0146 44.1443 77.2777 210.601
282850739.977 3396.58 225.922 -57.9569 319.758 0.527859 40.5845 263.801 81.8414 188.991
283355268.357 3360.83 225.971 -57.9324 319.792 0.53681 33.681 272.132 83.5967 182.365
284262922.264 3376.68 225.71 -57.9332 319.671 0.60304 28.213 91.9511 70.1645 214.356
285476832.065 2772.42 226.102 -57.9314 319.854 0.503713 38.9165 24.4933 56.3792 154.294
286338209.062 2593.29 225.65 -58.1089 319.558 0.464669 30.8473 167.434 52.1711 195.938
293392495.024 3722.63 225.731 -58.0194 319.639 0.522269 38.4511 71.3333 81.026 169.285
296960167.276 2759.35 225.716 -57.9054 319.687 0.625843 29.2824 83.2397 78.4528 169.775
299346465.133 3885.37 225.696 -58.1356 319.567 0.429495 16.7831 221.252 33.6872 181.242
301962371.884 3007.9 225.92 -58.1258 319.675 0.380687 33.7579 72.1769 83.4323 198.738
305154615.86 2828.67 225.686 -58.1282 319.566 0.438516 56.2987 282.046 88.9721 152.798
306842725.971 3086.32 225.82 -58.1723 319.607 0.365647 32.069 124.558 80.6945 182.286
308403262.04 3887.41 225.809 -58.0335 319.669 0.48993 22.095 349.228 40.4345 207.265
309193038.257 3459.35 225.636 -57.9408 319.633 0.615307 46.5542 315.12 67.0173 146.037
311110984.049 3867.87 225.857 -58.0891 319.664 0.429031 39.0296 57.3981 88.574 210.975
316294490.193 2972.51 226.012 -57.9353 319.81 0.523689 27.3984 291.469 74.1663 185.22
319213658.726 3005.61 225.86 -58.1257 319.647 0.396336 46.0901 129.068 62.7478 184.169
321755826.396 2866.31 225.911 -58.0078 319.728 0.486331 53.0378 140.342 82.8238 210.201
322024176.329 3390.83 225.825 -57.9219 319.73 0.583624 14.9426 224.351 39.8415 204.743
323056799.967 3289.59 225.812 -57.9067 319.731 0.600018 52.5018 214.931 70.3555 207.25
325529549.795 3057.31 225.827 -58.0935 319.648 0.4328 39.0379 185.398 83.8556 206.846
325620945.194 2601.55 225.859 -58.1549 319.633 0.370958 70.4161 215.141 75.0319 212.726
334009183.559 2918.51 225.875 -58.1572 319.639 0.364846 37.7052 72.3857 86.9148 197.185
335523212.197 3522.47 225.61 -57.9783 319.603 0.589248 12.6807 310.447 47.1983 209.496
336267410.275 2863.94 225.99 -57.924 319.805 0.539309 32.7852 243.096 49.0057 155.931
339170016.184 3862.09 225.845 -58.14 319.634 0.38754 24.4083 78.901 74.3254 203.062
339329369.346 2520.0 225.941 -57.8785 319.805 0.591484 41.0676 199.831 86.4874 164.784
339834890.317 2690.3 225.749 -58.0568 319.629 0.485058 5.97223 161.21 53.2281 197.525
340500097.757 2917.7 225.92 -58.097 319.689 0.405898 18.1389 348.555 40.8194 206.927
341645550.413 2984.65 225.784 -57.8929 319.725 0.619493 23.1054 328.791 44.4521 148.638
343129048.351 2948.59 225.938 -57.8901 319.798 0.58218 40.5664 344.285 89.3038 155.595
350119938.58 3052.7 225.697 -58.0405 319.613 0.512486 42.133 127.4 59.3191 212.471
352289369.559 2683.54 226.051 -57.9276 319.832 0.520117 39.9414 90.5406 88.1878 154.945
353621492.726 3040.26 225.891 -58.1235 319.663 0.390152 12.7757 340.829 56.2275 191.127
374193720.145 2951.5 226.038 -57.9021 319.838 0.545939 63.1169 323.486 72.3837 146.208
374984471.016 3204.93 225.948 -57.9087 319.793 0.563488 54.7441 324.39 72.1173 146.163
375703850.903 2605.58 226.158 -58.0182 319.838 0.413402 40.0598 49.5103 89.4503 210.168
376435424.277 3097.2 225.711 -57.9575 319.66 0.581695 27.7591 291.782 69.8974 179.888
377975295.316 3025.07 225.725 -58.0804 319.607 0.470567 62.8548 15.8886 86.3779 148.029
379048807.917 2572.82 226.025 -57.9738 319.798 0.486564 49.2483 142.7 83.4974 201.281
379498622.038 3179.74 225.987 -58.1193 319.709 0.369338 43.9757 53.2183 87.0316 156.443
379694348.117 3047.53 225.858 -58.0339 319.691 0.477111 22.2187 356.864 71.3228 148.417
382812484.33 3035.45 226.11 -58.0773 319.786 0.374392 51.6571 264.93 44.8082 198.8
382995475.336 3115.8 225.756 -57.937 319.69 0.588053 18.5257 162.811 38.6272 183.976
383059502.715 2580.9 225.96 -58.023 319.743 0.460463 57.6591 182.108 82.8295 208.487
387499233.148 2515.31 226.179 -57.9818 319.865 0.439829 61.4425 220.898 76.9076 208.824
387578707.489 3705.39 226.088 -57.9471 319.84 0.493649 26.7467 208.267 45.6879 194.606
388403651.233 2846.29 225.658 -57.9169 319.655 0.630849 35.9332 245.448 72.5864 190.049
388999086.234 3231.79 225.692 -57.921 319.669 0.618374 31.8215 290.605 79.5804 179.158
391827529.888 2765.94 226.065 -57.9678 319.819 0.481488 55.4035 175.073 76.2581 147.59
393981178.984 2792.05 225.934 -57.9879 319.748 0.49784 38.1981 159.546 87.7694 148.654
396938484.398 2983.65 226.118 -57.9392 319.858 0.492707 42.3357 348.725 65.2838 201.756
401520749.463 3395.27 225.749 -57.9222 319.695 0.6027 59.4648 23.9334 86.2469 208.833
403594744.881 2867.81 226.105 -58.0027 319.82 0.440722 36.9173 4.45755 84.3181 208.471
403650450.206 3695.29 225.898 -57.9977 319.727 0.498325 25.7626 119.96 74.5544 192.827
408351430.396 3475.49 225.877 -57.9413 319.745 0.553259 31.3568 289.497 77.4944 179.441
411247290.855 2611.01 225.684 -58.0866 319.585 0.475587 32.873 47.366 67.0367 145.016
415558283.643 3613.74 225.88 -58.0934 319.672 0.41932 41.0513 97.7831 69.0207 145.535
419430248.374 2810.83 226.048 -58.0659 319.763 0.400298 44.4875 248.983 79.0901 211.015
419966548.228 2766.01 225.862 -58.0996 319.661 0.418473 39.5187 257.096 41.2491 154.537
421066400.395 2880.2 225.659 -57.9528 319.638 0.599114 40.1463 251.904 86.0205 194.032
421168896.899 2762.39 226.114 -57.9227 319.864 0.508118 30.3734 324.486 78.5712 175.783
422714911.83 3068.59 225.812 -57.9603 319.705 0.5533 6.98537 240.871 50.8722 207.562
423834960.7 3135.98 226.119 -57.9336 319.861 0.497464 20.1235 147.604 63.6249 149.179
424757213.737 3974.3 225.898 -58.0416 319.706 0.460052 19.9899 156.768 48.9697 180.357
425906914.258 3869.27 225.961 -58.0162 319.747 0.466093 28.8864 123.952 78.7631 159.924
426286414.007 2707.83 225.932 -58.1554 319.666 0.351834 34.7906 335.957 84.4539 211.148
430044030.799 3647.28 226.128 -57.9786 319.843 0.455755 18.3531 133.309 63.7465 153.778
431320732.174 3431.27 226.034 -58.0836 319.748 0.388447 67.2991 71.9469 78.5987 176.906
438391377.516 2567.42 226.039 -58.1452 319.72 0.333319 34.2229 353.666 59.7794 144.393
438786068.147 2641.5 225.866 -58.1091 319.658 0.409081 23.4255 354.602 59.5862 144.689
442847402.981 3530.33 225.985 -58.0297 319.752 0.448023 31.0704 46.0445 53.7497 144.91
443065265.172 2973.05 226.043 -58.0449 319.771 0.419872 28.533 309.204 42.7459 161.3
444661826.677 2781.2 226.11 -58.1054 319.773 0.349747 61.9012 273.236 81.3007 196.169
445204118.05 3195.91 225.621 -58.0111 319.592 0.557728 43.4662 340.341 86.6749 163.013
448630149.149 3156.68 225.829 -58.067 319.661 0.455598 57.8546 241.875 78.4491 177.814
450842217.705 2556.31 226.045 -57.9278 319.829 0.521598 50.5574 117.457 73.7606 153.595
451495832.794 3321.65 225.955 -58.1408 319.684 0.35884 48.6484 207.835 66.8354 209.93
452490232.268 2686.64 226.089 -58.1224 319.755 0.34018 39.7469 239.444 72.9521 194.416
455132150.057 2679.22 225.646 -57.969 319.624 0.588214 26.605 226.842 53.1906 215.326
457508945.427 2866.93 225.986 -58.0433 319.746 0.43596 10.4282 86.3112 63.6004 160.975
457531406.53 3561.66 226.07 -58.0345 319.789 0.422095 10.6041 167.171 64.2885 150.433
457930417.448 3308.6 226.015 -57.9568 319.801 0.504136 40.7036 217.702 89.0231 156.458
458573099.176 2849.45 225.646 -58.1109 319.556 0.46385 28.9052 92.6932 78.1407 191.052
459087841.635 2644.74 225.962 -58.016 319.748 0.465894 10.8852 84.8425 59.3791 198.497
461408174.991 2983.47 225.74 -57.8971 319.702 0.626991 13.4562 13.6718 45.676 174.638
466872830.784 3578.57 225.836 -58.1488 319.625 0.382211 22.8867 154.961 71.6381 164.335
469926091.918 2733.74 225.818 -58.1504 319.616 0.385373 31.9558 48.7049 48.3612 202.443
471701523.483 2878.25 225.732 -58.0988 319.601 0.452463 30.6383 357.361 84.2647 148.976
471892822.072 2797.37 226.068 -58.1194 319.746 0.348314 39.5412 124.96 88.9815 208.541
472784425.022 3840.3 225.817 -57.905 319.734 0.600401 13.4959 134.922 60.9666 210.811
475109211.387 2551.8 225.932 -57.9499 319.766 0.531427 22.5687 314.81 42.7881 160.016
479608201.453 2893.75 225.782 -58.0728 319.637 0.462425 70.1507 249.305 73.159 201.921
480332228.838 3068.4 225.942 -58.167 319.665 0.339064 16.6536 68.2205 63.5546 147.756
480561820.7 2752.88 225.945 -57.9878 319.753 0.49516 28.39 279.634 75.0161 175.628
480596289.78 3398.82 225.944 -57.9982 319.748 0.486216 32.6826 267.83 78.9941 181.877
481178579.663 2789.21 225.763 -58.113 319.609 0.432183 36.1189 355.92 85.8599 162.083
482151003.343 3820.82 225.819 -58.0619 319.659 0.462687 9.11812 0.51803 54.2867 194.361
483110594.592 2523.03 225.8 -58.0175 319.672 0.506228 19.7956 131.833 36.6886 171.633
484253889.953 2657.83 225.62 -58.0638 319.566 0.511701 29.1667 241.846 56.409 190.263
485534088.524 2665.21 226.018 -57.9727 319.795 0.489345 31.1476 321.495 85.4557 192.521
486403100.919 2605.28 226.058 -58.0719 319.765 0.392478 12.933 330.029 62.9809 205.434
490025107.861 2559.69 225.943 -57.8827 319.804 0.58735 31.0079 107.091 80.5452 170.857
490103908.84 3679.7 226.108 -58.0122 319.817 0.431717 35.7357 183.035 85.1843 147.889
491923876.338 3715.43 225.63 -58.0626 319.571 0.510292 48.0105 283.37 71.9987 213.78
493783437.298 2707.83 226.048 -58.0925 319.75 0.377067 50.2274 276.352 87.6774 154.75
500038032.438 2967.91 225.694 -57.9787 319.642 0.567353 67.1134 46.5767 70.5388 213.752
507920851.797 2879.65 225.729 -57.9356 319.678 0.596342 17.6837 5.96994 66.9581 149.743
508688518.187 3215.19 225.704 -58.1043 319.585 0.454971 33.0587 221.346 82.8352 209.084
509226419.002 3621.84 225.725 -58.0883 319.603 0.463529 37.426 129.65 80.5309 209.258
516651718.384 3877.35 225.853 -58.1093 319.652 0.412394 3.77924 26.1334 53.2429 159.064
520172421.106 3801.55 225.697 -58.0529 319.607 0.50167 38.4928 264.112 55.3269 206.561
520821382.293 3059.76 225.819 -58.0402 319.669 0.481723 54.0883 221.504 84.1358 150.099
524902064.714 2685.33 225.933 -58.1393 319.674 0.365757 18.1112 273.26 36.7277 159.378
525061501.934 3045.62 225.748 -58.0538 319.63 0.487919 32.8893 258.349 53.461 145.504
525917932.539 3250.84 226.059 -58.0804 319.761 0.384753 30.6197 266.516 70.3952 145.882
527324871.409 3480.31 225.813 -58.1587 319.609 0.379602 67.2508 64.2419 77.9511 181.291
528923764.865 3614.51 225.637 -58.0112 319.599 0.553687 44.2027 287.658 62.5496 151.501
531164399.307 3249.71 225.892 -58.0681 319.689 0.43862 35.9697 90.6462 84.8504 188.861
533506882.839 3217.06 226.078 -57.966 319.826 0.479715 22.5124 39.1534 37.6615 202.152
546720291.103 3616.05 225.619 -58.0101 319.591 0.559148 22.3614 111.91 46.4314 172.755
548318191.323 2682.78 225.71 -58.0235 319.627 0.524232 54.5394 178.266 86.1807 151.369
550558652.969 3580.68 225.961 -58.0589 319.726 0.428932 48.5003 144.095 88.6821 158.952
550662635.216 3598.7 226.155 -58.0044 319.842 0.426363 8.26476 78.4129 55.1548 196.526
551941727.917 3255.64 225.747 -58.008 319.652 0.528376 18.2675 224.791 33.2645 172.516
553009273.963 2696.19 225.89 -58.0793 319.683 0.429364 32.5344 160.996 50.8311 148.583
557893695.862 2868.69 225.819 -58.06 319.66 0.464487 6.94481 184.003 56.7087 154.628
560807794.455 3925.38 225.925 -58.1254 319.677 0.380063 17.6528 299.048 35.1303 176.518
562110425.898 3320.65 225.832 -58.1033 319.645 0.423114 26.9974 62.9861 58.4534 186.022
571118619.588 2580.1 226.022 -57.9847 319.79 0.478029 11.2177 203.283 45.3839 173.122
571706039.55 2749.31 226.119 -58.1032 319.778 0.349389 18.4622 45.7178 63.8484 146.628
573323145.912 2609.7 225.937 -58.0865 319.702 0.410859 45.763 6.00411 87.2366 161.213
576499726.42 3398.25 225.895 -58.0543 319.698 0.449933 27.4603 284.856 73.7355 175.026
578340029.798 3059.33 225.943 -57.9763 319.758 0.50565 15.3022 195.567 50.8044 212.198
587792424.234 2516.52 226.062 -57.9716 319.815 0.478994 35.3429 204.718 59.5656 163.177
