247383373.491 7095.74 225.774 -58.0763 319.632 0.461413 54.6684 303.399 84.0927 163.704
250365738.296 7830.88 225.844 -58.0839 319.66 0.436868 29.4948 327.477 63.2989 147.793
251983982.766 6925.77 226.035 -58.0353 319.772 0.430184 51.6882 314.334 81.2491 166.6
255220072.887 7211.85 225.85 -58.0429 319.683 0.471283 52.0621 265.186 84.4823 191.942
271607852.948 6777.91 225.999 -57.9958 319.775 0.474164 8.95171 217.008 34.8247 177.771
289367220.725 6868.75 226.038 -57.9734 319.804 0.483534 15.7614 147.036 49.8722 212.137
335717182.209 7305.72 225.787 -58.0817 319.635 0.45344 28.892 204.83 54.0884 168.219
381260005.721 7377.12 225.909 -58.0165 319.723 0.47908 26.1488 259.458 53.4479 197.331
384517441.114 8684.99 225.931 -58.0222 319.731 0.468505 37.5719 89.4814 85.9876 151.512
415382947.019 7973.8 226.039 -57.9963 319.793 0.463359 53.8863 262.504 72.5424 203.315
456564774.261 6570.06 225.952 -57.9474 319.776 0.528547 50.3641 135.055 74.2382 146.541
458665015.733 7386.89 225.988 -57.9994 319.768 0.473679 22.8554 49.4466 72.812 203.806
461990942.744 6668.78 225.836 -57.9766 319.709 0.532744 12.5469 114.556 60.594 162.325
477692977.252 8657.91 225.997 -58.0932 319.727 0.389392 21.2825 352.128 57.3492 180.452
506299379.453 7288.12 225.775 -57.9453 319.695 0.575867 21.5711 107.648 35.9998 195.503
508320655.825 7135.83 225.92 -58.0679 319.703 0.431631 31.2142 7.22983 80.9383 149.196
508583502.236 9905.8 225.908 -58.0801 319.691 0.424035 39.7235 6.06155 89.3596 149.442
510515970.616 6386.23 225.872 -58.0407 319.694 0.467654 16.3161 102.1 34.1488 183.341
510688378.178 7191.1 225.841 -58.0481 319.676 0.469019 49.5746 162.395 68.3975 212.532
522777467.636 6938.44 225.855 -58.1126 319.651 0.409066 23.0793 91.2595 71.7389 194.681
534161911.112 7706.98 225.925 -57.9405 319.767 0.541609 60.0889 6.92436 85.7403 148.541
550656398.17 6836.61 225.938 -58.0673 319.711 0.427319 27.2972 126.336 65.8095 177.909
573071957.764 8675.95 225.756 -58.0056 319.657 0.528032 40.7898 340.418 86.2344 165.37
