250228242.437 4024.13 225.857 -57.9466 319.733 0.553616 23.7744 317.098 57.8544 149.822
252661827.526 4058.18 225.976 -57.952 319.785 0.5184 9.04487 174.156 41.8474 203.004
253223619.95 4152.72 225.969 -57.9794 319.769 0.496085 2.88123 121.006 33.3323 188.295
256883737.704 5692.95 225.713 -58.0415 319.62 0.507484 16.0264 252.222 51.0461 201.179
260900526.496 5638.84 225.988 -58.0496 319.743 0.430024 52.4723 179.605 85.0054 206.091
289356642.09 5413.97 226.055 -57.9739 319.811 0.478801 50.2457 129.373 81.9768 209.96
297694477.085 4211.62 225.939 -58.073 319.71 0.421971 33.4651 108.698 81.0751 177.778
348538984.718 4387.99 225.766 -57.9949 319.667 0.534889 40.498 85.9284 85.7994 205.094
386524810.106 3987.71 226.043 -58.0007 319.793 0.458388 14.5548 145.405 38.3464 201.169
389858266.971 5139.48 225.871 -57.9742 319.726 0.525935 31.961 64.7855 79.4052 180.132
390757780.542 4481.5 225.988 -58.0823 319.728 0.401258 13.6234 115.502 47.8706 185.438
433631501.51 5102.08 226.005 -57.9472 319.801 0.515071 35.571 295.219 57.5056 144.684
439685814.501 5550.21 225.904 -57.9547 319.751 0.53435 33.8721 169.219 87.3467 197.041
444789177.718 5788.87 225.938 -57.9941 319.747 0.491378 43.6875 101.175 87.2275 206.748
450499084.574 4350.6 225.888 -57.9496 319.746 0.542986 54.9793 111.554 85.446 154.219
453162482.804 5946.74 226.042 -58.0515 319.767 0.414465 38.121 164.473 84.3414 152.903
479395150.642 4613.28 225.968 -58.0571 319.731 0.428589 31.0565 100.439 52.4043 145.432
479486482.78 4115.15 225.878 -58.0434 319.696 0.463622 32.6745 102.572 55.8248 144.622
480699347.287 6197.64 225.865 -58.0651 319.679 0.447915 36.8028 259.877 84.0221 188.87
527387494.024 4813.11 226.068 -58.0252 319.792 0.430652 44.2803 91.443 80.7988 173.495
536511529.122 6201.41 226.03 -58.0444 319.765 0.423839 29.8812 294.857 76.3256 181.991
539653035.064 4267.12 225.774 -57.9891 319.673 0.538041 9.26352 16.0 57.811 158.341
546618327.543 4992.02 225.881 -58.0262 319.705 0.477983 18.9611 187.056 46.0877 211.496
551724781.948 5439.49 225.993 -58.0635 319.739 0.416689 17.0718 218.12 33.7346 179.782
556739088.82 5075.95 225.937 -58.1086 319.691 0.391541 59.1276 259.071 81.9835 147.77
560984641.768 6068.91 225.856 -58.0737 319.67 0.442801 22.5029 298.021 37.7712 163.717
569142861.57 4155.72 225.818 -58.0024 319.687 0.514897 1.92736 83.5416 48.568 201.951
571762731.985 5919.45 225.79 -58.1004 319.627 0.436429 30.8489 70.3501 73.551 146.827
572301812.228 4499.61 226.037 -58.0574 319.762 0.410533 49.7832 256.915 87.7136 198.162
581050314.863 5150.27 225.806 -57.936 319.714 0.576111 52.9408 189.442 89.2803 158.883
588809355.74 4166.71 225.785 -58.0481 319.65 0.483543 10.5557 165.003 34.6526 165.306
