240139885.001 1866.2 226.01 -57.9914 319.782 0.474992 60.8323 25.803 79.6042 208.0
241073120.523 1946.87 225.681 -58.1092 319.572 0.456508 24.3824 173.294 59.1436 152.656
242531431.712 1885.77 226.105 -58.0475 319.799 0.401604 37.6017 86.8065 68.4445 196.53
242812839.491 1832.78 225.916 -58.0532 319.709 0.445204 23.1593 56.005 58.1017 207.053
242973487.676 1624.67 225.87 -57.9078 319.758 0.58433 19.2524 41.6614 54.0601 209.291
243644259.376 1972.73 225.988 -58.0676 319.735 0.414307 7.87848 29.028 38.354 200.963
243821577.577 2229.18 226.185 -57.9476 319.884 0.468042 71.6853 76.6313 38.3994 172.882
244090424.56 1845.01 226.235 -58.0659 319.85 0.351875 46.9209 265.484 63.0136 150.72
246650769.849 1881.29 225.943 -58.1575 319.67 0.3471 61.7384 50.0042 84.2103 209.824
248220894.153 1825.85 225.588 -58.1508 319.51 0.443664 41.2873 304.167 61.0474 160.283
248496257.132 1809.73 225.961 -57.9201 319.794 0.550143 34.8259 309.567 52.5156 157.46
249358040.875 1592.07 225.754 -57.843 319.735 0.670835 53.1601 50.5562 71.2724 206.137
249734180.026 2119.1 225.782 -57.8339 319.753 0.671578 57.7095 356.817 79.9817 148.563
252404221.152 1995.59 225.881 -57.948 319.743 0.546303 22.4137 290.893 55.4644 215.118
252443710.057 1997.07 226.022 -58.2169 319.678 0.274921 12.6644 252.654 46.8654 194.701
252650040.636 2032.84 225.805 -58.0965 319.636 0.435851 11.2032 289.363 42.8932 187.532
252662514.257 1599.15 226.22 -58.0264 319.862 0.390358 40.1854 88.7537 61.7924 215.683
253086354.544 1701.42 226.14 -58.1421 319.768 0.310039 19.5429 136.198 41.0804 207.64
253635231.383 1718.84 225.878 -57.8015 319.813 0.675208 59.339 26.0618 75.8562 147.198
253750065.137 2386.71 225.554 -57.996 319.568 0.587845 50.9211 26.4854 67.552 146.572
253921903.674 1745.94 225.677 -57.8831 319.68 0.655609 58.5182 37.79 76.5447 146.863
254830124.24 1778.08 225.948 -58.2274 319.638 0.284878 52.4742 256.198 80.8287 194.964
255564622.253 1933.41 225.98 -58.0946 319.718 0.392648 55.4643 254.114 89.9264 204.22
255839109.912 2289.61 225.865 -58.0979 319.663 0.419397 48.8257 290.357 83.8277 177.176
255976928.2 2346.6 225.947 -57.9974 319.75 0.486051 47.2599 285.013 82.0493 183.174
256390062.076 1754.56 226.212 -58.0103 319.866 0.406416 37.928 285.696 71.2554 187.779
257021817.875 1803.98 225.839 -57.9636 319.716 0.543539 24.6797 182.563 53.4147 214.152
257273130.573 1897.68 226.15 -58.1507 319.769 0.299906 25.572 348.018 50.3101 173.355
257696813.27 1667.42 225.711 -58.038 319.621 0.511212 55.0955 57.469 72.4101 152.028
261276924.92 2008.47 226.257 -57.973 319.905 0.427287 35.4694 14.3146 71.4832 174.801
262458351.075 2468.27 225.966 -57.9011 319.805 0.565418 26.8829 104.994 45.0033 158.827
264534727.223 1737.89 226.016 -58.0858 319.739 0.391074 34.3205 100.209 72.9505 161.755
268291707.065 1828.42 226.154 -58.1545 319.769 0.295658 44.6211 142.259 47.4538 152.126
269376875.904 2331.55 225.514 -58.0505 319.523 0.550432 47.6027 91.2343 85.8125 192.164
269808786.078 1614.48 225.622 -57.9047 319.644 0.650778 7.96816 201.391 89.8652 205.074
273007839.785 2072.94 225.688 -58.1944 319.535 0.379965 60.2696 83.8707 69.0974 192.574
273614359.727 1950.32 225.736 -58.1131 319.596 0.438936 30.3433 208.672 68.5968 148.384
273615089.862 1746.91 225.829 -58.2343 319.58 0.30912 31.5775 123.655 69.4652 165.863
273717693.247 1746.03 225.606 -58.0642 319.56 0.514836 21.4829 199.431 71.0402 150.076
275278283.574 2195.85 225.949 -57.9399 319.779 0.535785 46.4975 228.955 82.8159 160.89
275461980.538 1785.47 225.934 -58.1181 319.685 0.384039 40.7491 230.699 72.6091 164.201
276231822.711 2308.4 225.55 -57.9764 319.576 0.606206 31.0296 353.834 47.8462 211.563
276770328.319 2149.11 225.751 -58.0377 319.639 0.501139 17.8634 352.328 34.4002 183.664
276883998.865 1610.09 225.844 -57.8333 319.782 0.656078 41.7222 304.64 60.5786 145.819
276942443.165 1836.91 226.163 -57.9095 319.893 0.506871 18.9999 11.1276 37.9124 185.577
277205896.762 1841.88 226.209 -57.9151 319.911 0.490299 11.0874 349.386 38.9489 164.023
277516771.917 1917.72 225.761 -58.1042 319.612 0.440388 50.8934 44.1721 82.6052 202.897
278996412.626 1828.61 225.806 -58.1634 319.604 0.37721 31.3519 94.543 81.2932 198.879
279157288.533 1915.74 225.889 -58.0354 319.705 0.467747 26.4093 85.6399 76.3522 205.58
279947933.673 1681.26 226.168 -57.9774 319.862 0.446363 26.59 282.59 62.1876 176.558
281864333.255 1603.44 225.718 -57.9457 319.669 0.590291 37.554 73.6053 61.7636 198.047
282952189.933 2078.14 225.7 -57.8561 319.704 0.673251 28.6093 0.55846 76.0664 146.758
283284365.079 1727.89 226.037 -57.9581 319.811 0.497204 40.6764 15.1206 89.9224 153.367
284079078.283 1980.4 226.078 -58.0978 319.762 0.364603 20.2221 137.75 68.1694 212.356
284101701.382 2177.94 225.907 -57.8769 319.79 0.601814 15.406 191.042 65.2587 207.225
284170220.879 2266.05 225.687 -58.143 319.559 0.42536 15.0286 248.293 63.954 198.863
285190295.606 2308.38 225.66 -57.9584 319.635 0.593916 31.7182 9.59877 52.5595 163.044
286750657.066 1629.53 226.122 -57.8965 319.88 0.529006 12.8556 202.027 48.6097 173.186
287150486.519 2497.36 225.726 -58.127 319.585 0.429207 42.8357 78.5862 81.9841 151.877
287679248.762 2495.81 225.952 -57.8542 319.822 0.60997 24.5313 339.535 74.5793 154.415
288644863.1 2298.94 226.0 -58.1018 319.723 0.381342 21.6513 190.064 69.8415 212.435
288688976.758 1590.28 225.854 -57.812 319.797 0.672187 43.5876 347.698 87.8524 162.095
290937545.57 1881.52 225.981 -58.2004 319.667 0.29997 14.9252 128.814 38.6264 158.217
291191399.43 2350.39 225.804 -57.9336 319.715 0.578612 59.1829 212.879 89.8129 208.053
291844694.753 1646.44 226.175 -57.9683 319.87 0.45256 40.6778 241.975 81.4631 193.529
293622657.374 1740.31 225.759 -57.9997 319.662 0.532279 12.0217 359.716 57.5989 193.844
293668932.916 2077.36 225.666 -58.0355 319.601 0.524814 6.68533 235.635 54.8838 207.197
295607359.063 1599.27 226.128 -57.8971 319.883 0.526968 39.0686 235.226 60.9835 199.881
295679972.593 1739.25 226.136 -57.8545 319.907 0.561944 49.2829 165.892 73.3481 146.285
297090546.983 2371.35 225.901 -57.8784 319.786 0.602056 38.1538 167.734 87.2312 149.961
298015510.444 2503.37 225.865 -58.1989 319.614 0.330852 35.4296 125.547 78.0877 172.826
298548321.955 1934.67 225.848 -57.9507 319.727 0.552448 53.1587 156.636 86.4804 155.709
298635906.754 1905.9 226.098 -58.0893 319.775 0.366967 11.4029 249.477 46.5672 208.253
300172204.348 2428.45 226.085 -57.8642 319.879 0.566699 14.7867 291.327 38.0167 174.95
300894871.211 2073.58 225.657 -58.0281 319.601 0.53364 18.7551 49.2773 59.7188 174.296
301859092.407 1960.02 225.594 -58.0909 319.541 0.49456 35.6043 73.35 85.284 197.545
301985908.786 2149.32 225.812 -57.9182 319.726 0.590203 59.405 271.152 85.0632 210.625
302884603.783 1783.49 225.563 -57.932 319.603 0.641744 46.0787 171.017 83.9804 161.226
304543516.797 1828.09 225.589 -57.9764 319.594 0.596307 43.0673 355.338 61.8716 206.117
306016847.633 1663.14 226.093 -57.8355 319.896 0.589837 31.7294 90.337 78.5155 179.942
307944248.841 2162.03 225.893 -58.1203 319.665 0.392541 7.49524 272.841 42.9425 194.912
308208592.806 2255.47 225.883 -57.8429 319.795 0.637707 31.7824 25.3224 50.6704 214.607
308471553.922 2201.36 225.791 -57.9308 319.71 0.584511 17.2599 299.534 35.2075 178.217
308736454.417 2362.22 226.116 -57.9171 319.867 0.512655 63.5811 333.828 69.5592 212.195
309056942.666 1755.29 226.139 -58.1606 319.759 0.294149 28.4898 20.0439 44.6619 200.009
309640896.099 1676.01 226.256 -57.946 319.918 0.45093 13.9869 325.836 44.699 151.266
310260982.993 1666.78 226.047 -58.1784 319.708 0.302313 26.9334 94.6048 68.3942 179.259
311168146.313 1992.93 225.543 -58.0343 319.545 0.557263 36.1143 66.5243 85.7651 208.938
311564807.491 1892.03 226.232 -58.1248 319.82 0.301231 39.0329 25.7056 84.1676 207.638
313828206.999 1864.03 226.028 -58.1935 319.692 0.293986 16.1513 67.8946 35.7915 178.559
314080315.879 2086.14 225.843 -58.1678 319.619 0.363761 11.3846 70.3044 38.6687 166.366
314092661.4 2174.83 225.714 -58.0261 319.628 0.52085 40.7628 77.7317 64.0872 200.43
314572933.181 1999.29 225.967 -58.1153 319.702 0.377894 14.2232 17.2627 53.5894 147.693
315020455.021 2437.52 225.774 -58.0316 319.653 0.500603 13.535 304.203 63.5797 155.423
315383033.397 1728.82 225.784 -57.8828 319.73 0.628412 40.3328 244.289 88.1465 197.567
315520786.18 1780.74 226.083 -57.8904 319.865 0.544332 39.5726 238.571 88.5057 201.154
316421822.408 1972.89 225.86 -57.8447 319.784 0.641915 22.3807 129.691 68.2999 213.891
318222084.072 1805.91 225.483 -58.0466 319.511 0.561588 40.743 141.003 57.688 207.552
319116627.86 2115.06 225.848 -58.0613 319.673 0.455663 44.1853 216.824 76.5654 197.969
319930227.244 1962.5 225.802 -58.1531 319.607 0.387095 28.9453 285.458 77.4066 172.357
319953970.742 1706.52 226.098 -57.9534 319.841 0.485439 42.0988 244.362 89.5996 199.883
320709776.729 1644.05 226.147 -58.0655 319.809 0.375079 41.5702 342.066 89.3259 160.86
321650826.763 2117.88 225.614 -58.0765 319.557 0.502169 22.97 23.7738 54.8974 176.742
321731361.253 2296.44 225.817 -58.1031 319.638 0.427138 12.6241 37.6455 46.2886 186.202
324925587.58 1733.42 225.809 -57.9397 319.714 0.572061 31.8497 313.98 83.7195 184.836
325900201.257 1839.54 226.101 -58.2016 319.721 0.268193 29.4981 76.8222 68.518 176.482
326370494.942 2293.11 226.073 -58.2123 319.704 0.26584 21.9645 105.391 51.297 176.032
328192740.239 2223.31 225.756 -57.8959 319.711 0.623948 38.952 181.518 67.9506 145.047
328662930.245 2064.39 226.27 -58.0451 319.876 0.360918 27.6549 178.507 68.3373 145.36
329260428.17 2031.52 226.19 -57.987 319.868 0.432285 29.6129 94.1193 78.9708 168.894
329926784.279 1943.08 225.817 -58.0853 319.647 0.442719 25.1316 344.006 75.1163 207.214
330659617.052 2054.22 225.578 -58.0606 319.548 0.525229 32.5749 142.929 67.8951 171.854
330947389.133 1809.05 225.672 -58.1423 319.552 0.429731 16.339 260.922 48.3036 211.564
331074340.689 1815.02 226.196 -57.9037 319.911 0.503551 51.9217 238.138 79.4757 211.874
331302354.427 2234.27 225.51 -57.9396 319.575 0.64874 13.0894 220.718 36.9685 190.961
332874000.885 1741.77 226.066 -57.9179 319.844 0.52483 47.5941 2.82061 78.8919 200.804
333033907.88 1847.41 225.647 -58.0322 319.594 0.532454 24.4545 36.9762 59.9627 181.707
334112848.553 2063.62 225.981 -57.9091 319.809 0.55447 38.7778 44.6529 88.2791 208.24
334156414.778 1879.44 226.103 -58.1407 319.752 0.320666 39.5762 190.693 89.1836 148.243
334272317.914 2049.77 226.108 -57.978 319.834 0.461467 34.1586 116.174 83.8901 175.548
334343290.655 2247.61 225.861 -58.1531 319.635 0.371987 40.6175 302.28 89.8077 205.666
334353913.416 1898.51 225.813 -58.07 319.652 0.457118 32.7364 20.5433 82.3618 211.007
334514558.836 2006.01 225.58 -57.9666 319.594 0.607202 28.7167 5.16389 77.9081 212.173
335556374.767 2474.52 226.047 -57.9851 319.802 0.470962 40.4599 197.225 69.1495 162.689
336542759.933 2161.18 226.088 -57.9487 319.839 0.492329 29.5635 50.9577 39.3033 157.297
336601550.254 1746.32 225.683 -58.0878 319.584 0.474634 29.8208 51.235 72.8729 210.67
339444436.732 1716.82 225.605 -57.9088 319.634 0.651485 31.1336 166.334 75.4807 178.41
339480156.058 1791.36 226.202 -58.1235 319.806 0.310196 20.6435 20.0187 67.1336 213.266
339571630.459 2486.52 225.785 -58.1614 319.595 0.384344 13.7164 39.6639 61.9168 210.196
340338885.261 1802.08 226.037 -57.9138 319.832 0.535972 22.4553 262.586 47.9835 173.411
341726455.216 1638.87 225.811 -58.1046 319.635 0.427171 16.2869 40.1606 40.995 179.668
342544463.543 1750.21 225.949 -58.0829 319.709 0.410729 42.1444 346.975 82.8081 152.542
342906813.005 1728.7 225.572 -57.9513 319.598 0.622532 21.09 259.351 71.1044 155.79
343596603.902 2362.88 226.182 -57.9804 319.867 0.440261 31.0654 75.582 80.7461 209.974
343893466.027 1589.51 225.764 -57.916 319.704 0.604282 33.8242 283.823 80.3052 175.969
344685480.212 1752.18 225.966 -58.1629 319.678 0.33665 10.913 52.8942 47.9627 208.682
344971540.458 2366.63 226.029 -58.1691 319.704 0.314963 13.1664 342.778 41.2621 185.073
345085698.232 2476.83 225.926 -57.8981 319.789 0.578168 30.4351 337.464 52.2095 164.434
345121848.914 2467.28 225.686 -58.1243 319.568 0.441902 51.5229 42.0299 75.3785 213.065
345590820.001 1908.46 226.086 -58.1246 319.752 0.339247 21.2426 59.9174 36.1809 198.194
346117351.18 2425.31 225.681 -58.0927 319.58 0.470882 43.7858 313.446 40.626 152.69
346123298.386 2025.66 225.828 -57.9351 319.725 0.571217 73.2857 311.541 35.9425 162.314
347474455.365 2174.68 225.89 -57.9036 319.769 0.582876 39.8231 41.4664 85.7495 154.459
347814847.642 1814.05 225.96 -57.8659 319.82 0.597608 34.3625 267.788 83.8129 185.201
348307817.913 2242.06 225.839 -58.0985 319.651 0.425308 29.4205 281.807 79.6824 186.797
348962560.274 2461.37 225.983 -57.9891 319.771 0.483981 30.0885 107.321 68.2227 214.785
349894730.759 1897.22 225.713 -58.0475 319.617 0.502356 44.0366 33.7007 64.2423 154.41
351036196.952 2242.42 226.121 -57.9933 319.832 0.444806 36.5422 272.823 46.313 184.161
351465795.294 1753.88 225.924 -58.0392 319.719 0.455459 13.0122 238.215 53.3593 170.915
352061303.352 2118.27 226.123 -57.9452 319.857 0.486163 19.39 356.075 69.4128 153.045
352738721.995 1683.73 226.147 -57.9848 319.849 0.445521 32.2261 280.631 82.1874 188.179
352761359.283 2142.7 225.986 -58.0311 319.751 0.446686 33.7946 300.609 83.4635 177.815
355293762.847 1923.34 225.766 -57.9174 319.705 0.602665 42.9016 123.912 62.5719 145.725
356463600.547 2198.63 225.812 -58.1271 319.625 0.407203 14.9361 343.948 63.5484 161.909
356933905.188 2090.21 225.845 -58.2077 319.601 0.328437 30.9734 323.819 80.39 172.113
357737233.8 1872.28 226.198 -58.1067 319.812 0.325996 19.3257 284.657 69.3276 203.623
358951444.133 2392.11 226.137 -58.0406 319.817 0.399295 22.0871 141.141 43.3625 171.275
359541385.787 1658.44 225.773 -58.2076 319.568 0.346808 28.7806 167.29 44.1088 154.261
359644003.826 2435.85 225.739 -58.1386 319.585 0.415791 48.3224 168.274 67.3671 147.642
360871573.97 1685.98 225.617 -58.0859 319.554 0.493213 26.062 355.9 65.9009 179.991
361146403.064 1725.05 226.031 -58.0903 319.743 0.383397 22.8506 65.8034 69.3318 170.164
361364076.234 1982.87 225.843 -58.0689 319.667 0.450159 25.8104 93.1044 74.6002 166.614
361628697.232 2375.82 226.003 -57.9373 319.805 0.52428 38.9872 24.3981 88.0872 200.942
364126925.638 2210.48 226.084 -58.1954 319.717 0.278022 18.5343 273.579 33.7231 188.806
364803396.859 1726.4 225.72 -57.9978 319.645 0.544029 32.3133 350.097 55.6584 195.14
364985938.096 2094.81 225.959 -57.8198 319.842 0.638277 7.57955 282.008 43.0874 158.805
365204654.789 1689.54 225.872 -57.9994 319.714 0.503515 39.3297 31.4412 71.6672 194.474
366569176.691 1656.28 226.036 -58.2038 319.691 0.282826 32.6305 37.9964 82.3945 209.28
367071847.401 1971.54 226.117 -58.1421 319.758 0.315867 44.1277 162.964 87.9812 162.144
367255792.942 2305.94 226.046 -58.0742 319.758 0.393576 27.0356 146.694 68.7074 180.411
367628334.328 1802.37 226.084 -58.1216 319.753 0.342289 20.3272 178.14 55.2141 180.467
369787501.792 1660.11 226.296 -57.9938 319.913 0.399091 28.5483 286.174 61.546 144.171
371108317.92 1610.78 226.158 -57.8679 319.911 0.544689 38.7272 23.2033 88.1304 211.642
372265745.841 1930.49 225.638 -57.9866 319.612 0.574735 42.5168 354.831 74.0604 212.951
373673314.803 1633.54 226.109 -57.9086 319.868 0.521833 20.1861 338.063 38.1008 155.908
373821813.034 1894.42 225.978 -58.1047 319.712 0.384264 33.5949 333.337 54.0607 145.536
374476384.248 2200.69 225.775 -57.9253 319.705 0.59329 39.4252 63.1572 73.174 193.964
374681205.987 1736.39 225.618 -58.108 319.544 0.473484 36.5837 306.387 59.0025 147.771
374979385.27 2006.46 225.958 -58.0562 319.726 0.431829 16.0088 267.12 66.0584 154.642
375311741.265 2041.85 225.814 -57.9099 319.73 0.59694 26.9591 283.64 77.0128 156.138
376825352.233 1791.03 226.148 -58.1019 319.792 0.343047 10.1741 301.327 50.1203 190.359
378372530.025 2105.0 226.143 -57.9384 319.869 0.487059 35.9929 100.745 55.1396 201.141
379030228.141 2048.94 225.787 -58.0519 319.649 0.47956 30.1641 321.27 49.5017 154.332
379472109.888 1970.07 225.981 -58.1379 319.697 0.354614 30.0446 246.242 72.9094 180.726
380325136.585 1842.9 226.099 -58.1509 319.745 0.313018 37.281 317.695 86.8594 160.981
380515395.718 1621.84 226.133 -58.1281 319.772 0.323872 27.1057 245.158 77.2006 201.27
380550928.773 1634.69 225.718 -58.0932 319.598 0.460933 35.8038 118.764 83.849 209.969
381036246.457 1754.38 226.193 -58.0791 319.824 0.351327 59.304 284.215 65.9607 185.598
382956525.264 2370.96 226.127 -58.0956 319.785 0.353822 62.0825 167.609 87.4898 210.231
383116372.884 2426.54 225.79 -58.1465 319.605 0.395841 54.0968 244.925 64.1416 201.73
383258809.855 2381.82 225.53 -58.0701 319.522 0.529019 12.969 177.643 41.5642 174.072
383288073.383 1915.17 225.891 -58.0835 319.682 0.425194 47.0518 246.865 61.6977 196.497
383901054.31 1598.79 225.577 -57.8871 319.631 0.677594 45.844 246.074 78.6748 193.101
385591839.354 2047.84 225.956 -58.0411 319.733 0.445626 36.3234 206.803 65.8094 213.935
385855974.8 2396.32 225.617 -58.0309 319.581 0.541287 46.3398 150.245 82.8007 208.162
387945884.211 2112.96 225.874 -57.8373 319.794 0.644816 52.0038 220.504 80.4578 204.457
393466072.214 1895.04 226.05 -57.9458 319.823 0.504515 39.2055 138.492 69.1 153.153
395997918.572 1830.86 225.728 -58.0263 319.634 0.517006 38.3697 202.732 56.466 155.208
397476190.868 2007.18 226.238 -58.0478 319.86 0.367048 20.6386 46.8251 57.5533 178.115
399932812.443 1908.95 226.0 -58.1322 319.709 0.354597 38.0352 205.48 67.98 165.006
401152923.166 2137.34 225.993 -57.9206 319.809 0.541347 17.3852 304.375 33.9826 166.841
401564538.64 1621.08 225.639 -58.1801 319.519 0.404866 30.5385 289.699 53.7628 145.048
403684658.677 2150.04 225.941 -58.2175 319.64 0.295128 27.6925 137.312 75.5599 187.785
403742227.467 2095.17 225.889 -58.0405 319.702 0.463459 21.3416 113.863 70.402 197.35
404820110.882 1608.38 226.259 -57.9543 319.915 0.443053 60.7504 3.86428 89.0484 209.567
407074462.806 2445.34 226.041 -58.0638 319.761 0.403886 24.9617 172.721 69.5314 174.644
407364747.376 1738.46 226.202 -57.9482 319.892 0.463095 36.268 354.245 83.4967 151.012
407670671.333 2042.86 226.236 -57.9194 319.922 0.479495 37.4915 149.821 86.8133 199.351
409182864.979 1796.54 226.151 -58.091 319.799 0.35175 45.7831 274.147 57.9836 215.85
409983786.967 1804.15 225.706 -57.9693 319.652 0.572562 42.2833 247.73 40.0663 204.26
410076079.851 1627.3 226.14 -57.8493 319.912 0.565403 42.8927 252.416 73.1476 211.992
410624414.496 1632.59 225.752 -57.9303 319.692 0.595039 50.9802 276.259 36.5388 171.651
411132823.431 1595.56 225.692 -57.9798 319.64 0.566958 34.7249 46.7293 66.0704 144.695
412013931.121 1639.97 226.247 -58.0819 319.847 0.334959 38.02 49.4476 85.7387 152.939
412152242.29 2052.93 226.156 -57.8721 319.908 0.541492 30.0889 347.863 79.9253 150.205
414576111.554 1817.31 226.005 -57.9896 319.78 0.478046 41.8997 247.731 69.6609 212.39
414837502.844 2108.05 225.879 -58.1887 319.626 0.336191 39.6605 74.966 56.8932 148.291
415913636.193 1915.49 225.72 -58.0103 319.638 0.533018 12.2082 72.2468 55.4731 147.521
417833301.246 1710.54 225.84 -57.9914 319.703 0.518767 58.7931 241.882 62.4563 213.419
418234428.309 2249.63 225.602 -58.1485 319.517 0.442016 42.8917 164.309 74.8114 212.493
418623561.697 2115.63 225.807 -58.1969 319.588 0.347563 41.9037 246.664 77.7229 212.381
419257063.429 1704.54 225.725 -57.9124 319.688 0.617511 42.5021 248.243 37.972 160.805
419714946.062 1980.22 226.023 -58.1166 319.727 0.36238 48.4641 248.251 36.0251 163.15
419771397.742 1853.54 225.844 -57.992 319.705 0.517378 41.3576 141.152 62.245 145.274
420916090.926 2171.62 225.768 -57.8986 319.715 0.618634 18.0466 108.503 66.5484 148.522
420949469.572 2239.24 225.523 -58.0116 319.546 0.582282 41.0417 163.586 85.292 154.623
421156747.154 2152.84 225.703 -58.0822 319.596 0.474449 23.3534 79.0372 73.298 155.125
421212732.135 1780.41 225.956 -58.137 319.686 0.361839 39.0517 158.203 86.8454 154.32
421821729.588 1680.03 225.818 -58.1562 319.613 0.380409 30.1231 351.729 79.8946 192.361
422462442.487 2175.32 226.039 -57.8999 319.84 0.547501 23.4027 91.6882 65.01 183.15
422965121.632 2055.34 225.782 -58.0652 319.641 0.469044 53.4786 147.084 84.2256 155.231
423344000.95 1731.91 226.062 -57.8932 319.854 0.547339 20.0897 142.142 36.3344 194.434
423594639.018 2428.75 225.783 -58.034 319.656 0.496228 19.9325 144.672 67.5615 151.671
424110353.108 1626.01 225.831 -58.1193 319.637 0.40929 19.9504 149.996 33.9666 168.033
424311688.422 1856.78 225.757 -58.0695 319.627 0.471717 19.8683 149.866 69.8061 206.456
424969271.963 2424.83 225.883 -58.2048 319.62 0.321219 33.2896 324.135 66.1446 189.788
425173308.992 1985.33 226.009 -57.9116 319.821 0.544975 39.4467 209.443 76.8592 148.482
425357063.863 1589.6 226.024 -57.8663 319.849 0.580842 20.0727 162.843 62.7569 147.535
427058090.381 1796.86 226.21 -58.0005 319.87 0.415329 57.756 92.5161 59.3714 193.23
427270355.04 2388.0 226.206 -58.0613 319.839 0.363333 50.452 77.4496 53.6018 211.545
427802532.045 1606.56 225.767 -58.1598 319.588 0.39025 41.6999 63.9135 50.5991 214.303
428346763.418 2511.8 225.621 -57.9965 319.599 0.570344 42.1257 67.3676 89.8072 211.932
428819168.034 1790.2 225.921 -57.8504 319.809 0.621385 43.7781 238.449 63.3636 145.82
429496292.598 2346.54 226.133 -57.8803 319.893 0.540269 65.1662 96.332 84.6259 203.31
430077033.594 1603.4 225.676 -58.0475 319.6 0.511673 44.2138 269.528 88.0061 157.438
431848326.226 1952.32 226.018 -57.8553 319.852 0.59188 51.2049 66.7582 56.4703 214.238
432344897.281 1687.33 226.256 -58.0485 319.868 0.361752 42.6328 66.199 50.4519 169.121
432533586.365 1610.16 225.929 -58.1179 319.683 0.385418 35.9005 67.9742 50.1006 163.368
433050096.374 2180.28 225.859 -57.9454 319.734 0.554158 43.4873 69.6075 77.4398 211.88
434225749.717 2301.02 226.046 -58.1122 319.74 0.360394 47.5736 314.113 83.3091 151.81
436179227.742 1987.25 225.986 -57.9045 319.813 0.55707 59.4841 54.417 58.8565 203.83
436424976.551 1917.78 225.57 -58.0094 319.569 0.572096 52.1233 58.5572 52.2838 196.232
436505410.248 1758.32 226.035 -58.0707 319.755 0.399387 49.739 60.4063 50.577 208.699
436688845.74 2483.98 226.149 -58.0758 319.805 0.365468 45.8704 63.639 57.9601 215.851
437043078.908 2421.49 225.525 -57.9947 319.555 0.596567 41.4737 68.1455 43.5495 210.451
437244051.551 1639.75 225.622 -58.1812 319.511 0.408242 40.9062 69.5764 79.1337 212.467
437546165.079 2464.54 226.218 -58.0045 319.872 0.409931 42.1694 68.7043 36.33 198.439
437877218.53 1598.38 226.111 -57.9915 319.828 0.449086 37.8205 70.4009 38.4106 156.099
438299727.936 1592.44 225.989 -57.8692 319.832 0.587392 42.1208 352.782 66.2353 144.951
438398874.422 1852.95 226.216 -58.0954 319.826 0.331122 56.6757 13.8114 70.4192 200.817
440830482.705 2108.39 226.121 -57.8519 319.901 0.568155 19.9198 87.8923 62.0194 214.486
441321148.727 1975.43 226.073 -57.88 319.866 0.556028 22.4964 337.682 51.7276 175.494
441756957.635 1623.39 225.887 -57.9026 319.768 0.584358 39.9469 74.0052 59.4779 214.732
441847213.489 2283.56 225.721 -58.1519 319.57 0.408971 23.5777 14.2142 41.679 166.539
443015137.241 1665.83 225.782 -58.1313 319.609 0.411398 54.9605 122.874 83.8492 205.822
443887395.649 1814.56 226.225 -58.0701 319.843 0.350979 37.6381 59.2649 82.2551 151.727
444140532.46 2266.98 225.806 -57.8116 319.774 0.684944 26.9286 297.299 76.3761 165.367
444581728.316 2438.67 226.024 -57.9405 319.813 0.515844 60.2521 145.626 82.8422 195.217
444868432.81 2130.28 225.485 -57.9912 319.539 0.609665 27.0216 195.045 76.3735 211.436
447686018.929 1667.43 225.907 -57.8218 319.817 0.649842 10.1832 112.704 44.6354 153.808
448703050.866 1708.68 225.808 -58.0462 319.662 0.47915 29.9238 77.4754 78.5232 147.321
450031379.737 2234.98 226.052 -58.0898 319.753 0.378416 15.676 352.888 59.1267 189.671
453439153.936 2068.72 225.97 -58.0208 319.749 0.459763 35.9208 300.592 84.9925 189.554
453484813.233 2206.17 225.854 -58.1425 319.637 0.382978 35.0361 329.967 84.4626 186.906
454456080.277 2377.23 225.721 -57.8567 319.713 0.667428 40.9666 127.616 82.1185 166.141
456492869.642 2215.14 226.055 -58.1114 319.744 0.358695 13.6827 241.073 81.8531 208.122
457120669.452 1692.79 225.726 -58.1036 319.596 0.449725 20.6232 16.2438 57.7046 178.043
457428370.549 1719.87 225.912 -57.8186 319.82 0.651453 13.2625 196.894 62.7113 147.271
458517226.753 2152.15 225.989 -57.9393 319.798 0.526 33.5684 303.364 82.4057 212.147
459328227.262 1882.75 225.867 -58.1323 319.648 0.388675 8.51411 317.902 52.6802 208.854
459407035.412 2304.82 225.603 -58.0871 319.547 0.495732 38.6713 165.004 72.024 166.249
460049012.897 1951.43 225.825 -58.0159 319.685 0.50118 48.3005 281.806 70.0327 213.944
461292836.623 1685.77 226.159 -58.1402 319.778 0.306747 35.341 254.115 61.0413 144.444
461544275.396 1898.24 225.551 -57.9115 319.607 0.662808 31.3687 257.688 62.5285 144.096
461979815.498 2174.14 225.972 -58.083 319.72 0.404842 20.9474 83.2061 64.6074 172.679
463055438.243 1769.08 225.823 -58.1343 319.626 0.398098 29.0211 67.3782 78.9854 203.634
463146626.795 1911.24 226.197 -58.051 319.839 0.374758 27.2385 90.5758 76.8308 196.271
463924657.727 1889.84 226.13 -58.1346 319.767 0.319256 18.7949 341.709 56.6483 214.192
464244695.895 1789.87 225.754 -57.8217 319.746 0.689432 24.9629 334.948 52.6643 215.28
464599674.057 2032.68 225.972 -57.9151 319.801 0.551681 57.6667 334.782 82.2326 212.071
464826562.808 2339.83 226.141 -58.1654 319.758 0.289441 23.8938 270.02 40.6441 164.716
465101582.225 2068.54 226.1 -58.1239 319.759 0.336271 24.8299 352.228 39.5654 201.292
465399066.556 1650.7 225.514 -58.0726 319.513 0.531012 38.2897 16.058 55.883 204.945
466819806.742 1720.2 225.642 -58.1621 319.529 0.420016 51.6353 315.76 84.9803 154.332
467022452.114 1592.78 226.173 -57.882 319.911 0.528523 41.095 68.3217 88.6638 198.446
467215338.576 1981.07 226.141 -58.0588 319.81 0.382578 31.5557 248.902 81.5075 152.898
467719603.167 2088.17 226.068 -58.0764 319.767 0.38603 28.2365 118.107 77.6224 193.173
470439954.079 1604.8 225.608 -57.9805 319.601 0.587823 15.7014 85.2316 43.6138 178.148
470936106.347 1725.19 226.134 -58.0107 319.83 0.426141 57.1551 329.716 61.9848 144.772
471308582.152 2161.56 226.066 -57.8512 319.876 0.583204 18.5693 219.966 69.0282 169.813
473275460.764 1694.6 225.81 -58.0817 319.645 0.447613 4.45694 26.9692 45.5841 198.613
473960445.402 1675.66 225.864 -58.0277 319.697 0.480893 47.7921 312.295 47.3466 159.124
474719969.305 1671.66 225.976 -58.1081 319.709 0.381999 39.8549 45.7579 60.3602 145.452
474887624.626 1612.26 225.984 -57.9932 319.769 0.480292 51.5586 132.135 76.426 205.583
475161839.624 1640.79 226.071 -57.8327 319.888 0.597926 48.5659 181.256 77.9594 202.015
479425405.785 1601.68 226.142 -58.1057 319.787 0.341167 50.7633 214.891 71.8813 204.507
479727026.588 1872.33 225.955 -58.03 319.738 0.455639 6.7876 140.178 43.9402 158.755
479898491.465 1684.53 225.678 -57.907 319.669 0.63441 2.71731 204.484 47.9634 160.897
480457929.428 2050.59 225.855 -58.074 319.67 0.442618 18.7965 60.6971 67.0597 148.127
480698247.61 1968.79 226.184 -57.9246 319.895 0.488259 23.4113 13.0627 73.4462 154.142
480722513.853 1943.14 225.534 -58.0472 319.534 0.548127 42.1029 245.881 89.4742 199.361
480756593.098 2047.36 225.89 -57.967 319.738 0.527387 38.1326 256.323 85.8956 192.51
480995564.691 1874.04 225.729 -57.8801 319.706 0.644694 32.3239 4.12619 82.3366 157.862
481408358.76 1895.52 226.159 -58.1741 319.762 0.277079 27.2492 261.776 77.2692 201.83
481438038.261 1796.5 226.16 -57.9035 319.894 0.513104 35.4601 187.749 83.5509 210.568
483863862.973 1692.73 225.847 -58.0099 319.697 0.500972 45.4412 152.548 66.7367 145.735
484652224.604 1950.56 225.943 -58.1415 319.678 0.361163 32.3267 163.438 69.0584 145.589
485143845.522 2347.4 226.147 -58.0802 319.802 0.362329 24.3761 138.549 72.3813 147.035
485248536.744 1760.95 225.6 -57.9487 319.612 0.617693 41.5853 249.913 88.3852 197.534
486059133.028 1641.34 226.213 -57.9172 319.912 0.487397 37.4829 114.923 85.0457 169.198
487076907.249 2484.37 226.132 -58.0157 319.827 0.422353 10.2263 150.623 44.6905 189.413
487940168.159 1886.27 225.653 -58.1633 319.533 0.416202 42.7942 70.9919 48.2909 208.019
490750939.574 1866.86 226.233 -58.0384 319.862 0.376395 48.905 75.1653 80.0301 176.891
490939244.35 1931.83 225.766 -58.11 319.612 0.433967 30.733 106.545 82.6615 168.207
491511046.872 1611.97 226.149 -58.1292 319.779 0.319053 22.4658 166.726 55.553 177.888
491808406.152 1828.33 225.771 -57.8977 319.717 0.618602 12.5717 212.979 41.2815 186.43
493089104.344 2228.07 226.105 -57.9359 319.853 0.498933 50.4646 358.456 73.6965 206.091
494837956.027 1667.76 225.778 -57.8703 319.733 0.640821 38.0226 42.2976 87.5852 210.493
494894689.3 1930.45 226.061 -57.9756 319.813 0.475709 33.9269 67.1344 83.7719 203.158
495136070.74 1777.33 225.518 -57.9378 319.579 0.648232 40.4911 328.303 88.7325 204.005
495192598.796 1921.62 225.859 -57.891 319.761 0.601693 30.6616 7.64764 79.1653 212.762
496790412.739 1813.04 225.962 -58.0843 319.715 0.406258 28.3651 115.067 60.0505 154.353
496928113.092 1627.75 226.127 -57.946 319.858 0.484505 28.1843 115.888 35.3488 170.506
497008166.11 2508.87 225.541 -58.0701 319.526 0.526368 28.3207 115.6 33.4987 174.712
497138621.39 1790.66 225.985 -57.9112 319.809 0.551644 19.8578 226.485 69.2181 148.199
500227195.239 1639.58 225.626 -57.9626 319.618 0.598965 61.4269 48.7872 83.9305 206.67
500270897.024 1680.38 225.963 -58.082 319.716 0.408009 48.5629 81.1299 69.3418 178.388
500643907.857 1941.56 225.884 -58.2191 319.613 0.30848 47.1842 61.079 72.7234 213.17
501716992.297 1937.88 226.032 -57.9707 319.802 0.48757 25.5023 43.5566 39.9828 201.416
501808145.744 1890.71 226.059 -58.1907 319.708 0.28835 18.87 38.263 34.3617 188.004
502070600.272 2358.25 225.869 -57.9921 319.716 0.510857 15.8845 24.6415 35.0614 165.465
502395414.456 1971.05 225.511 -57.9785 319.556 0.614452 61.8161 328.027 60.9858 144.411
503487452.05 2369.53 225.979 -57.9634 319.781 0.507642 18.29 267.77 72.2015 163.068
506403282.472 2436.18 226.144 -57.9765 319.851 0.453697 63.236 82.7712 86.4993 211.673
506801889.179 2068.25 225.96 -57.9343 319.786 0.538101 16.0567 137.394 38.3473 178.977
506961459.636 1606.72 225.813 -58.1689 319.604 0.370733 12.1204 88.1634 40.487 157.767
507314528.178 2083.83 225.601 -58.0263 319.575 0.549639 45.807 68.5562 78.3181 148.762
508391094.906 1794.89 226.145 -58.0734 319.804 0.36864 39.2669 242.358 88.5258 202.934
508963071.311 1728.36 225.572 -58.0566 319.547 0.53032 27.2733 185.572 75.957 212.58
509329531.507 2241.2 226.069 -57.8898 319.858 0.548627 46.9861 113.113 88.4912 202.814
510185624.351 2236.0 226.078 -58.0247 319.797 0.428607 38.4467 144.085 61.0778 215.384
510196478.015 2272.61 225.547 -57.9029 319.609 0.671567 16.9396 133.583 41.108 206.945
511407322.372 2106.76 226.29 -58.0262 319.894 0.372483 21.1806 194.37 43.2056 186.91
512058246.454 1597.7 225.782 -58.0727 319.636 0.462763 10.7809 268.457 54.2686 167.502
512423292.439 1997.89 225.912 -58.1201 319.674 0.387894 15.603 48.113 64.7619 150.243
512640343.224 2406.97 225.76 -58.1669 319.581 0.38586 22.2161 48.0979 71.8946 150.281
514333561.522 1658.85 225.739 -57.9036 319.698 0.621827 19.3292 188.066 54.0248 214.301
515943216.066 1588.64 226.001 -58.1711 319.69 0.320578 19.7222 164.192 41.6318 151.934
516275129.708 1606.6 225.781 -57.9914 319.675 0.534181 17.2559 256.506 47.7213 179.124
517576419.065 2352.77 225.971 -58.1582 319.682 0.339622 32.2416 147.347 86.6288 148.097
518308614.488 1790.61 225.934 -58.0478 319.719 0.445365 43.5191 132.35 87.8751 162.497
518447848.282 2469.74 225.863 -57.8035 319.805 0.677426 30.5684 232.478 72.8795 213.731
519064875.349 2051.73 226.057 -58.1683 319.717 0.308553 45.3725 225.642 74.3363 212.872
519099407.242 1633.26 226.21 -58.0192 319.86 0.399279 55.8856 221.279 86.2851 208.979
519554448.311 2163.03 225.733 -57.9669 319.665 0.567863 25.8283 177.837 44.3067 165.248
520263650.515 1642.81 226.153 -58.1754 319.758 0.277781 53.9762 165.687 49.1628 201.71
520433593.195 2378.28 225.728 -58.0906 319.603 0.460841 37.3694 207.681 57.3952 145.524
520766468.354 1603.45 225.826 -57.9577 319.713 0.551969 39.0897 311.092 64.9864 197.818
520914190.961 2462.5 226.092 -57.951 319.839 0.489258 7.72557 333.463 45.3736 167.039
521621525.15 2312.61 225.751 -58.2227 319.55 0.339452 22.7362 212.811 72.3998 146.489
522320848.07 1812.85 226.16 -58.0754 319.81 0.363262 34.4975 47.3633 84.3015 205.989
522858193.067 2279.6 225.503 -57.9586 319.562 0.633978 20.5232 352.22 68.8965 212.138
522948093.2 2496.01 225.869 -58.1021 319.662 0.414759 38.8289 145.802 81.9357 168.854
523131930.35 2372.18 226.052 -57.8707 319.86 0.569684 7.92697 61.3835 57.7873 202.642
523383268.802 1747.07 225.912 -58.0403 319.712 0.457808 43.9659 274.608 50.3857 202.444
523966729.442 1993.92 225.501 -58.007 319.538 0.591947 46.3125 292.932 69.1771 214.284
524148121.203 1949.07 225.79 -57.8895 319.729 0.621054 21.8788 227.306 40.1035 169.397
524457158.529 1587.18 225.709 -58.141 319.57 0.421489 22.833 312.109 37.7999 200.718
525872991.54 1593.75 225.795 -57.9602 319.697 0.557834 6.21379 191.359 55.6408 154.133
527295943.239 2178.98 225.76 -57.9891 319.667 0.541506 38.1724 158.31 84.8694 168.583
528765144.784 1890.21 226.013 -58.1265 319.717 0.356275 23.1936 346.424 40.6228 207.066
529632479.084 1587.44 225.67 -58.001 319.619 0.554179 18.6032 317.608 40.026 153.707
531838465.332 1861.8 226.089 -58.2116 319.711 0.262622 28.2215 187.333 76.4245 187.913
532056333.69 2073.21 225.871 -58.024 319.701 0.482488 16.4638 77.6173 65.6056 209.774
532101749.757 1741.87 225.509 -57.9452 319.571 0.644108 13.7741 125.761 63.6222 203.377
532844386.891 1908.61 226.178 -57.966 319.872 0.454022 12.1246 22.4404 43.7377 206.591
534111829.887 1958.13 225.819 -57.9952 319.691 0.521194 14.8891 40.3902 35.2394 168.074
534145981.372 2195.6 225.916 -58.1614 319.655 0.350987 15.581 28.1541 36.784 161.151
534367858.057 1784.54 226.079 -57.9154 319.851 0.523749 45.7444 0.707182 67.9461 145.254
534733588.803 2131.56 226.079 -57.9078 319.854 0.530482 29.1536 8.27962 60.672 144.046
535356877.841 2318.49 226.052 -58.0344 319.78 0.426886 13.5462 280.077 67.1586 158.569
535414672.365 1788.04 225.764 -58.0562 319.636 0.481779 27.27 232.278 77.2369 180.018
535632090.816 1739.76 226.056 -58.012 319.793 0.445399 33.1588 232.382 85.7407 191.925
536374981.334 1690.77 225.502 -57.9499 319.566 0.64193 24.229 238.548 74.0349 200.166
537232705.091 1863.85 226.164 -57.9939 319.852 0.43314 35.7869 82.5472 66.3329 215.243
537407719.845 1751.06 226.101 -58.0361 319.802 0.412611 48.1658 356.018 76.6554 157.64
537670375.522 2323.7 226.148 -57.981 319.85 0.448632 51.7152 10.8687 76.1821 153.697
537832186.822 2019.35 225.861 -58.0359 319.691 0.474609 26.6082 9.88373 57.6383 214.342
538094784.084 2150.71 225.519 -57.978 319.56 0.612662 28.8587 16.7806 53.3191 211.551
538728436.1 1729.61 225.568 -58.0001 319.572 0.580832 27.874 156.511 46.9784 195.391
538755044.034 2469.47 226.078 -58.0514 319.784 0.405241 62.8634 63.3924 89.9093 149.607
539098808.576 1878.55 225.572 -58.133 319.51 0.463432 9.1344 10.8134 45.132 151.471
540173318.737 2167.34 225.971 -58.1431 319.69 0.352841 29.5118 286.49 78.3591 171.976
541369189.352 1836.19 225.784 -58.0637 319.642 0.470073 36.0491 137.116 76.3347 211.643
545051891.219 1872.7 225.574 -58.0574 319.548 0.529121 33.3775 343.864 83.423 166.042
545081602.069 1821.48 225.658 -58.1271 319.553 0.446636 36.7216 247.793 86.4282 204.275
545469730.784 2294.72 225.911 -58.1839 319.642 0.33248 26.8257 288.196 76.3617 195.209
545533265.022 2251.73 225.925 -58.206 319.638 0.30957 24.3718 232.294 73.8364 210.726
545808001.862 2054.57 225.817 -58.1358 319.622 0.39843 32.267 187.617 75.505 212.371
546280413.993 1919.48 225.812 -58.0119 319.68 0.508121 26.237 76.8319 60.4014 175.848
546600821.309 1606.79 226.07 -57.9794 319.815 0.470273 8.9427 140.417 41.1253 196.392
550393362.976 1812.14 226.116 -57.874 319.888 0.550296 37.4875 128.678 79.9989 170.169
550543727.837 2333.09 225.929 -58.034 319.723 0.458897 30.7251 237.123 70.8916 214.027
552557504.891 1678.67 225.559 -58.0963 319.522 0.499024 51.428 200.247 69.6205 145.87
553151342.062 1711.12 225.87 -58.193 319.619 0.335084 42.5206 220.315 73.6589 147.257
553648679.503 1967.1 225.616 -58.1082 319.542 0.473997 32.2675 184.715 70.1417 147.085
553916843.564 2356.11 226.025 -58.1541 319.709 0.329116 28.7296 206.378 81.3489 147.979
554341089.285 1753.22 225.734 -58.2131 319.547 0.351936 34.0483 110.474 83.8519 178.145
554529250.844 1887.02 226.134 -57.9176 319.875 0.507481 38.1639 136.064 86.5409 165.973
554724854.027 2104.98 226.152 -58.1526 319.769 0.297769 21.3676 28.9924 71.1847 208.525
556523022.842 2288.1 226.074 -58.0531 319.781 0.40478 24.111 251.382 39.0396 159.281
557648137.716 1641.31 225.689 -58.0464 319.606 0.509502 7.46777 315.429 49.5837 155.499
557870081.583 1745.27 225.808 -57.8579 319.752 0.644099 34.8911 265.169 70.032 145.542
557917188.877 2094.51 226.035 -58.0022 319.788 0.459419 23.2188 76.7741 64.667 176.477
560671296.383 2162.9 225.745 -58.0037 319.653 0.532664 22.9397 348.642 41.5767 208.603
560768473.264 1817.09 226.155 -58.0037 319.842 0.427083 27.5416 355.132 44.4231 210.181
561486813.623 2336.75 225.828 -58.1163 319.637 0.412827 31.4654 311.292 49.9999 147.167
562035949.667 2467.88 225.955 -58.0971 319.705 0.396977 17.568 63.2037 49.7777 178.559
562040878.953 1954.58 225.872 -57.8596 319.782 0.625924 17.2633 318.351 49.794 147.185
563614442.373 2220.69 226.219 -58.1296 319.81 0.300717 36.2228 33.7511 85.7141 210.027
565304201.075 1654.77 225.568 -58.0415 319.552 0.544723 26.9858 43.1343 44.4191 210.454
565921442.813 1615.97 226.099 -57.8703 319.882 0.558017 50.7361 52.1227 70.4877 209.232
567186573.319 1771.62 226.136 -57.9976 319.837 0.437121 45.9518 34.8053 88.289 157.224
567570300.154 1952.49 225.672 -58.0603 319.591 0.501768 25.5983 335.912 75.3034 149.532
567690124.141 2207.71 225.862 -58.1099 319.656 0.409746 30.5719 343.126 80.1818 148.523
567936288.067 1617.46 225.736 -58.1225 319.591 0.430977 35.3034 315.682 85.2066 157.153
569078715.369 2497.73 226.09 -57.9612 319.833 0.481014 50.1883 346.535 85.616 157.85
569371191.809 2238.4 225.775 -58.0056 319.666 0.523224 7.19826 44.3952 42.8882 196.504
569405797.973 2430.03 225.977 -57.9851 319.769 0.489259 16.233 100.27 45.7424 210.335
571849960.235 1645.15 226.091 -57.9856 319.822 0.459353 27.8718 263.098 72.659 177.336
572660631.815 1954.89 226.219 -58.141 319.805 0.29059 37.4948 326.955 86.9299 162.484
573422490.536 1755.3 225.661 -57.9665 319.632 0.58663 34.9967 143.629 73.8801 212.898
575116648.049 1584.98 226.041 -58.0707 319.757 0.398041 37.1509 121.201 51.4328 147.38
575128223.745 1894.62 225.744 -57.8871 319.709 0.635034 33.0006 125.097 44.7932 149.541
575356090.22 2432.78 226.022 -57.8791 319.842 0.570214 45.9706 126.978 69.519 145.686
577678146.221 2345.74 225.963 -58.1391 319.688 0.358411 54.4756 209.68 75.9053 212.645
578659159.31 2223.9 225.954 -57.8204 319.839 0.638993 15.0626 119.218 41.8957 182.384
579391323.533 1781.97 225.834 -57.9396 319.725 0.56574 53.0979 212.064 72.5901 211.634
580269034.614 2132.71 225.887 -58.1806 319.633 0.341345 19.8801 174.553 50.5036 146.578
580303587.765 1810.73 225.829 -57.9525 319.716 0.555834 8.40078 189.334 45.2769 154.754
582988063.928 1968.4 226.21 -57.9559 319.891 0.454423 53.523 161.405 85.2098 155.305
584199217.176 2052.68 225.95 -58.1648 319.669 0.339252 30.8478 212.624 47.7301 149.192
584530154.896 2204.79 225.935 -58.0383 319.724 0.453665 43.9405 188.33 58.9108 144.781
584890199.06 2073.22 226.119 -57.8665 319.893 0.556134 35.1922 169.764 51.0208 146.359
585181336.858 1889.98 225.84 -57.8994 319.747 0.59942 28.3216 189.432 58.2911 145.675
586753405.545 1776.27 225.567 -58.0724 319.537 0.517899 27.1051 113.122 74.4341 187.159
587919188.289 1640.12 226.002 -58.0976 319.726 0.384572 21.3072 307.278 43.5306 210.248
588169262.2 1798.86 225.978 -58.0337 319.746 0.446487 37.8223 230.493 56.1938 155.862
588671597.578 2249.91 226.029 -57.8714 319.849 0.575244 42.7181 256.075 60.427 147.403
