0 125.892541179 2.4 13.2329177527 1268.32328463 2855.21 9186.47092199 1.41168175236e-06
1 199.526231497 1.62 22.582848741 1321.12189817 3174.23 3422.38080311 1.77640597753e-06
2 316.227766017 1.1 30.9533406732 1030.31328225 2500.29 1107.95862317 1.78197591873e-06
3 501.187233627 0.72 44.0968259857 786.014868498 1958.6 317.721687913 1.87647011568e-06
4 794.328234724 0.48 68.7800235226 653.9332304 1603.22 90.3945348263 2.13935869924e-06
5 1258.92541179 0.3 88.1942431257 421.43180275 1087.7 22.8335867524 2.08488582752e-06
6 1995.26231497 0.22 116.044405152 290.270689964 750.9 6.25688189268 2.15925465742e-06
7 3162.27766017 0.16 141.090963639 224.132372856 481.734 2.52354340255 2.17745549869e-06
8 5011.87233627 0.1 161.413725315 109.000818253 300.581 0.456014439464 2.18353796718e-06
9 7943.28234724 0.1 213.244119091 104.264354706 214.151 0.239065878093 2.47329831291e-06
10 12589.2541179 0.1 205.413589421 75.9535961151 128.629 0.136721979827 2.34811600118e-06
11 19952.6231497 0.1 191.738552892 50.5932788849 76.3953 0.0696252491325 2.20926558845e-06
12 31622.7766017 0.1 69.5135745812 14.0499780178 20.0894 0.0408518798649 9.08356286999e-07
13 50118.7233627 0.1 114.573128831 16.7770881653 23.5114 0.0214421153069 1.66857763332e-06
14 79432.8234724 0.1 19.1724338003 2.13630408049 2.97572 0.0124157124665 3.36266559387e-07
15 125892.541179 0.1 2.63996703094e-05 1.88045669347e-06 2.61737e-06 0.00507375702728 4.71971362602e-13
16 199526.231497 0.1 12.8852370546 0.654277309775 0.909632 0.00257833232172 2.61067545486e-07
17 316227.766017 0.1 1.84860162172e-05 7.53265339881e-07 1.03711e-06 0.00166038694442 4.74489098875e-13
18 501187.233627 0.1 2.99297873238e-05 6.96585630067e-07 9.39239e-07 0.000541678702575 6.92718405296e-13
19 794328.234724 0.1 2.62651693324e-05 3.38630343322e-07 4.47242e-07 0.000166223082488 5.46251561284e-13
