243672485.812 9258.19 235.841 61.4835 95.3384 45.3571 45.8356 256.81 79.8998 7.04917
245331566.007 6938.17 235.564 61.5244 95.484 45.4504 27.9899 332.39 57.6228 328.772
254353867.89 8246.44 235.787 61.4212 95.2805 45.411 29.4763 110.43 61.1447 353.221
263246777.919 8565.33 235.669 61.5356 95.4615 45.4016 51.2591 157.253 82.8854 337.235
269302637.475 9907.17 235.791 61.5866 95.4823 45.3258 22.0948 59.7185 44.6188 336.885
270071225.697 8766.9 235.859 61.5188 95.3756 45.3318 37.6533 21.3781 60.4992 343.322
270305428.92 6649.51 235.919 61.49 95.3196 45.3216 6.39518 235.168 44.8532 18.7388
272562411.311 7411.25 235.566 61.5062 95.461 45.4588 54.7525 71.2868 88.9373 342.501
278737482.412 6423.13 235.836 61.4215 95.2638 45.3904 23.2192 59.7787 42.9231 19.7526
282157370.493 7105.97 235.753 61.4389 95.3139 45.4161 8.90004 283.579 53.864 333.258
282191348.803 9413.53 235.862 61.5758 95.4447 45.3021 8.34352 120.173 52.9045 346.85
282570174.363 7059.27 235.803 61.5385 95.419 45.3451 12.9648 311.849 45.6289 335.215
283487322.122 9094.22 235.716 61.5142 95.419 45.3931 14.9361 295.19 37.1158 356.375
291507004.99 7116.27 235.848 61.5437 95.4101 45.3242 19.0723 193.756 55.6313 329.26
292675402.219 9243.35 235.562 61.5194 95.4785 45.4536 29.9991 255.537 49.8997 25.6493
297715967.593 8158.14 235.704 61.403 95.2865 45.4543 59.9231 189.581 89.3164 26.8114
297861492.111 6643.9 235.819 61.5646 95.4454 45.3251 34.7091 75.5005 61.4449 345.631
302117256.155 8152.11 235.657 61.4997 95.4216 45.4248 29.5625 46.5877 50.9176 342.725
305288835.718 8117.38 235.798 61.5838 95.4765 45.3244 28.0804 270.562 53.4064 351.065
306602992.104 7883.35 235.717 61.5382 95.4481 45.3805 51.7548 2.44918 75.1346 333.467
312158978.282 7941.31 235.71 61.479 95.3778 45.4133 5.49125 193.985 53.1101 16.9543
336113078.852 6788.3 235.761 61.5096 95.3981 45.3771 34.733 271.434 84.2087 6.77896
339736122.812 7345.72 235.747 61.4374 95.3141 45.4193 16.5261 79.0477 55.2748 30.2985
343107417.522 9769.04 235.694 61.5217 95.436 45.3985 47.3617 63.378 69.8426 26.5146
349063387.536 6385.04 235.59 61.4831 95.4244 45.4607 17.2683 338.313 58.3037 30.7066
353500375.143 7128.94 235.641 61.5598 95.5008 45.4007 2.66111 274.085 49.4121 21.4182
357339669.735 8516.59 235.873 61.5163 95.368 45.3276 60.8849 240.027 87.8151 28.2579
358189101.717 7939.55 235.733 61.5207 95.4214 45.3831 9.8033 55.629 52.9192 11.7676
359213915.278 9410.77 235.702 61.5048 95.4123 45.4037 34.7094 256.719 84.5987 28.6335
359352211.551 7426.99 235.767 61.468 95.345 45.3956 37.1582 298.651 87.2049 20.78
361094943.996 8161.26 235.876 61.4846 95.3278 45.3422 27.0413 240.001 52.3886 11.9208
365337768.003 6788.25 235.771 61.4744 95.3513 45.3907 44.417 83.9553 76.2008 331.377
375467328.293 8399.6 235.801 61.4878 95.3577 45.3717 14.0855 357.348 35.896 0.316475
378687372.4 7237.7 235.602 61.4983 95.4389 45.448 25.2613 104.863 67.7943 356.483
380062837.385 7633.11 235.792 61.4827 95.3542 45.3777 27.4093 253.525 46.794 337.494
385509134.119 7623.32 235.648 61.4446 95.357 45.4564 41.5338 255.365 71.0636 30.3277
388111751.283 6386.85 235.91 61.5449 95.3902 45.2977 8.48613 0.262148 54.2128 346.143
388820922.104 6999.87 235.708 61.5581 95.4759 45.3744 43.3373 263.527 67.703 21.926
391145589.754 6629.24 235.742 61.5391 95.4406 45.3697 30.6661 226.974 79.0341 28.1627
396002336.217 8957.1 235.877 61.4338 95.2649 45.3672 38.5752 153.766 88.0675 21.9752
400378928.814 6662.34 235.799 61.4767 95.3446 45.3781 26.2729 162.83 76.0473 28.3332
401836456.789 8816.32 235.813 61.4749 95.3374 45.3729 36.3932 32.2471 73.764 331.011
402156444.107 8438.93 235.659 61.5119 95.4358 45.4175 17.7504 18.077 52.1954 330.301
409708009.074 9507.27 235.827 61.5517 95.4271 45.3286 62.5364 107.197 80.8709 19.5025
410969013.563 6958.16 235.635 61.4189 95.3299 45.4746 63.321 124.274 56.5764 337.161
411203485.381 9744.61 235.598 61.5528 95.5073 45.4221 55.1286 125.312 50.7036 344.586
414075668.768 8021.78 235.741 61.5475 95.4515 45.3661 26.1835 339.382 75.1034 29.5072
416647319.753 6800.16 235.741 61.4915 95.3827 45.3944 41.5944 112.125 39.2193 8.36006
421792780.558 8544.54 235.92 61.4915 95.3213 45.3207 12.5773 166.171 37.5119 6.89499
429182284.893 8148.86 235.655 61.5094 95.4341 45.4206 66.9001 291.618 67.4446 329.085
429188179.145 7143.68 235.777 61.4196 95.2818 45.4158 66.3864 291.782 71.2451 329.818
430875386.143 9076.33 235.581 61.5419 95.4995 45.4344 56.4748 312.019 60.1786 336.825
439702097.454 8196.51 235.863 61.5617 95.4271 45.3088 30.9104 29.4412 49.2693 21.8376
440255844.475 6669.77 235.925 61.5221 95.3573 45.3033 60.0038 8.63057 88.4721 27.388
442265565.814 6331.99 235.56 61.498 95.4532 45.4656 34.0972 154.415 83.9217 345.866
442905787.006 6600.47 235.833 61.4263 95.271 45.3895 26.8975 98.1641 70.3275 356.659
446090299.209 9957.46 235.779 61.525 95.4109 45.3619 19.7008 23.1302 69.6931 26.0538
447950502.17 7413.12 235.599 61.5549 95.5092 45.4204 31.8294 125.662 49.5439 336.609
449921160.822 8222.6 235.722 61.5485 95.4591 45.3733 38.5651 243.21 70.8213 30.1815
450826158.076 7847.1 235.879 61.4702 95.3093 45.3484 36.2063 67.419 83.8851 358.842
452531073.814 8555.0 235.867 61.5046 95.3554 45.3358 55.9234 105.527 58.5641 328.268
454598644.012 7757.6 235.562 61.4463 95.389 45.4911 16.8147 208.14 55.103 30.3596
471749148.971 8777.16 235.743 61.4138 95.2864 45.4327 19.0423 338.626 35.9184 357.768
474516577.848 8085.25 235.894 61.4803 95.3162 45.3368 26.2866 207.76 76.1377 332.256
474550601.942 8532.5 235.643 61.4168 95.3248 45.4727 24.8888 181.764 74.8304 335.782
475362983.437 7711.85 235.756 61.5737 95.4784 45.3466 43.8182 268.351 77.8413 332.448
480505808.181 8043.88 235.617 61.4348 95.3558 45.4741 31.2922 199.356 54.3264 329.724
480545056.964 8006.93 235.596 61.431 95.3585 45.4849 11.9363 263.718 38.7933 354.705
480602663.18 6913.96 235.579 61.4942 95.4417 45.4594 36.3622 120.115 44.7146 334.693
484587173.944 9302.54 235.929 61.5201 95.3533 45.3025 27.8861 157.157 88.9655 336.624
498723709.909 8909.13 235.822 61.5613 95.4406 45.3259 36.1653 355.312 60.5746 329.0
500275718.738 7850.11 235.643 61.566 95.5079 45.397 24.0273 43.4879 58.4662 31.715
506261378.022 8861.06 235.703 61.4825 95.3844 45.4147 39.4171 259.849 89.1266 338.057
509162371.924 7070.89 235.788 61.436 95.298 45.403 37.6502 178.888 65.0897 344.579
512383989.409 7934.11 235.72 61.4385 95.3244 45.4298 32.9794 300.391 58.4676 15.2734
512692968.681 9002.89 235.716 61.4714 95.3662 45.4148 14.0584 256.674 37.8275 0.492928
513651294.308 9253.62 235.876 61.4633 95.3014 45.353 50.4698 240.403 78.84 28.6738
513743155.626 8213.96 235.738 61.576 95.4871 45.3528 30.0368 241.871 58.3623 31.6397
513834927.172 9581.51 235.71 61.5177 95.4252 45.3938 12.9838 238.73 48.0374 26.6771
514542892.216 9435.51 235.657 61.4914 95.4113 45.4291 19.804 266.539 67.2064 30.1357
516120704.196 6934.31 235.652 61.5307 95.4611 45.411 39.8355 300.254 81.477 9.69468
519078853.109 8446.7 235.867 61.4988 95.3483 45.339 34.9144 181.187 77.9598 26.6539
519079272.95 8438.79 235.761 61.4191 95.2867 45.423 23.1977 208.005 68.6669 30.7461
520748767.539 9641.75 235.658 61.5113 95.4355 45.4187 34.4057 270.492 75.1778 5.18869
521229628.444 8136.92 235.628 61.4287 95.3444 45.473 13.2924 123.115 48.5443 333.98
521423677.142 8667.9 235.767 61.4998 95.3836 45.3794 13.9961 134.07 43.4088 339.402
521456477.883 7812.12 235.725 61.5083 95.4086 45.3925 52.7404 218.619 84.4642 24.0727
523137845.586 6404.14 235.821 61.5452 95.4208 45.3342 47.4497 16.9456 81.0065 342.009
527311933.04 6836.22 235.758 61.4338 95.3057 45.4166 57.308 76.3015 86.6345 27.0574
528609661.769 8921.67 235.616 61.5251 95.4669 45.4289 26.4578 176.135 76.3425 23.3551
530131956.382 7284.24 235.854 61.5472 95.4122 45.32 43.1612 14.4405 78.8304 333.184
531810060.709 7325.92 235.717 61.4242 95.3081 45.4385 23.5271 297.518 48.1808 350.408
532540610.891 9124.91 235.689 61.518 95.4327 45.4023 8.39878 183.434 56.3853 17.2799
533158027.649 6684.5 235.769 61.5856 95.4882 45.3351 33.3453 183.674 81.5384 5.11645
535821556.604 8946.55 235.733 61.548 95.4544 45.3689 52.5208 273.453 75.48 331.724
540464491.271 8859.31 235.753 61.4034 95.2699 45.434 26.6499 309.966 46.3485 22.9061
549433204.341 6398.66 235.688 61.4237 95.3172 45.4504 45.4037 231.363 67.1167 26.6197
553747577.368 8605.19 235.599 61.5471 95.4997 45.4247 15.0835 103.384 39.4414 342.538
554895064.507 6625.1 235.805 61.4558 95.3164 45.386 6.4802 62.4589 43.8465 13.9935
555699601.226 7095.98 235.535 61.5039 95.469 45.473 21.4725 160.553 68.6169 30.2881
556912560.903 8119.76 235.804 61.5578 95.4423 45.335 24.1641 295.602 73.4143 342.621
558706194.216 7369.17 235.682 61.5288 95.4485 45.3997 25.1533 18.3029 44.6687 339.836
560493638.483 6978.7 235.792 61.4685 95.3368 45.3853 31.5631 246.044 79.159 5.88511
563247660.428 6610.13 235.559 61.4843 95.4364 45.4729 22.5463 307.783 44.2481 339.579
563538866.914 8269.21 235.833 61.491 95.3504 45.357 23.3348 299.883 45.6116 345.125
563703333.117 6555.13 235.794 61.4221 95.2789 45.4077 34.0075 74.3497 53.9952 30.0913
569941586.974 6539.01 235.798 61.5864 95.4794 45.3231 33.7504 85.5903 83.6414 18.6364
573876176.224 7509.41 235.675 61.4674 95.3754 45.4337 36.9292 261.982 79.2481 25.7508
