239802599.487 1510.38 235.923 61.5197 95.355 45.3053 50.5473 61.9715 84.8751 336.049
240673771.139 1048.11 235.231 61.5903 95.6808 45.5526 33.0022 34.2672 61.8376 328.324
242386403.424 1336.11 235.927 61.5322 95.369 45.2975 49.7698 102.59 70.4403 30.3035
242489664.969 1537.52 235.551 61.5206 95.484 45.4577 46.4003 103.17 68.0703 30.7917
243292986.304 1373.77 235.987 61.5957 95.4264 45.2406 29.5453 151.15 63.7305 28.828
245520124.507 1327.32 235.407 61.6384 95.6783 45.4563 12.7667 227.483 46.8682 347.689
245629816.428 1236.47 235.357 61.492 95.5162 45.5517 37.3464 322.443 56.7009 328.399
246919167.804 1506.38 235.844 61.5269 95.3908 45.3343 4.39197 172.826 39.3276 11.2344
252150300.912 1140.77 236.043 61.6201 95.4372 45.2051 16.9506 90.3411 51.8407 21.6709
253598452.573 1275.0 236.132 61.5395 95.3082 45.209 50.7728 257.965 85.3228 335.61
258245022.66 1293.43 236.147 61.6516 95.4408 45.1467 52.8749 222.649 87.1814 340.53
259161637.205 1313.11 235.924 61.5803 95.4289 45.2741 25.3273 164.904 55.8935 329.653
259700344.056 1419.78 235.274 61.3829 95.4117 45.642 11.7403 171.183 42.3204 337.678
259724156.397 1200.34 235.974 61.4775 95.2855 45.3053 52.3432 191.385 74.7075 330.328
260640775.097 1192.99 235.763 61.6429 95.5608 45.3087 21.6242 119.809 45.2574 348.69
261317773.867 1072.67 235.205 61.4837 95.5594 45.6183 44.1385 97.036 70.0491 349.303
263349093.063 1407.49 235.423 61.6786 95.7218 45.429 26.177 101.641 64.3902 331.555
263875904.002 1251.5 235.695 61.4925 95.3996 45.4126 18.8743 333.096 52.2873 355.245
263888129.027 1389.75 235.719 61.4873 95.385 45.4056 20.1331 118.012 52.7191 330.424
264049186.706 1012.2 236.319 61.5064 95.2044 45.1481 42.8914 136.788 67.8694 329.056
264187183.663 1380.41 236.042 61.3223 95.0714 45.3548 61.315 135.954 85.4288 332.845
264426410.531 1055.19 236.198 61.4855 95.2195 45.2088 11.4596 277.965 40.7423 2.58997
265057472.736 1081.27 236.285 61.5157 95.2274 45.1578 9.22857 70.6143 37.8858 354.706
265447230.395 1033.6 235.675 61.3306 95.2074 45.5029 6.76402 7.19756 40.485 7.72062
266043904.162 1321.65 236.016 61.6734 95.5119 45.1895 29.7471 2.04223 60.0834 3.1088
268168118.336 1188.58 235.511 61.2582 95.1754 45.6078 49.1681 96.8593 77.6832 332.777
269822680.917 1532.85 236.108 61.5409 95.3183 45.2184 59.0448 156.285 80.2326 28.909
270454196.826 1224.15 235.818 61.4927 95.3577 45.3621 18.1997 187.831 51.5934 28.7255
270896750.252 1361.32 235.865 61.2252 95.0121 45.477 44.9887 301.597 70.2331 0.651673
271085954.92 1272.48 235.991 61.3433 95.1145 45.3655 44.3598 294.434 74.2754 3.66874
271428132.419 1435.62 235.418 61.6828 95.7287 45.4289 46.9168 121.898 84.7839 22.5044
272125103.224 1408.2 235.727 61.5644 95.477 45.3634 38.9296 327.919 77.9499 336.8
273421336.181 1583.88 236.0 61.5119 95.319 45.2773 18.2897 17.5571 47.005 332.591
273999846.422 1574.99 236.204 61.6794 95.4558 45.1096 15.4685 97.9213 37.24 6.33232
274006700.003 1459.72 235.29 61.5233 95.5783 45.5632 45.6482 28.012 67.254 331.586
274367529.621 1201.29 235.702 61.2458 95.0938 45.5346 57.2775 291.741 51.2957 340.456
274401649.546 1567.66 235.618 61.4107 95.3258 45.4861 20.0316 13.7767 42.0086 349.81
274434808.657 1121.98 236.149 61.5824 95.3553 45.1807 41.909 94.2315 64.4106 29.9594
274915991.496 1384.3 235.961 61.3376 95.1179 45.381 52.867 74.1085 84.0365 26.6376
275135356.869 1138.5 235.42 61.2589 95.2078 45.6447 9.02268 301.97 50.7302 10.9488
275868017.067 1381.63 235.637 61.4248 95.3367 45.4711 33.9359 78.149 80.5953 25.8115
277636204.704 1034.57 235.948 61.5047 95.328 45.3024 37.541 125.81 71.4124 11.3643
277682383.146 1101.09 235.951 61.3726 95.1644 45.3675 25.8696 136.68 59.9143 3.80195
277969719.15 1006.61 235.417 61.2553 95.2043 45.6478 7.56219 39.0454 42.9837 342.62
278612238.918 1045.46 236.22 61.5297 95.2664 45.1775 25.5309 337.122 45.4069 337.477
279723896.867 1347.65 236.136 61.3067 95.0202 45.3236 2.6575 33.9867 49.0653 21.1685
280468587.635 1164.15 235.491 61.5733 95.5695 45.4554 27.8252 52.6317 75.4717 29.2745
282006740.837 1053.35 235.514 61.6162 95.6141 45.4241 48.0741 87.7862 87.637 17.283
282261150.82 1130.8 236.128 61.631 95.4219 45.1648 31.7734 307.197 65.8521 328.709
283016405.928 1310.19 235.42 61.5364 95.5487 45.5032 32.7685 40.0553 54.005 19.8966
283543818.528 1568.78 235.284 61.3981 95.4268 45.6301 34.0224 8.43861 54.4625 28.2557
284495887.651 1143.07 235.476 61.3336 95.2802 45.5836 11.2592 4.97739 54.8312 28.2602
284506319.575 1100.75 236.05 61.5208 95.3131 45.2523 48.2469 311.297 85.5454 23.0711
284599016.641 1332.31 235.679 61.335 95.2113 45.4989 14.0581 8.25581 58.4009 29.602
284761221.046 1077.75 235.876 61.5481 95.4058 45.3102 45.72 195.867 87.2854 344.901
284839045.36 1476.17 235.426 61.5805 95.6009 45.4784 37.5429 321.133 80.1415 24.9678
286849029.598 1202.45 235.668 61.6452 95.5963 45.3464 2.25637 78.6012 50.8259 342.145
287433557.589 1581.47 236.171 61.5355 95.2902 45.195 16.0162 340.004 42.073 2.69184
287674816.86 1111.11 235.466 61.5806 95.5871 45.462 16.3787 251.059 39.0242 343.361
288523069.006 1034.22 236.216 61.4203 95.1332 45.2337 9.45251 241.38 40.5324 12.6393
288603186.508 1165.43 235.762 61.5008 95.3867 45.3808 10.2207 269.151 42.5844 19.8566
289141283.08 1170.45 235.571 61.632 95.6135 45.3926 34.5411 273.008 71.5068 29.7144
289349542.189 1472.84 235.59 61.4675 95.4053 45.4687 35.0191 126.382 75.8124 354.805
289634620.649 1170.84 236.011 61.7338 95.5874 45.161 25.983 299.944 73.4755 29.5875
290025231.253 1284.19 236.177 61.6792 95.4645 45.1205 32.1425 12.4438 82.1681 24.4998
290405149.161 1141.42 235.526 61.2856 95.2038 45.5875 34.2661 97.134 84.1065 346.008
291243263.738 1052.22 235.475 61.3504 95.3013 45.5756 17.5046 182.776 60.652 329.301
292222274.76 1106.62 235.558 61.5825 95.5573 45.4231 9.55082 200.231 60.8674 22.1807
293388010.802 1436.89 236.254 61.4575 95.166 45.1993 47.5139 119.606 78.0519 340.55
293512103.727 1077.72 235.836 61.5699 95.4464 45.3159 34.6547 232.631 66.7165 31.1758
293964808.135 1286.19 235.726 61.3799 95.2506 45.4569 36.6796 224.282 77.4942 27.0341
294143228.486 1220.08 235.579 61.6469 95.6289 45.3817 17.6962 273.299 66.9726 29.0611
294441313.938 1434.29 235.393 61.6892 95.7452 45.4359 32.3334 273.119 76.3305 28.846
294926072.43 1388.61 235.707 61.392 95.2722 45.4589 43.455 118.235 88.2742 331.924
295396464.559 1014.58 235.532 61.4335 95.3835 45.5098 34.9804 135.628 77.5868 331.704
296977678.502 1279.06 235.379 61.5443 95.5729 45.5162 16.245 204.707 38.2158 6.74008
298279044.319 1056.69 235.893 61.4252 95.249 45.3652 22.4807 271.939 52.037 24.1142
298446375.407 1038.46 235.403 61.4423 95.4395 45.5586 36.0628 35.9575 74.2042 352.414
299046172.903 1153.9 235.662 61.4793 95.395 45.4331 38.2433 166.336 85.9979 20.1143
299777914.822 1560.28 235.66 61.5384 95.468 45.4037 28.8798 41.5506 78.7936 332.386
300779700.564 1471.12 235.993 61.6651 95.5095 45.2032 50.0881 239.352 84.0378 19.9301
301303161.862 1555.12 235.761 61.584 95.4892 45.3392 26.0391 84.911 49.2473 331.571
302901613.514 1473.92 235.725 61.505 95.4048 45.3943 15.4235 144.923 55.8729 29.9615
302992696.599 1446.99 235.873 61.2742 95.0699 45.4493 38.4576 112.464 75.5531 28.4041
304711390.007 1099.48 236.096 61.3939 95.1413 45.2968 40.2877 65.2825 85.0012 339.164
305414978.895 1066.18 236.076 61.6298 95.4382 45.1871 11.3378 187.616 50.0516 352.487
305459774.74 1208.79 235.367 61.4552 95.4677 45.5664 52.2628 147.904 85.3477 21.5668
305513768.413 1390.87 235.689 61.6171 95.5545 45.3519 43.965 50.6287 74.2792 330.744
311642701.274 1484.24 235.453 61.2642 95.2031 45.6287 14.7047 24.0231 44.0697 24.588
312983041.049 1329.01 236.021 61.3757 95.1445 45.3371 40.1494 7.75232 88.8994 16.0852
313570707.493 1351.98 235.446 61.5135 95.5117 45.5045 32.6742 176.587 82.1964 347.794
313628454.331 1257.52 236.046 61.3369 95.088 45.3459 28.2379 210.062 78.1333 338.352
314855068.569 1230.56 235.379 61.4775 95.491 45.5503 15.7993 55.278 47.2431 359.58
316747293.936 1451.63 235.36 61.555 95.5927 45.5185 12.0459 167.169 54.3656 10.2827
320590305.418 1185.53 235.614 61.4366 95.3592 45.4746 22.3952 195.504 44.6328 348.697
322752614.43 1149.11 235.716 61.7978 95.7664 45.249 54.8675 140.726 82.8015 345.436
323046712.767 1172.14 235.965 61.2932 95.0616 45.4012 38.2414 209.842 84.5311 338.285
326455969.919 1472.82 236.159 61.3571 95.0746 45.2891 16.929 322.875 66.813 22.5967
330207141.034 1359.54 235.992 61.3999 95.1841 45.337 22.9752 59.4944 52.2368 354.689
330208013.418 1446.81 235.827 61.3637 95.1961 45.4235 56.7459 79.0972 87.9088 335.695
332478658.877 1447.37 236.04 61.3811 95.1444 45.3262 14.3145 8.885 64.3357 335.365
334381179.067 1556.71 235.725 61.725 95.6742 45.2822 15.2157 119.532 39.3764 17.1267
335847410.56 1420.34 235.883 61.7661 95.6705 45.1971 37.4262 100.164 84.2392 21.4217
336814920.777 1434.97 235.696 61.4245 95.3159 45.4471 37.9081 53.0466 85.0264 338.714
337697019.717 1259.67 235.497 61.4886 95.4636 45.4963 27.1654 35.2358 59.6094 328.089
339243356.202 1185.38 235.725 61.2704 95.116 45.5126 17.9697 71.6275 44.922 26.1907
339300532.415 1500.39 235.511 61.6338 95.6366 45.4164 22.1303 74.6038 49.4473 29.0799
340584531.614 1453.47 235.854 61.5612 95.4293 45.3125 27.0519 123.711 76.8878 27.7707
341286358.96 1164.14 236.281 61.4091 95.0975 45.2125 28.0788 290.574 78.0321 332.277
341848536.99 1151.03 236.123 61.6798 95.4837 45.1426 26.9687 341.851 69.0214 329.465
344752192.444 1531.73 235.764 61.4637 95.3404 45.3988 26.9042 27.1406 70.6346 30.3814
346616301.951 1149.83 235.397 61.6273 95.668 45.4659 41.8196 82.0335 79.8095 12.62
347901205.436 1316.14 235.397 61.4606 95.4638 45.5514 23.2258 261.932 42.8639 341.613
348456095.388 1310.64 235.393 61.455 95.4582 45.5558 21.8797 330.482 47.9762 28.4468
348844746.908 1511.55 235.983 61.7094 95.5673 45.1851 53.2635 292.318 87.9129 23.5514
348846016.317 1092.29 235.414 61.4692 95.4685 45.5402 4.80572 321.908 48.347 22.3423
348944415.435 1442.78 235.752 61.5748 95.4812 45.3477 35.2675 187.373 69.2808 350.557
350313800.471 1015.56 236.038 61.5468 95.3492 45.2444 53.8846 94.2693 88.0947 8.27609
350365839.009 1201.8 235.438 61.7447 95.7972 45.3888 35.1647 110.378 85.1423 353.281
350768599.536 1419.98 235.809 61.428 95.2812 45.3984 30.5467 234.126 76.7972 331.609
351364400.568 1379.74 236.163 61.6052 95.3785 45.1636 30.9612 238.098 65.9985 328.704
352188900.149 1044.51 235.968 61.6193 95.4619 45.2366 25.1018 147.085 42.0569 338.309
352502499.87 1112.95 235.658 61.5011 95.4232 45.4238 52.188 279.645 75.5167 28.3937
352881177.671 1268.18 235.869 61.5087 95.36 45.333 27.9221 278.261 50.543 28.7668
353912191.939 1395.07 235.557 61.458 95.4049 45.487 26.6824 269.16 69.4977 30.6656
354153561.168 1296.14 235.367 61.6528 95.7098 45.4652 18.2231 3.72637 68.1997 23.5597
354484711.077 1387.87 236.05 61.6108 95.4237 45.2073 37.7225 255.316 86.7142 20.8272
355078415.855 1249.72 236.013 61.2674 95.0135 45.3943 29.3918 132.569 79.1564 331.669
358956905.432 1271.25 235.619 61.2796 95.164 45.5518 26.8154 329.838 76.1802 17.2872
362275261.94 1549.24 236.072 61.2905 95.022 45.3584 56.9647 258.247 43.2231 23.7871
363855766.196 1420.47 236.058 61.4967 95.2807 45.261 37.9147 189.022 87.6691 26.2494
364822478.731 1385.83 235.673 61.4471 95.3516 45.445 44.676 97.1118 86.3496 339.542
366114939.408 1139.27 236.047 61.3332 95.0832 45.3476 34.4395 156.65 54.6156 23.0981
367008884.504 1428.23 235.354 61.2681 95.2424 45.6675 14.4269 112.694 45.4694 25.6978
369829502.176 1059.07 235.727 61.6649 95.6 45.3122 2.04582 195.688 50.2682 342.559
372188708.606 1282.38 235.693 61.4183 95.3091 45.4511 17.8463 78.6299 60.9194 30.8163
374045790.74 1277.15 235.488 61.5487 95.5404 45.4692 45.4079 111.782 87.1695 14.9851
374059891.728 1231.58 235.401 61.4859 95.4936 45.5369 45.0861 1.05212 86.3697 339.381
374173718.666 1126.63 235.429 61.6128 95.6391 45.4603 23.4209 329.269 64.7241 328.776
375296095.153 1281.11 235.67 61.4519 95.3584 45.4435 53.1706 11.1883 48.7808 333.987
376213116.429 1048.34 235.721 61.2851 95.1358 45.507 54.9419 272.22 84.8057 336.13
378423525.929 1262.73 235.272 61.364 95.3892 45.6524 36.8861 102.983 82.0252 4.8028
380761556.664 1089.82 235.835 61.3694 95.2001 45.4171 28.8567 208.669 55.1061 348.645
380834135.706 1567.26 235.532 61.5118 95.4798 45.47 50.8173 296.742 80.5813 27.9174
381509642.417 1142.1 235.754 61.4428 95.3185 45.4138 46.9181 278.528 88.482 19.0205
382153358.762 1086.15 235.672 61.3512 95.2338 45.4937 52.0578 103.302 84.8027 3.5876
382210296.394 1304.08 235.652 61.6109 95.5596 45.3702 34.2163 83.6815 83.9974 13.9494
382733241.239 1042.39 235.386 61.3057 95.2776 45.6353 28.0914 172.999 77.9161 332.025
383501730.476 1061.63 235.73 61.4678 95.3574 45.411 49.6123 247.087 86.9164 337.579
384742101.611 1258.29 236.227 61.3384 95.0285 45.2699 37.8982 282.675 58.1924 27.3197
385372551.773 1029.42 235.716 61.2215 95.0589 45.5409 10.8553 246.93 42.8731 21.2594
385373182.539 1577.66 236.25 61.5205 95.245 45.1699 21.6338 154.411 49.5786 354.547
386517207.562 1095.45 235.976 61.6597 95.5087 45.213 28.9164 274.204 77.3971 28.7899
386804003.932 1035.16 235.708 61.3527 95.2232 45.478 33.169 307.723 83.1735 28.1181
387333184.513 1399.86 235.698 61.4092 95.2963 45.4537 27.5505 102.805 77.4997 335.304
387420534.976 1159.61 235.873 61.5054 95.3543 45.3329 41.6499 206.313 89.1068 345.091
388306375.183 1059.03 235.636 61.2851 95.1649 45.5421 9.62031 315.373 49.7559 350.592
390927564.184 1350.37 235.658 61.3765 95.2701 45.487 39.3116 195.589 83.9054 21.9273
390997340.109 1001.43 235.924 61.5109 95.3436 45.309 19.6139 278.152 69.4843 26.7505
391853339.322 1243.52 235.38 61.7078 95.7724 45.4314 32.4042 94.3099 81.9744 331.453
393746957.582 1010.47 235.752 61.4303 95.3037 45.4209 42.0969 232.89 60.9787 25.2563
394806385.039 1319.3 236.117 61.3898 95.1292 45.2901 20.4998 166.395 54.0668 30.9631
395865348.298 1478.05 235.819 61.4474 95.3017 45.3847 31.7792 189.775 81.085 28.5605
398192504.743 1159.04 235.478 61.4413 95.4121 45.5282 13.2129 98.4855 37.0799 351.427
398397660.761 1145.67 235.811 61.641 95.5418 45.2898 41.8004 137.079 62.9322 26.1164
398678372.089 1044.9 235.77 61.4728 95.3498 45.3919 32.9907 124.97 53.4013 27.6976
398685187.979 1485.26 235.632 61.3997 95.3074 45.4858 60.0375 346.839 43.8933 344.445
400574055.604 1436.48 235.545 61.5176 95.4824 45.4617 32.1374 207.82 82.0906 22.5366
402213419.372 1052.95 235.542 61.6918 95.6967 45.3738 7.7677 31.5615 46.5861 337.625
402705957.161 1210.06 235.783 61.4504 95.3175 45.3977 23.0896 11.5595 45.2802 334.272
405478899.914 1393.12 235.136 61.5476 95.6622 45.6136 38.6271 312.18 88.4744 333.787
405960136.474 1278.06 235.535 61.5137 95.4811 45.4679 37.6342 343.954 83.323 337.445
407801051.164 1452.15 235.598 61.4133 95.3361 45.4931 39.6655 38.0133 60.4238 28.2845
407812193.357 1151.82 235.937 61.5118 95.3403 45.3034 61.6273 69.7394 75.3288 28.8956
409868103.49 1534.54 235.54 61.5258 95.494 45.4594 35.31 87.2931 85.2681 23.7791
411118504.765 1174.6 235.16 61.476 95.5658 45.6406 57.9176 125.207 65.3894 328.466
411414571.797 1040.47 235.496 61.5617 95.5535 45.4594 49.4001 126.573 61.5032 10.3321
411724272.091 1357.1 235.969 61.4706 95.2788 45.3108 39.8521 137.987 39.9022 351.559
411850928.107 1325.11 235.787 61.6185 95.5226 45.311 39.1264 142.831 55.9898 330.125
412480426.054 1053.18 235.392 61.4188 95.4146 45.5751 36.4667 232.036 56.8193 337.052
412542774.232 1439.05 235.777 61.461 95.333 45.3952 14.8093 253.582 37.8846 358.062
412914200.762 1536.42 235.99 61.6409 95.4808 45.2165 18.0387 311.787 46.6989 27.093
413167019.775 1372.76 235.865 61.6347 95.5159 45.2711 28.5095 181.407 59.6056 352.729
413189909.908 1088.85 235.936 61.5151 95.3449 45.3022 28.3362 179.604 59.8704 353.178
416207155.797 1005.21 235.594 61.6696 95.6518 45.3642 42.5597 95.6711 42.3566 341.064
416550533.98 1066.8 235.667 61.6941 95.6563 45.3216 39.9765 108.554 39.6829 342.12
416755683.393 1048.78 235.931 61.4412 95.2558 45.3415 6.77509 78.4886 49.7334 22.0451
417259443.499 1338.56 235.533 61.4012 95.3435 45.5258 6.90283 165.705 41.4918 21.9778
418267836.646 1034.69 235.797 61.4786 95.3474 45.3777 65.1214 344.989 83.9694 347.245
418461215.677 1281.2 235.865 61.3238 95.1339 45.4278 16.4979 0.867268 65.9997 22.1561
419316695.994 1079.02 236.006 61.6628 95.5024 45.1992 42.1118 106.05 87.0343 334.995
419996855.397 1542.76 235.942 61.3971 95.1977 45.359 46.0449 104.557 61.897 332.197
420191347.894 1445.27 236.073 61.5399 95.3287 45.2332 10.005 135.025 56.4484 332.918
420236778.998 1066.95 236.145 61.3505 95.0712 45.2981 5.68602 20.2185 54.2357 342.376
420992305.236 1336.0 235.682 61.4227 95.3186 45.4537 20.0358 163.676 43.9841 335.007
421153010.388 1255.07 235.366 61.5293 95.5589 45.529 42.4905 146.497 64.3855 330.271
421174733.739 1113.57 236.064 61.5703 95.3691 45.2218 17.4161 236.628 39.9312 7.60484
421215456.094 1188.32 235.429 61.4138 95.3955 45.5625 13.069 23.8059 44.3405 336.121
421620527.758 1224.7 236.043 61.6992 95.5344 45.1656 31.533 230.472 52.1035 26.8263
421701134.758 1303.33 235.484 61.3167 95.2569 45.5892 14.2896 190.936 37.0977 11.432
421711890.961 1314.58 236.258 61.4534 95.1596 45.1998 37.8172 228.668 59.25 29.4071
421769659.664 1555.35 235.575 61.3105 95.2173 45.5544 16.3563 203.351 39.3513 18.3134
422272626.14 1566.73 235.96 61.7204 95.5885 45.1889 26.1353 210.675 56.5147 31.3818
424415484.631 1235.25 235.962 61.5549 95.3848 45.2714 24.8998 101.944 71.3245 329.83
426278940.095 1496.89 235.875 61.5209 95.3727 45.3243 28.4045 175.584 49.1479 26.7567
427531800.096 1026.83 235.768 61.4071 95.2696 45.4259 15.1993 205.012 63.6407 28.6255
430040389.651 1216.58 235.536 61.598 95.584 45.4243 40.4445 295.973 62.4676 328.963
430326238.657 1278.31 235.703 61.7444 95.7054 45.2813 34.7092 49.0908 55.9745 331.174
430907756.844 1282.98 236.233 61.5457 95.2819 45.1644 50.9958 101.402 75.0426 29.3234
433428672.738 1058.67 236.142 61.6086 95.3896 45.1702 34.726 24.7782 82.2488 335.988
434000725.448 1111.54 235.723 61.4491 95.3369 45.4233 38.2904 29.9055 82.0303 335.01
434142861.851 1394.04 235.651 61.2462 95.1117 45.5554 56.5318 264.949 54.4095 330.014
434541813.199 1097.78 235.911 61.4519 95.2756 45.3441 42.8857 254.653 68.1981 18.6445
434954513.797 1532.08 235.657 61.4176 95.3209 45.4665 40.8809 271.425 36.7328 353.216
434972806.421 1237.1 235.769 61.7463 95.6853 45.2537 41.1009 270.853 76.5317 331.108
435133184.205 1323.08 236.103 61.5748 95.3615 45.2035 44.2755 277.086 89.531 331.593
437332151.571 1010.08 236.176 61.5858 95.3501 45.1677 39.4139 44.6476 89.0076 19.4393
437788332.572 1222.32 235.311 61.6289 95.7 45.5002 35.224 323.02 86.058 337.597
438937594.042 1089.9 235.298 61.4403 95.4738 45.6027 49.2839 180.458 73.2901 330.274
438964155.89 1226.94 235.783 61.6321 95.5406 45.3059 49.4487 179.58 70.7583 16.2844
439315092.681 1195.22 235.695 61.5413 95.4598 45.3882 39.9246 190.599 78.8781 331.019
440961078.746 1004.53 235.697 61.6507 95.5931 45.3318 26.1986 204.689 63.5122 358.824
443101048.034 1140.01 235.953 61.2393 94.9992 45.4332 9.63259 230.647 56.6897 332.985
446903292.379 1347.63 235.239 61.3235 95.3509 45.6867 36.4577 81.3892 85.7904 0.277178
447105383.547 1366.39 235.602 61.3321 95.2346 45.5324 34.4678 219.051 82.1462 334.51
447127439.401 1292.95 235.817 61.7074 95.6212 45.2537 23.8485 153.254 73.7064 333.073
447401351.198 1067.46 235.416 61.6939 95.7429 45.4239 39.2894 107.756 66.5798 344.279
447475353.298 1543.08 235.575 61.6342 95.6147 45.3898 25.7374 60.3942 69.2453 354.19
447813321.77 1193.69 235.942 61.5833 95.4264 45.2652 7.15137 162.123 52.7612 335.971
448203008.542 1401.89 235.991 61.4686 95.2688 45.3028 49.1429 221.418 78.2117 331.405
448732072.965 1425.95 235.709 61.416 95.301 45.4459 57.6161 269.165 83.1321 27.6142
451031469.283 1037.13 235.587 61.3866 95.307 45.5111 33.0679 9.35985 82.8566 14.4523
451236635.984 1331.92 235.732 61.5124 95.4115 45.3877 38.6963 297.979 88.6981 27.0697
452290470.255 1039.42 235.953 61.4853 95.3025 45.3102 5.10549 65.5445 55.086 338.611
452742824.06 1136.15 236.156 61.3961 95.1235 45.2707 41.1184 149.86 67.3344 328.852
453148306.475 1254.52 235.949 61.6468 95.5019 45.2303 32.4809 146.468 54.4355 330.629
454998369.011 1237.75 236.007 61.3538 95.1221 45.3537 26.2441 208.217 69.8032 30.7149
455525087.158 1391.56 235.742 61.2381 95.0704 45.5218 29.2538 291.334 79.1863 21.4003
456093182.008 1204.81 235.237 61.4796 95.543 45.6072 55.9922 321.948 81.1473 331.243
456802731.706 1039.61 235.695 61.6468 95.589 45.3345 66.4528 99.6862 85.4702 338.004
457150561.226 1183.08 235.501 61.4178 95.3751 45.5307 24.5104 108.165 57.698 328.228
457172342.633 1320.51 235.887 61.4148 95.2382 45.3726 20.0415 252.262 54.2312 0.642078
457241773.375 1343.08 235.409 61.6867 95.7366 45.4306 17.7181 124.416 50.6132 331.348
457617413.466 1142.09 235.124 61.4703 95.5718 45.6586 47.0076 215.534 73.6546 23.1664
457709985.507 1023.44 235.823 61.5578 95.4357 45.327 17.098 144.708 38.2625 348.719
461049125.422 1001.57 235.716 61.4999 95.4014 45.4003 17.4281 330.116 67.3949 337.182
461562725.716 1053.6 236.348 61.4589 95.1363 45.1599 27.8656 222.486 64.0418 3.77567
462729015.012 1521.55 235.936 61.7062 95.5791 45.2057 13.9425 74.0565 36.1223 0.243606
464145418.101 1097.05 235.833 61.2272 95.0255 45.4893 21.2561 110.662 66.1845 31.1015
464225061.966 1313.2 235.287 61.648 95.7319 45.5003 31.0395 87.7108 74.7864 28.4992
464408598.201 1226.05 235.362 61.5485 95.5839 45.5208 20.2463 158.838 70.0086 27.4114
466046066.398 1358.52 236.107 61.4536 95.2111 45.2625 32.8201 15.9631 70.0189 329.557
466239135.863 1052.46 235.714 61.438 95.3263 45.4326 12.7541 159.111 52.2504 352.699
466594011.988 1047.43 235.482 61.5012 95.4841 45.4959 17.2518 8.75417 46.3681 333.279
466960009.327 1163.79 236.132 61.4763 95.2305 45.2407 33.7572 351.312 54.7675 331.04
467828532.303 1133.32 235.982 61.3698 95.1503 45.356 36.7599 303.364 61.2078 342.36
467862779.728 1057.19 235.99 61.3603 95.1361 45.3576 35.214 301.36 60.1343 343.669
468403514.342 1069.66 235.53 61.5881 95.5741 45.432 45.3604 34.5212 81.4957 25.445
468444360.65 1006.57 235.546 61.4881 95.4458 45.4763 13.9488 61.2563 56.3884 29.516
469841702.378 1236.5 235.879 61.6128 95.4842 45.2763 32.7952 297.008 82.1563 331.975
470459089.296 1029.96 235.865 61.2692 95.0664 45.4551 36.5104 325.448 76.6676 332.291
470984698.563 1458.44 235.239 61.4193 95.4686 45.6375 43.711 314.508 73.9764 330.445
471475259.314 1502.25 236.314 61.4249 95.1059 45.191 22.2992 321.781 41.9893 337.574
471806346.559 1282.0 235.494 61.7151 95.7419 45.3817 19.1619 327.193 36.4025 354.947
472069876.185 1528.85 235.62 61.5867 95.541 45.3956 39.2187 271.009 60.2463 336.519
472954572.124 1477.26 236.116 61.3565 95.0885 45.3072 58.6418 98.2168 51.7522 18.1634
473720029.531 1130.38 235.783 61.4124 95.2709 45.417 25.2751 75.3425 75.2379 25.2504
474550791.245 1357.16 235.258 61.543 95.6135 45.5661 25.2009 200.684 75.1127 333.001
474757738.374 1044.16 235.346 61.6298 95.6888 45.4854 43.8339 283.775 88.9895 344.039
475077406.275 1460.11 235.165 61.4067 95.4792 45.6744 41.7752 273.804 81.315 335.207
475443228.016 1228.89 235.809 61.629 95.528 45.297 54.2992 269.449 88.716 336.618
475579179.912 1143.61 235.409 61.6084 95.6406 45.4707 12.0975 263.582 47.4851 334.412
475990120.99 1119.15 235.502 61.4467 95.4104 45.5156 6.61951 89.6373 38.605 355.088
476641572.916 1566.96 235.315 61.3103 95.308 45.6621 62.7343 105.694 37.6794 355.718
476783467.932 1225.84 235.918 61.612 95.4698 45.2606 35.1162 305.952 57.496 29.8331
477515346.159 1196.17 235.663 61.7524 95.7292 45.2938 1.44165 40.7174 51.4299 20.3172
478819121.192 1278.33 235.547 61.3958 95.3321 45.5227 45.298 94.7031 86.0491 355.146
479705966.274 1426.85 235.788 61.4751 95.3464 45.3834 18.7228 195.915 61.0334 329.145
480178452.43 1192.86 235.755 61.4115 95.2794 45.429 46.538 305.29 76.6335 19.5348
480545234.046 1157.52 235.452 61.3496 95.3083 45.5855 12.4349 229.985 38.8834 345.483
480647320.083 1304.47 235.549 61.518 95.4816 45.4599 30.6752 288.253 52.4722 18.3046
480860556.261 1014.79 236.089 61.6699 95.483 45.1615 57.0307 188.54 81.5421 331.454
481779914.198 1257.37 235.695 61.4022 95.2887 45.4584 42.7451 129.41 71.4076 342.516
482463723.631 1106.73 235.664 61.6266 95.5747 45.3572 22.7926 255.835 67.7039 30.6886
482681185.758 1322.22 236.027 61.5147 95.3132 45.2646 19.6876 302.016 69.5055 27.5884
483809607.347 1349.07 235.654 61.4225 95.3278 45.4651 28.0536 131.274 75.439 330.486
484636579.442 1414.1 235.731 61.7478 95.7001 45.2683 24.4715 287.406 57.4005 4.29692
484807843.292 1115.94 235.387 61.688 95.7458 45.439 29.0552 271.878 57.7078 10.3149
485058994.196 1483.54 236.249 61.5523 95.2844 45.1542 38.0161 255.433 62.1059 19.4245
487515363.529 1045.95 235.493 61.3374 95.2792 45.5749 29.9511 232.634 79.4499 29.2026
488290287.166 1574.4 235.596 61.6344 95.6077 45.3811 32.6401 102.424 83.3758 336.572
488541923.902 1245.74 235.305 61.3776 95.3941 45.6317 43.9567 125.849 87.9713 342.014
489095782.657 1449.6 235.463 61.4593 95.4391 45.5249 46.701 110.592 80.7061 333.482
490281993.472 1491.47 236.019 61.376 95.1453 45.3374 29.3485 168.001 49.2585 25.9197
491196372.508 1127.13 235.448 61.3433 95.302 45.5904 0.282945 178.118 50.104 19.9933
492684411.958 1016.52 235.781 61.5346 95.4216 45.3559 33.9819 41.8157 83.3151 332.466
492901378.214 1407.29 235.936 61.4803 95.302 45.3197 28.06 37.6485 76.3611 330.653
493506053.007 1511.37 235.387 61.4557 95.4614 45.5583 43.1408 157.937 54.5584 343.386
493963354.349 1083.3 235.722 61.2368 95.0755 45.5306 13.6212 60.3364 45.5223 334.778
495036324.724 1184.35 235.174 61.4794 95.5651 45.6333 25.244 100.53 46.8583 26.4819
496144508.054 1350.72 235.691 61.5161 95.4302 45.4026 14.3025 133.754 62.2344 28.6091
497237143.044 1047.89 235.998 61.2331 94.9761 45.4175 27.6247 205.886 83.6912 353.344
497370190.234 1380.39 235.563 61.2259 95.1174 45.6023 33.3769 358.955 81.842 332.956
497426712.163 1393.36 235.431 61.2909 95.2435 45.6242 25.1767 313.684 74.9457 331.58
497667410.88 1042.61 235.322 61.5214 95.5645 45.5509 35.8683 17.19 80.2774 334.833
497745140.611 1184.21 235.598 61.5587 95.5146 45.4192 40.6392 165.324 83.7669 9.87583
499352320.85 1087.4 235.841 61.5925 95.4722 45.3021 53.4452 271.511 77.7115 332.204
499386569.863 1327.62 235.461 61.6485 95.6717 45.4289 53.6155 271.315 77.0294 332.493
499819130.898 1382.29 235.523 61.4249 95.3761 45.5178 15.4695 38.4003 43.6208 24.5838
500493199.792 1520.65 235.496 61.579 95.5746 45.4503 6.32455 90.7769 54.7108 24.7598
501115922.63 1401.98 235.923 61.6783 95.5495 45.2252 24.2403 120.74 74.1256 23.9639
501189324.661 1337.45 235.132 61.5214 95.6315 45.6289 32.1655 52.051 80.8431 27.4941
501952922.309 1371.75 235.613 61.4147 95.3326 45.4862 34.3109 309.336 82.5753 334.326
502466469.807 1458.92 235.127 61.4996 95.6064 45.6419 18.5432 291.146 63.3191 329.469
502785042.295 1353.32 235.593 61.6282 95.6013 45.3857 31.1033 92.9879 65.7594 6.8766
503504909.489 1481.94 235.905 61.583 95.4386 45.2809 26.841 30.8529 46.9448 14.3983
504671472.128 1460.06 236.024 61.4025 95.176 45.3222 44.0852 237.622 73.6405 342.175
504789809.124 1209.21 235.751 61.403 95.2702 45.4351 13.1797 290.769 55.5981 31.4281
504967108.734 1435.35 236.252 61.5075 95.2283 45.1756 10.516 8.05068 53.8081 27.7388
505366451.588 1541.86 235.46 61.613 95.6287 45.4478 25.757 356.752 70.4636 30.2898
506443876.668 1582.35 235.872 61.4628 95.3023 45.3551 33.3178 246.037 82.403 332.498
508144519.132 1381.37 235.91 61.5477 95.3934 45.2963 24.624 337.807 45.9514 15.4542
508236075.452 1091.89 235.802 61.5933 95.4863 45.3177 18.525 321.509 40.05 10.6564
509206911.872 1202.3 235.578 61.4657 95.407 45.4747 12.9108 289.232 46.5701 25.7635
509824638.475 1266.53 235.252 61.4027 95.4434 45.6407 27.2792 120.46 69.0488 2.02198
510325340.399 1223.1 235.797 61.61 95.5086 45.3114 37.9022 268.263 86.173 19.975
511174566.613 1313.4 235.607 61.7528 95.7486 45.3163 27.0361 176.619 75.8188 330.787
511401471.902 1209.92 235.649 61.3256 95.2101 45.5163 35.8272 35.7133 79.9999 4.33176
512144431.793 1513.56 235.918 61.6665 95.5365 45.2332 19.3939 329.88 51.9115 1.53711
512760847.923 1097.02 236.169 61.6793 95.467 45.1237 37.2358 275.806 58.5572 23.0132
512851722.951 1038.61 235.183 61.5136 95.6035 45.6118 56.9435 261.628 81.9363 27.8239
512922162.172 1249.1 236.135 61.3984 95.1335 45.2785 44.9075 116.463 51.6886 334.459
514052379.042 1533.75 235.712 61.5066 95.4109 45.3985 6.92983 82.8011 51.0483 13.6748
514589763.025 1178.37 235.719 61.6351 95.5663 45.3308 29.3663 56.3874 74.3993 4.0784
514978691.648 1221.99 235.393 61.6626 95.7126 45.4498 39.9713 66.8146 88.6063 350.761
514989943.047 1306.12 236.012 61.2934 95.0458 45.3821 37.4122 53.8229 86.2404 356.594
515204951.237 1469.46 235.796 61.5577 95.445 45.3385 39.8028 246.088 89.6902 24.1249
515687843.188 1277.69 235.206 61.3743 95.4246 45.6741 26.3505 86.1855 75.3504 333.972
516128912.582 1451.38 236.039 61.501 95.2923 45.267 46.1129 178.929 87.524 340.349
517811454.701 1426.5 235.183 61.4969 95.5831 45.6205 33.1548 213.372 53.9899 28.3186
517971741.997 1437.3 235.516 61.4883 95.4564 45.4887 17.4373 191.27 41.6323 22.0257
517993769.715 1537.84 236.174 61.5577 95.3163 45.1829 49.3836 208.571 74.4999 29.5844
518131222.038 1201.77 235.681 61.5534 95.479 45.3876 32.0595 201.203 56.9401 30.9914
519674966.206 1085.94 235.738 61.6311 95.5546 45.3248 37.53 338.508 87.1342 357.002
523763593.552 1264.01 236.281 61.6191 95.3556 45.1081 39.2237 110.085 83.9876 21.4896
524601092.195 1156.82 235.73 61.6394 95.5675 45.3237 33.5712 3.82319 83.4926 331.794
525948900.601 1062.91 235.503 61.7491 95.78 45.3605 17.2039 48.8495 48.3742 332.343
526349131.796 1365.83 235.86 61.6196 95.4987 45.2806 41.0785 37.3358 63.4018 330.067
526416039.876 1347.0 236.174 61.4101 95.1347 45.2565 35.5202 126.71 56.6864 21.6755
528015482.71 1210.37 235.975 61.4578 95.2611 45.3151 9.0317 143.093 57.6937 26.097
528083570.796 1551.04 235.466 61.312 95.2571 45.599 22.6106 92.9539 65.5413 31.3664
528579779.709 1143.44 235.938 61.3683 95.1634 45.3752 68.5035 73.6778 86.4398 19.689
528814494.966 1153.69 235.204 61.5045 95.5852 45.6082 35.3509 98.7773 85.2676 27.7529
529949348.026 1008.57 235.759 61.7204 95.6568 45.2708 44.2967 22.2672 83.7091 337.026
530062636.868 1347.52 236.204 61.5456 95.2911 45.1762 13.5605 341.357 56.8184 330.891
531455452.214 1076.0 235.301 61.3898 95.4103 45.6272 14.5121 23.6637 36.7068 9.72088
531866818.252 1099.1 235.556 61.4281 95.3683 45.5026 11.2089 317.614 41.22 5.99493
532141129.219 1060.1 235.648 61.664 95.6258 45.3447 16.1088 268.719 50.153 2.23441
532402747.03 1479.01 235.745 61.5375 95.4377 45.3697 54.2221 79.2758 63.0782 31.7414
532757034.146 1006.8 236.132 61.3605 95.0876 45.2985 46.473 83.9339 65.3525 30.3192
532861209.578 1234.68 235.465 61.6336 95.6519 45.4349 35.1932 224.841 79.1565 357.099
533592385.026 1330.35 235.768 61.3026 95.1409 45.4787 36.7883 170.694 86.7356 358.392
534723437.0 1138.32 236.107 61.647 95.4486 45.1657 26.4996 97.0908 62.9703 2.63949
535020314.946 1571.75 235.903 61.535 95.3804 45.3059 29.9642 73.2762 59.5816 9.93922
535043501.99 1555.54 235.587 61.3512 95.2633 45.5292 16.0009 68.176 48.4769 359.061
535363960.318 1085.99 236.114 61.3557 95.0879 45.3084 21.851 313.98 43.5912 335.3
535500121.03 1085.71 235.601 61.7813 95.7853 45.3039 28.2177 28.0898 48.7757 15.5546
535779424.859 1287.32 235.748 61.6273 95.5467 45.3229 47.4415 32.8985 69.4561 27.2346
535854155.956 1478.02 236.171 61.5067 95.2546 45.2095 25.9113 39.6156 47.1541 22.6607
536483005.808 1015.64 235.333 61.6986 95.7773 45.4553 13.8034 245.94 43.6514 2.08051
536522396.507 1129.76 235.866 61.4842 95.3304 45.3465 16.8238 343.625 46.4522 26.9223
536624228.509 1351.02 236.061 61.3172 95.0585 45.3498 53.214 323.435 84.2084 26.7869
536716951.348 1357.83 235.723 61.3922 95.2664 45.4519 34.0029 107.5 45.9655 14.1123
537561901.515 1469.9 235.218 61.467 95.5341 45.6216 19.7371 62.97 69.7044 25.712
537721211.924 1280.77 235.861 61.2375 95.0285 45.4728 30.1492 4.3993 78.9585 28.9872
538690081.438 1303.56 236.209 61.6704 95.4427 45.1118 31.8523 253.063 78.3 332.777
539043384.883 1115.71 235.375 61.6083 95.6524 45.485 10.5524 195.542 59.4751 333.906
539501141.41 1570.85 235.672 61.5267 95.4494 45.4049 45.4782 256.329 76.9648 331.601
539687991.518 1379.13 235.674 61.4326 95.3332 45.4519 53.3126 101.68 49.9067 4.50498
539744178.712 1138.12 235.994 61.4595 95.2563 45.3061 56.955 354.566 87.1342 25.0238
540613636.788 1250.22 235.844 61.463 95.3121 45.3665 10.4704 155.294 37.9487 354.598
540688538.165 1413.08 235.706 61.3714 95.2467 45.4695 40.6405 206.083 61.9036 336.589
540886884.97 1457.9 235.238 61.4673 95.5274 45.6131 30.1051 291.691 53.4467 30.0589
542188657.765 1031.88 235.367 61.628 95.6791 45.4779 29.1926 290.987 77.0284 28.6173
542269151.552 1399.02 235.749 61.7523 95.6991 45.2586 24.9337 348.447 74.8968 27.459
546798980.978 1160.82 235.947 61.7713 95.6551 45.1685 28.3625 253.232 76.9767 28.876
546811651.243 1118.03 236.034 61.3747 95.1384 45.3321 29.0405 14.9736 77.4801 11.2075
546838376.608 1385.03 236.29 61.5712 95.2938 45.1281 38.4937 220.303 86.2064 19.5333
547113087.232 1305.27 235.341 61.5292 95.5675 45.5394 35.9511 256.454 85.7528 27.8851
547137079.77 1165.56 235.616 61.5678 95.5191 45.407 34.8096 335.881 84.8072 16.1798
547298076.248 1469.9 235.851 61.6189 95.5011 45.2849 36.9964 58.4675 86.9729 344.086
548669342.834 1254.67 236.233 61.6456 95.4041 45.1143 11.7881 148.307 48.2224 334.179
548937357.441 1074.98 235.128 61.5095 95.618 45.6366 9.34167 213.484 41.2535 350.367
549553113.269 1299.09 235.52 61.3254 95.2545 45.5697 45.7689 229.679 66.8098 27.8622
552571545.491 1048.17 236.246 61.5918 95.3337 45.1358 17.9222 60.523 65.9387 330.773
553371169.35 1354.5 235.832 61.3719 95.2039 45.4171 27.5201 91.8604 55.4663 328.498
554256621.823 1363.96 235.695 61.282 95.1405 45.5194 50.9874 64.1281 71.976 332.854
555162212.343 1120.66 235.612 61.5083 95.4475 45.439 45.062 109.075 79.2335 27.0315
555664583.63 1076.96 236.089 61.4247 95.1813 45.2842 41.4181 102.107 84.7662 21.2043
560434553.587 1574.07 235.668 61.62 95.565 45.359 38.4253 61.7347 84.7328 20.7978
563076035.587 1004.71 235.66 61.5202 95.4455 45.4131 12.068 0.298779 36.8555 350.415
564396071.005 1570.83 235.438 61.6031 95.6243 45.462 47.3487 266.344 83.4395 342.887
564544289.439 1318.59 235.597 61.5261 95.4746 45.436 38.0884 247.813 76.4212 350.958
565686073.637 1304.71 235.972 61.5724 95.4026 45.2584 39.1834 125.436 88.7954 11.712
565915347.545 1163.76 235.9 61.3058 95.0992 45.4222 29.7471 177.059 78.8808 346.861
569814338.243 1232.52 235.958 61.3464 95.1294 45.3778 38.7942 312.916 87.6782 19.1394
570244942.234 1229.82 236.101 61.6925 95.5064 45.1454 37.1093 108.659 86.838 0.331822
570988003.11 1139.53 235.506 61.6541 95.6628 45.4077 33.4369 125.105 62.2638 346.084
572860447.998 1252.21 236.014 61.5483 95.3588 45.2534 26.3323 288.024 49.978 28.9355
572861309.629 1508.25 236.084 61.4032 95.1568 45.2973 16.0548 153.871 42.8652 354.782
573044049.68 1409.36 235.646 61.4763 95.3966 45.4414 17.2082 156.739 46.3226 357.191
573637686.393 1057.85 235.995 61.4601 95.257 45.3056 9.60392 151.553 56.5806 14.1386
574287713.853 1100.41 235.811 61.605 95.4978 45.3083 30.0509 295.091 79.0888 28.6487
574971010.744 1493.81 235.824 61.4543 95.3083 45.3791 35.6887 193.962 84.598 334.998
575774714.484 1348.68 236.235 61.6576 95.4183 45.1077 17.428 5.74356 58.4446 353.918
576260785.634 1435.59 235.883 61.7511 95.6521 45.2049 52.7215 107.327 47.0998 333.148
576814062.549 1244.57 235.744 61.4078 95.2785 45.4355 15.787 243.293 37.4241 6.0659
578743568.615 1414.07 235.594 61.3923 95.3113 45.5052 24.4876 264.567 73.6191 29.5598
588577001.38 1260.25 235.975 61.3923 95.1802 45.3476 23.7886 6.36746 83.4988 331.211
