254606103.175 24848.3 235.773 61.5215 95.4085 45.3661 27.241 89.3895 56.3633 359.103
262107953.667 21000.7 235.699 61.4696 95.3701 45.4227 38.8715 297.774 73.9106 26.8412
283738964.547 19159.3 235.913 61.4487 95.2712 45.3452 24.2155 355.237 47.0845 27.3241
286951784.563 17277.0 235.912 61.5423 95.3864 45.2982 19.9495 40.9877 54.8581 359.775
288098224.42 16462.2 235.678 61.5065 95.4227 45.4126 30.8361 305.243 50.9399 26.5303
290784143.174 17181.9 235.796 61.4652 95.3314 45.3851 20.8909 117.982 70.7958 336.03
300785794.031 21492.5 235.909 61.505 95.3418 45.3186 49.271 267.874 69.3363 12.2332
314167990.908 15854.5 235.797 61.4496 95.3119 45.3924 18.2759 276.228 63.7924 329.61
316540557.257 20085.9 235.776 61.4793 95.3557 45.3862 4.75633 320.647 47.4193 21.4487
326364012.522 17531.1 235.916 61.5007 95.3338 45.3175 14.4866 287.885 64.0978 26.9338
328201192.727 22185.5 235.735 61.5859 95.5006 45.3491 35.674 149.029 61.1378 328.768
330675531.301 18132.4 235.858 61.4725 95.319 45.3556 38.7478 162.847 76.2751 27.8049
333773964.928 19882.0 235.785 61.4213 95.2813 45.4118 14.0536 103.312 37.2475 348.88
375112545.657 23472.6 235.857 61.5519 95.4169 45.316 16.9487 335.838 40.7304 339.742
377155405.363 20971.4 235.702 61.4934 95.3983 45.4094 40.4744 347.911 85.5678 19.9894
386493918.132 16134.1 235.748 61.4525 95.3324 45.4113 35.5525 249.887 82.6537 23.9164
395533415.947 21603.8 235.614 61.4369 95.3596 45.4745 22.5574 192.814 70.2751 30.1783
397929697.645 24740.3 235.683 61.4954 95.4074 45.4163 26.5079 64.8097 51.0129 330.321
405707046.324 17593.8 235.668 61.4712 95.3827 45.4346 30.2777 172.47 78.0177 335.671
409105796.965 22607.7 235.854 61.5561 95.4232 45.3154 32.4645 0.0977022 74.2251 28.6804
412263094.385 24268.0 235.765 61.5213 95.411 45.3694 41.3612 243.657 61.8328 332.979
412867468.081 15871.5 235.919 61.5443 95.3865 45.2945 56.2234 288.309 85.2976 27.3193
416544819.594 16188.8 235.768 61.5278 95.4181 45.3651 16.744 219.938 39.6987 341.645
432687722.32 16261.6 235.617 61.4796 95.4108 45.4514 31.3313 193.223 81.2943 23.5919
434445651.842 21273.8 235.739 61.4598 95.3445 45.4114 45.4209 255.206 43.9118 340.637
446147227.04 15975.7 235.783 61.5147 95.3965 45.3652 23.0588 352.411 72.5478 28.925
453788517.563 20778.9 235.83 61.5109 95.376 45.3481 41.2016 114.688 62.5043 336.234
461643107.271 21396.5 235.904 61.5252 95.3681 45.3101 12.7227 219.58 52.7454 352.418
467633759.17 20173.5 235.781 61.4591 95.3291 45.3944 17.8443 328.937 41.1396 353.74
467645021.364 18946.4 235.569 61.4719 95.4179 45.475 13.4228 346.058 38.4488 1.80469
484226329.668 17545.9 235.691 61.49 95.3982 45.4159 61.0106 100.251 60.9479 329.96
485801237.895 24789.6 235.793 61.4775 95.3477 45.3801 50.3764 222.798 73.9064 29.3293
488408921.114 24891.1 235.771 61.468 95.3434 45.3939 21.7866 354.988 71.1417 341.201
507688309.15 17010.4 235.748 61.5565 95.4596 45.3585 10.5573 269.041 44.2579 337.961
508191143.843 15962.4 235.814 61.431 95.283 45.3949 25.3624 239.462 45.7047 335.236
510303128.952 20238.9 235.923 61.5305 95.3679 45.2998 28.7774 314.474 77.9822 29.141
510761732.424 23232.2 235.697 61.5147 95.4262 45.4008 37.0089 82.2372 86.944 359.643
517846453.778 17829.4 235.835 61.4497 95.2987 45.3767 13.3723 146.521 37.0713 3.45817
542464022.569 20620.5 235.873 61.4757 95.3178 45.3482 32.541 53.7309 82.2742 15.9002
557011166.372 18304.2 235.745 61.5096 95.4034 45.3838 38.8188 63.845 83.9951 338.219
557660883.825 23472.5 235.765 61.451 95.3245 45.4051 17.4402 301.914 49.4445 341.136
557878566.894 24176.5 235.653 61.4984 95.4213 45.4273 30.9819 44.1213 59.9852 328.187
559328595.494 16658.8 235.583 61.4409 95.3746 45.485 23.9799 335.928 50.4244 351.715
563076585.012 21402.6 235.796 61.4804 95.3498 45.3772 38.2474 287.446 52.6022 332.778
568672506.722 17561.5 235.607 61.5342 95.4811 45.428 44.8704 323.793 75.4268 29.0214
577732235.149 15885.4 235.75 61.4715 95.3549 45.401 49.6285 230.68 79.4674 28.1413
