240225290.358 654.231 236.04 61.4096 95.1797 45.3122 38.3354 283.519 71.0794 353.193
240483126.25 724.383 235.492 61.2787 95.2072 45.605 40.1312 260.884 69.7473 2.50955
240919282.4 855.763 235.425 61.1196 95.0343 45.7136 20.7327 245.627 50.1602 358.09
241258454.042 875.789 235.146 61.8146 95.9843 45.4709 26.5877 19.5834 50.2469 331.058
241423724.355 916.492 235.516 61.6552 95.6609 45.4031 24.0255 191.957 46.8121 13.113
242439746.194 640.191 235.022 61.7249 95.9189 45.568 48.9324 299.583 58.8736 345.312
243647533.537 938.748 235.286 61.4658 95.5092 45.5944 52.953 75.8256 86.2715 19.3375
243934192.95 855.388 235.47 61.4732 95.4537 45.5149 55.3075 73.4874 89.9829 15.8464
244636820.128 783.619 236.238 61.7128 95.485 45.0786 39.9391 264.631 74.1906 346.221
244969410.573 791.771 236.266 61.3352 95.0112 45.2551 31.2939 242.909 64.2877 349.595
245198786.506 966.802 235.145 61.1148 95.1269 45.8323 25.6176 224.887 57.7286 351.592
246391542.9 679.856 236.01 61.1299 94.8448 45.4642 8.73968 117.616 36.8897 9.02743
246410208.833 742.416 235.61 61.0772 94.9172 45.6576 64.122 315.525 83.0741 331.119
247492442.982 778.464 235.461 61.8126 95.8723 45.3447 15.8265 139.766 50.6762 21.1807
249731448.32 794.751 235.859 61.6776 95.5705 45.2517 30.6671 280.924 62.2341 329.008
249983738.079 720.629 235.119 61.4429 95.5399 45.6747 29.5338 282.147 58.2237 328.362
250070216.495 692.228 235.707 61.538 95.4515 45.385 53.4759 290.817 73.5914 330.614
251433964.142 861.32 235.917 61.4111 95.2232 45.3621 13.4145 215.969 40.8772 355.688
254422978.531 860.196 235.863 61.278 95.078 45.4516 20.3961 137.917 54.6717 344.073
255959478.073 813.851 236.023 61.6925 95.5329 45.1772 9.09598 7.95001 38.8009 15.6901
255971879.745 983.629 236.501 61.4093 95.0239 45.1208 38.1943 186.299 57.641 339.115
256144147.764 677.797 236.33 61.397 95.0658 45.1978 50.7619 182.762 70.73 337.703
256509591.923 725.1 235.819 61.3583 95.1919 45.4292 23.6371 339.897 51.7902 30.1541
257219659.352 837.069 235.887 61.6197 95.4901 45.2697 54.5082 267.774 85.7791 19.9353
257468300.829 639.984 236.423 61.381 95.015 45.167 34.1327 133.465 79.3566 6.00889
259058626.705 822.686 235.367 61.3094 95.2887 45.6411 33.2056 179.256 62.7081 328.131
259263475.842 951.537 235.17 61.3241 95.3757 45.7146 43.4778 7.15937 68.7833 11.5971
259608268.608 830.414 236.094 61.4709 95.2366 45.2589 5.36633 3.27272 41.7707 352.072
259642854.18 771.578 236.081 61.1005 94.7842 45.449 3.90509 164.482 40.67 343.635
259687604.648 912.166 235.121 61.4564 95.5557 45.6669 48.1249 299.834 70.8146 21.2858
260331675.115 710.352 236.141 61.5905 95.3678 45.1798 46.0264 147.209 64.1309 333.656
260595117.642 941.239 235.278 61.6777 95.7711 45.4884 32.1726 128.681 52.6202 341.637
260881763.181 818.088 235.364 61.2832 95.2575 45.6559 31.132 111.3 53.9762 347.784
260925920.678 876.58 235.346 61.3162 95.3043 45.6462 52.7056 254.679 74.0519 29.9003
261133204.379 760.373 235.565 61.5066 95.4621 45.4592 14.1274 312.668 47.0181 24.0254
261329402.304 889.065 235.669 61.0972 94.9217 45.6232 50.2195 102.654 75.8044 345.587
261489571.985 658.61 235.092 61.2391 95.2991 45.7907 36.9302 76.3063 65.8935 357.929
261603479.092 897.826 235.608 61.5802 95.5371 45.4038 22.8161 331.505 57.8633 23.1289
262153831.907 949.229 235.517 61.4442 95.4021 45.5107 40.31 296.192 75.3514 26.8423
262349413.905 772.66 235.859 61.6054 95.4821 45.2884 47.9861 343.23 82.9506 16.1273
262590107.899 842.783 235.395 61.446 95.4469 45.56 53.4585 305.473 88.4759 21.2039
263337405.207 690.167 235.356 61.4937 95.5189 45.5514 28.61 80.1347 63.5543 335.139
263785298.304 909.939 235.988 61.6135 95.4479 45.2313 35.0042 137.091 64.6038 328.485
263796508.264 670.988 236.041 61.5679 95.3739 45.2323 24.8085 124.658 56.9343 328.957
263852316.186 668.086 235.169 61.1463 95.1574 45.8062 45.3262 286.489 72.891 13.7814
263922562.884 853.467 235.875 61.5277 95.381 45.3209 21.3028 120.884 52.8315 330.04
264312079.551 730.719 235.576 61.2295 95.1172 45.595 5.17906 107.408 40.2298 343.367
264885341.578 667.541 235.213 61.4082 95.464 45.6539 2.8266 68.8935 35.9398 357.306
265034106.304 714.196 235.619 61.5368 95.4803 45.4215 12.7032 255.445 39.0905 16.312
265769211.76 931.27 236.18 61.4806 95.2194 45.2185 48.3657 64.0009 72.2815 344.395
266163024.276 929.869 235.568 61.6674 95.6581 45.3759 37.553 219.805 67.3583 30.9322
266381326.819 974.895 235.992 61.674 95.5208 45.1992 32.7317 253.478 64.4271 28.8093
266667342.232 771.974 235.873 61.8542 95.7815 45.1562 47.4328 206.292 80.8465 25.2423
266910284.615 821.974 235.637 61.1416 94.9877 45.6142 23.1809 310.882 86.2881 356.47
268578763.017 657.004 236.236 61.1387 94.7786 45.365 53.4052 261.897 74.2468 17.2511
269141356.527 686.539 235.356 61.7675 95.8537 45.4105 15.263 223.633 41.7927 7.89013
269799978.227 847.671 235.501 61.653 95.6635 45.4106 48.4647 172.824 68.7402 29.6327
270024677.066 816.073 235.944 61.2412 95.0048 45.4362 23.3897 293.253 40.039 6.41751
271246435.925 856.735 236.004 61.6943 95.5415 45.1839 66.9182 280.485 77.0521 7.55031
271256101.243 693.139 235.376 61.1185 95.0503 45.7347 46.4085 120.914 82.9444 23.747
271532020.828 634.216 236.045 61.437 95.2115 45.2962 42.9401 191.765 81.7512 28.8595
272022461.874 788.95 236.163 61.764 95.5731 45.0838 43.3411 16.4438 82.2275 331.484
272275206.554 727.024 235.457 61.8271 95.8913 45.3389 42.4376 47.2234 79.9099 333.473
272308968.585 956.036 234.976 61.2959 95.4099 45.809 33.6313 356.832 72.4536 331.52
272738058.72 966.974 235.76 61.9638 95.9539 45.1463 42.2268 269.524 67.5764 357.988
273369249.956 947.471 236.147 61.3383 95.0554 45.3033 6.40715 236.39 42.9675 350.476
273885131.699 655.953 235.544 61.4114 95.3523 45.5161 16.3042 109.175 38.1715 5.99907
274480795.722 855.425 236.048 61.4562 95.2341 45.2853 36.7632 95.008 58.9916 30.235
274516263.743 925.207 235.042 61.6934 95.8734 45.5762 17.6947 7.7786 42.0822 354.185
274629580.581 737.939 236.56 61.6387 95.2868 44.9832 46.6936 85.6189 72.3996 29.8617
274779195.597 801.649 235.055 61.3846 95.491 45.7311 22.9141 89.1452 50.2674 29.8491
275146570.899 738.484 235.545 61.3648 95.2948 45.5396 1.26877 95.2368 49.7086 20.3945
275788697.666 744.123 235.844 61.5713 95.4451 45.3115 18.7214 171.817 68.6863 24.7904
277109476.771 850.773 234.924 61.6813 95.9004 45.6304 17.8975 246.723 66.8975 341.548
277643642.343 855.315 235.007 61.5546 95.7162 45.6627 29.6892 2.56586 64.4814 328.403
277716586.672 793.322 235.806 61.7797 95.7134 45.2215 33.725 125.325 66.2984 9.68702
277900266.274 775.469 235.767 61.1816 94.9919 45.5395 26.2012 115.801 55.3799 7.62018
278033751.375 779.695 235.723 61.3791 95.2507 45.4586 44.1551 358.064 71.1986 329.607
279150337.992 813.092 235.287 61.3663 95.3866 45.645 18.4948 39.2083 42.5876 23.5516
279929167.459 701.03 235.218 61.5709 95.6617 45.5681 42.9994 24.7944 80.1026 25.833
280434142.775 958.268 236.11 61.2044 94.9025 45.385 28.6857 48.5866 75.6929 29.4353
280435883.957 787.587 235.534 61.5531 95.5296 45.4479 36.0537 218.358 81.9382 357.24
280515260.481 703.679 236.214 61.1499 94.7998 45.3684 22.7759 125.127 72.6011 22.933
281262367.533 906.199 236.321 61.7982 95.5619 45.0019 31.5557 211.879 81.3675 341.345
281434169.752 915.599 235.301 61.1983 95.1752 45.7252 29.212 178.275 78.0368 347.597
281492357.009 679.761 236.161 61.3764 95.0976 45.2785 23.6654 258.536 73.3736 331.556
281567850.275 854.049 235.637 61.613 95.5676 45.3755 38.7534 323.023 84.9343 339.379
281639880.234 925.415 236.302 61.4747 95.171 45.1709 42.3221 107.849 87.2923 11.6423
282238313.941 671.596 236.274 61.2367 94.887 45.3006 35.4334 309.413 69.457 329.125
282421608.839 751.473 235.88 61.8739 95.8032 45.1435 30.7081 303.693 61.8324 328.572
282924838.212 735.182 235.533 61.5773 95.5595 45.436 25.944 41.9266 48.403 14.145
283293094.497 948.642 236.346 61.6351 95.3537 45.0733 39.3968 274.129 59.9635 333.235
283671443.636 644.711 236.594 61.6516 95.2913 44.9627 37.1356 256.158 59.3735 339.165
283796834.428 652.47 236.19 61.1562 94.8158 45.3754 11.5751 288.702 38.8341 7.20767
284473299.974 807.867 235.971 61.9172 95.8253 45.0847 3.96404 133.805 52.9256 18.2719
284885850.531 642.558 236.039 61.7382 95.5834 45.1474 15.4499 50.8604 65.0471 26.7606
285173031.164 864.391 236.036 61.4672 95.2519 45.2849 25.8936 97.9231 75.2437 18.2826
285253352.306 749.296 236.375 61.3142 94.9485 45.22 28.3943 96.5321 77.9271 18.0555
285551636.588 740.103 235.957 61.5062 95.3266 45.2978 36.1478 90.2038 86.1046 17.2664
285793037.205 928.946 235.742 61.9533 95.947 45.1587 37.6231 108.818 87.2079 1.60737
286883069.759 709.564 235.48 61.1765 95.0855 45.6619 16.0874 49.0948 54.0319 355.292
287650588.869 715.389 235.331 61.4999 95.5351 45.5583 49.0438 322.726 72.4357 25.555
288064946.823 765.763 235.077 61.5048 95.6305 45.6599 27.1117 215.988 46.9407 340.247
288155865.427 904.193 236.069 61.0529 94.729 45.4773 19.5769 294.998 40.3355 20.1783
288270525.159 768.884 235.9 61.7169 95.6047 45.2152 18.2328 291.397 41.4933 21.1729
288293498.888 637.397 235.816 61.5807 95.4664 45.3184 16.8223 287.383 40.5906 20.0395
288510868.686 806.961 236.434 61.492 95.1482 45.1078 33.6016 288.561 58.5445 31.2088
288739988.965 662.146 236.239 61.3103 94.9898 45.279 39.2023 277.818 68.1479 31.1119
288752921.297 877.293 235.974 61.8644 95.7597 45.1101 23.5648 164.971 54.2372 355.005
288785498.144 640.671 236.191 61.3392 95.0416 45.2845 51.871 266.531 83.5013 26.605
290921449.25 678.68 236.049 61.6516 95.474 45.1871 20.0048 77.0768 68.1999 344.207
291449866.655 903.225 235.008 61.4079 95.536 45.738 26.4022 197.424 62.1888 328.071
291884546.751 650.604 235.7 61.6502 95.5912 45.3305 16.6769 301.088 45.8796 1.54796
292733509.439 632.707 235.438 61.3856 95.3574 45.5728 16.2622 179.558 37.8971 353.822
292802357.714 976.382 235.718 61.1831 95.0108 45.5594 17.4438 170.531 39.0981 352.847
292951154.894 698.627 235.706 61.7755 95.7424 45.2642 11.6631 197.375 38.3731 9.09681
292985135.685 678.222 235.801 61.0747 94.8482 45.5792 22.5153 240.961 45.438 26.8955
293971907.354 714.186 234.926 61.6951 95.9164 45.6221 16.2586 32.4376 62.5187 12.9877
294786750.774 707.074 234.785 61.6551 95.9177 45.7001 42.0297 20.0187 86.9918 0.979993
294948574.317 794.485 235.795 61.2161 95.025 45.5109 41.0389 96.8193 85.9376 332.148
295029581.257 632.655 235.967 61.2101 94.9586 45.4422 42.2232 135.138 86.7739 334.313
295155312.717 886.55 235.622 61.6398 95.6057 45.368 35.6896 111.187 80.3402 331.201
296084308.095 731.474 235.017 61.7005 95.8909 45.5827 30.224 135.721 63.205 328.432
296656882.017 857.017 235.472 61.9441 96.0286 45.2724 10.4503 184.922 39.7159 348.252
296965933.272 757.471 235.915 61.6981 95.5765 45.2185 25.4732 225.935 46.1948 17.5809
298117843.096 800.217 236.005 61.4998 95.3024 45.2813 33.0679 185.08 65.1901 31.5355
298301095.125 745.837 236.208 61.3907 95.0995 45.2519 38.329 176.323 73.9841 29.0694
298725566.068 919.042 236.323 61.4124 95.0874 45.1934 28.0201 192.546 72.8961 29.8022
299241012.698 734.097 236.391 61.3106 94.9386 45.215 40.4451 162.682 89.7487 15.9643
300007994.307 664.571 235.751 61.3183 95.1662 45.4777 33.0758 96.8433 79.5805 333.161
300294064.572 670.383 235.965 61.5077 95.326 45.2941 16.3914 63.1846 63.545 330.601
300453548.525 784.027 235.353 61.3464 95.339 45.6278 25.8284 270.211 66.4726 358.887
300706340.326 729.295 235.644 61.0376 94.8567 45.6635 4.40854 254.215 50.1626 344.603
300787759.277 939.362 236.379 61.5899 95.2871 45.082 41.5689 98.0736 73.6052 330.698
300787797.662 873.718 235.305 61.254 95.2421 45.6949 43.487 97.9209 75.7369 331.08
301032245.86 711.648 235.997 61.6362 95.4727 45.2161 45.8824 244.431 69.1706 17.6078
302003333.179 768.669 235.949 61.8713 95.7766 45.1167 58.7078 63.4015 84.5125 332.783
302105265.351 651.144 235.891 61.1951 94.9658 45.4811 21.721 292.282 37.3205 3.91727
302477025.903 680.07 236.108 61.5818 95.3682 45.1977 34.235 130.793 61.4893 31.5005
305249161.593 668.114 235.654 61.3893 95.287 45.4818 6.40301 19.7232 52.4222 335.143
305398389.91 940.959 236.208 61.4995 95.2333 45.1977 14.0362 40.3414 51.3433 331.652
305609419.216 897.745 234.965 61.3844 95.5225 45.7678 30.8026 162.038 59.2729 11.2521
307615859.845 970.267 235.736 61.1251 94.9331 45.5812 23.9786 81.1962 63.1986 32.0184
308269405.618 866.229 234.798 61.5249 95.7543 45.7631 28.8372 96.3122 77.6963 29.1165
308626669.821 960.769 235.084 61.5245 95.6521 45.6467 37.343 244.17 87.2736 356.263
309566830.055 938.053 235.616 61.4725 95.4025 45.4555 38.2826 143.138 79.2792 8.33999
311254153.637 920.092 236.222 61.4971 95.2255 45.193 44.5981 302.495 66.697 335.39
311287779.826 716.353 234.975 61.4398 95.5869 45.735 16.1178 323.472 38.8283 355.362
311472024.679 836.327 235.184 61.6059 95.7165 45.5639 45.5589 291.842 69.967 337.587
314970168.804 736.017 235.31 61.7273 95.8205 45.4497 10.0888 320.338 42.0423 341.676
315370175.777 661.292 235.991 61.3861 95.1675 45.3444 51.2229 33.0484 74.8192 26.6166
317618990.279 856.756 234.869 61.3229 95.4815 45.8392 32.2096 104.303 81.4695 11.5152
319180072.875 983.367 235.533 61.3254 95.2504 45.5645 10.4101 235.318 51.1806 333.083
320016255.598 866.38 236.236 61.5387 95.272 45.1664 23.8216 315.304 44.5151 16.2887
320394491.342 683.632 236.017 61.1127 94.821 45.4697 27.1328 294.486 47.0187 25.5611
321494275.301 937.997 236.443 61.6509 95.3406 45.0254 45.0462 254.361 83.9645 23.1101
324231429.566 932.474 235.953 61.6555 95.5115 45.2246 27.5892 288.865 53.1688 12.1647
324702833.644 923.904 235.241 61.3599 95.395 45.6673 43.8747 130.603 59.4521 331.814
328625138.847 974.82 236.118 61.5289 95.3 45.2203 16.7242 138.056 48.7764 331.97
330640974.925 837.459 236.06 61.3471 95.0956 45.3349 44.9438 154.492 82.1424 25.0117
331216708.073 707.675 236.526 61.2688 94.842 45.1793 42.0612 6.21982 88.6021 347.983
332317186.858 911.27 235.047 61.328 95.4244 45.7635 33.6697 283.973 80.0325 359.844
333051251.248 843.117 235.507 61.2947 95.2216 45.5907 19.6998 236.413 55.0701 359.518
333739588.063 736.993 236.578 61.423 95.015 45.0817 13.9295 104.744 37.457 348.245
333900632.681 636.819 235.716 61.3323 95.1955 45.4853 33.9025 63.8621 53.548 332.765
335652929.809 846.872 236.271 61.1597 94.7926 45.3396 28.8012 123.988 74.0768 29.7034
336124255.994 631.103 236.388 61.439 95.0984 45.1532 32.9781 251.799 82.7845 15.3984
337399609.803 875.196 235.871 61.3858 95.2081 45.3941 45.7215 56.2516 83.544 336.023
339496520.718 761.353 236.144 61.1087 94.7725 45.4182 28.2742 311.128 57.8932 351.679
340825821.643 645.473 236.011 61.2005 94.9317 45.4287 34.4451 162.164 84.3988 20.491
341561118.793 824.934 236.042 61.6307 95.4507 45.2005 19.5769 247.128 69.2664 338.999
341629930.09 785.674 235.453 61.7905 95.848 45.3594 17.4291 247.147 67.1936 338.534
343705410.194 899.707 235.426 61.7029 95.7505 45.4154 46.7987 286.279 71.1342 336.894
344259937.596 667.392 235.249 61.5935 95.6784 45.5437 26.4985 99.0861 49.8623 25.5478
344385866.993 722.16 236.101 61.5237 95.2993 45.2297 13.5267 35.0073 54.9504 29.197
345677483.169 643.309 235.46 61.6156 95.6321 45.4465 35.2249 214.191 85.2194 337.13
346650727.327 780.783 235.912 61.3779 95.1843 45.3811 40.6704 80.8124 77.6901 12.2577
346755021.791 662.915 236.01 61.2477 94.99 45.4052 3.40923 258.097 51.3104 337.434
346915558.138 702.297 236.488 61.4021 95.0195 45.1298 8.42708 292.217 48.3207 335.565
347292649.895 972.371 235.316 61.4467 95.4752 45.592 37.609 44.8867 62.7081 18.0952
347361572.656 798.458 235.865 61.6745 95.5646 45.2508 31.4306 38.2187 55.4241 15.9483
347676162.338 637.816 235.965 61.6454 95.4948 45.2245 54.1892 19.0132 78.6364 27.1429
348531339.379 689.207 235.664 61.4012 95.2982 45.4717 14.6826 196.733 45.143 359.529
348685231.837 721.745 236.19 61.4176 95.1386 45.2459 21.1919 329.158 52.3235 30.5548
349081608.39 715.153 235.237 61.7432 95.8655 45.4712 29.9034 141.579 62.3031 1.76132
349384725.025 644.754 236.008 61.198 94.9296 45.4311 13.1373 70.1283 62.9908 22.64
349567796.291 927.326 236.407 61.5791 95.2645 45.0759 20.0508 28.8519 69.693 27.9615
349568144.49 817.525 235.764 61.4355 95.306 45.4133 19.4554 72.2576 69.138 21.9303
350446970.951 796.677 235.82 61.3365 95.1649 45.44 29.8405 171.304 79.7671 333.333
351432981.997 665.946 235.838 61.8639 95.8054 45.1656 25.0634 233.159 59.9703 328.58
351643692.241 734.451 235.415 61.4172 95.4042 45.5661 26.2722 7.60967 56.5023 7.34392
351913711.26 975.715 235.892 61.5831 95.4432 45.286 21.9159 131.076 40.8875 342.028
352178105.562 851.628 235.735 61.6036 95.5224 45.3402 46.2715 220.911 68.9317 330.432
352652861.252 632.524 235.016 61.7124 95.9055 45.5766 16.4862 198.41 39.8037 349.763
353047192.258 796.11 235.953 61.6249 95.474 45.24 31.4619 273.011 56.5628 30.8752
353111334.559 864.415 235.5 61.4873 95.4609 45.4957 21.2485 166.478 48.1348 353.992
353266679.4 958.578 235.994 61.1933 94.9283 45.439 47.7946 149.89 75.146 340.645
353764431.491 763.353 235.86 61.4198 95.2538 45.3816 18.9121 99.2478 61.1266 7.30276
354140941.663 977.929 235.749 61.6178 95.535 45.3272 37.2634 250.912 82.4298 23.0871
354600064.938 838.968 235.664 61.2247 95.0807 45.5609 34.1387 301.958 84.052 28.9041
355399004.734 995.717 235.94 61.0883 94.817 45.5139 55.2345 107.577 67.9396 335.918
355541614.477 713.575 234.854 61.2857 95.441 45.8645 25.4982 24.307 70.5722 353.723
355675171.986 828.797 235.656 61.305 95.1824 45.5236 40.5434 201.518 80.8572 334.965
356022708.726 775.576 236.325 61.4488 95.1313 45.1742 30.7266 316.384 64.8652 7.15009
356894169.858 643.835 236.031 61.0404 94.7265 45.4995 14.3517 218.953 36.0507 359.489
358153943.92 936.679 235.117 61.5292 95.6462 45.6309 21.4974 223.332 58.0845 31.4781
358583630.092 912.958 235.616 61.4806 95.4125 45.4515 20.6118 240.168 66.639 30.6126
359536278.446 822.676 235.582 61.6322 95.61 45.3881 37.0602 340.758 86.8336 0.98625
359743807.264 645.876 235.877 61.3819 95.2011 45.3933 27.144 77.4134 77.0008 332.291
359846461.966 932.986 236.133 61.2467 94.9472 45.3547 24.5241 27.9221 74.0765 340.75
360775121.519 880.176 234.83 61.2963 95.4627 45.869 16.4612 127.379 51.0799 330.778
361175440.797 845.835 235.198 61.3099 95.3485 45.7104 16.0483 219.862 42.2538 2.55484
361725486.923 708.039 236.551 61.346 94.9292 45.131 15.6454 170.363 36.781 9.32437
363541647.745 865.295 235.866 61.3045 95.1096 45.4369 24.8048 270.735 74.6012 21.567
367215999.953 794.573 235.304 61.7736 95.8792 45.4285 26.7771 345.032 58.8045 354.319
367473140.446 748.198 234.968 61.6333 95.8261 45.6374 3.7387 253.932 53.2787 19.413
368763706.177 900.891 236.465 61.6175 95.2921 45.0327 33.4218 292.502 83.3988 342.655
370396169.92 737.212 235.407 61.3215 95.2894 45.6183 39.8128 42.852 44.7061 7.37953
370797830.896 746.304 236.349 61.8656 95.6353 44.957 21.3306 10.1917 41.9144 341.338
373140110.014 725.853 235.498 61.7924 95.8347 45.34 37.1374 128.369 87.0725 24.3044
373634217.074 946.636 235.828 61.8371 95.7759 45.1832 28.4274 216.428 77.2524 346.849
373667888.602 836.725 235.189 61.2458 95.2729 45.747 39.2679 150.543 86.3414 7.82858
373919726.079 946.694 235.728 61.4406 95.3247 45.4255 45.6409 116.118 89.4705 15.5832
373978414.642 952.031 236.325 61.6709 95.4047 45.0639 12.7077 252.222 62.7394 336.388
374138265.248 874.742 235.17 61.5447 95.6466 45.6013 19.4433 161.404 63.097 351.985
374242456.586 791.865 235.036 61.6968 95.8796 45.5769 24.1617 330.93 63.9423 328.697
374746098.289 706.277 235.487 61.3998 95.3578 45.5455 15.6747 336.732 46.8202 333.236
376131295.211 635.311 235.57 61.3283 95.2412 45.5477 17.0197 10.1332 45.2358 26.1454
376262593.923 758.862 235.725 61.2091 95.0405 45.5435 31.8751 18.0266 60.1011 32.1146
376525711.281 672.975 235.534 61.3432 95.2718 45.5548 40.5246 6.43977 74.015 29.2992
376766145.315 894.179 235.071 61.1952 95.2525 45.8219 40.4597 358.178 78.5232 26.8998
377201589.713 735.327 236.029 61.378 95.1445 45.3324 32.1542 13.7292 78.4807 27.2899
377488960.206 703.878 235.57 61.4554 95.3971 45.4829 39.4794 93.2258 78.9288 23.9699
378047289.662 636.862 234.978 61.7966 96.0218 45.5482 33.9634 263.868 83.482 332.501
378126870.591 735.071 235.668 61.7606 95.7372 45.2873 27.9205 218.664 77.9073 333.733
379592730.005 973.908 236.285 61.4717 95.1731 45.1796 11.001 336.264 39.1664 351.944
379627109.526 674.782 235.905 61.5795 95.4344 45.2823 11.1485 328.828 38.8306 351.29
379936396.032 979.936 236.561 61.4374 95.0384 45.0817 13.7554 300.412 36.1982 354.497
380131229.844 749.372 236.035 61.4765 95.2636 45.2806 16.4352 269.467 37.5486 350.813
380624031.456 693.844 235.701 61.3377 95.2072 45.4886 36.7583 154.931 50.1571 348.24
380788896.891 795.112 235.311 61.3726 95.3858 45.6318 28.9685 319.022 56.0333 31.5325
382594774.47 948.929 235.082 61.3161 95.3972 45.755 47.6396 108.134 84.5154 352.575
383432030.222 950.281 236.358 61.4902 95.1713 45.14 14.3969 209.194 57.9769 330.508
384164211.526 798.518 235.77 61.7629 95.7052 45.2447 50.1282 292.137 44.9434 5.81423
384221929.251 900.926 235.473 61.8761 95.9455 45.3071 23.8118 271.649 39.6178 345.44
384766431.023 712.354 236.145 61.5971 95.3745 45.1748 35.2863 151.435 51.8417 336.937
384903941.403 785.695 235.26 61.5612 95.6353 45.5561 35.8653 174.315 56.309 337.382
385155590.514 899.534 235.314 61.2038 95.1772 45.7169 23.3703 172.338 46.4108 349.243
385578090.344 661.643 235.442 61.1606 95.079 45.6858 31.2637 258.717 61.7529 32.2626
387182894.397 731.167 235.958 61.8254 95.7175 45.1364 40.2166 7.89918 89.7199 12.9826
387385071.162 970.625 235.04 61.2465 95.3267 45.8083 12.2542 275.43 76.7264 331.134
387927557.333 696.078 236.231 61.2441 94.9105 45.3147 42.2309 311.826 82.0763 12.7
387939316.894 734.091 236.242 61.8522 95.6544 45.0072 32.8422 334.053 72.9456 4.22327
388683687.089 826.024 235.951 61.5689 95.4058 45.2688 35.481 273.48 60.982 16.6726
388799102.323 968.506 235.632 61.1657 95.0189 45.6039 12.5024 195.539 39.397 343.777
388923984.035 694.092 235.676 61.0917 94.9123 45.6228 43.9217 258.515 66.7708 23.7438
389211750.229 828.03 235.916 61.1847 94.9446 45.4761 28.5217 149.192 47.5131 335.882
389647583.483 755.849 236.553 61.4471 95.0533 45.0807 55.2593 121.114 80.5677 333.836
389784158.041 992.616 235.304 61.1588 95.1253 45.744 22.0143 119.53 45.7094 350.995
389932027.152 879.133 236.306 61.1504 94.7695 45.3298 26.2375 219.034 52.5315 30.9973
390071315.715 721.141 235.778 61.0842 94.8679 45.5841 54.2559 105.51 84.6619 336.669
390218821.904 696.98 235.715 61.7366 95.6918 45.2804 2.90983 157.694 47.2173 18.4695
390224239.387 750.628 235.861 61.5401 95.4009 45.3203 13.7749 216.28 50.5781 28.1545
390447907.012 949.49 235.943 61.2669 95.0369 45.4239 3.55076 2.61374 52.6741 18.8844
390488110.734 740.589 236.321 61.5799 95.294 45.1108 8.52015 22.3345 54.9128 15.0934
390529094.216 643.731 236.337 61.659 95.3859 45.0648 40.7237 76.3965 78.2343 348.57
390916399.947 887.697 235.281 61.5822 95.6533 45.5364 31.9644 210.856 76.9599 27.5729
391198459.177 672.536 236.578 61.5939 95.2254 44.9976 30.1645 336.014 79.2329 12.7956
392299191.765 715.519 235.732 61.2727 95.1166 45.5087 17.0641 5.20762 66.1297 341.514
392540768.863 772.431 235.908 61.7761 95.6742 45.1816 32.561 127.557 72.3271 330.742
392710781.862 703.031 235.521 61.1069 94.985 45.6799 31.8087 273.281 68.3833 6.22025
393009298.128 820.419 236.229 61.1842 94.8372 45.3451 4.58997 189.378 45.4524 343.368
393147380.869 851.129 235.649 61.0334 94.8498 45.6636 30.6393 118.4 57.7127 327.848
393181401.152 836.892 235.827 61.8145 95.7488 45.1951 17.1026 122.974 47.0951 333.242
393501491.689 716.937 236.19 61.2694 94.9559 45.3197 13.9102 188.442 38.5203 359.524
393535751.496 761.504 235.398 61.1515 95.0832 45.7086 16.1934 196.295 39.4839 4.20954
394051985.19 823.42 235.852 61.4873 95.3393 45.3507 37.481 83.7157 57.7258 336.156
394441113.727 640.575 236.187 61.8935 95.7235 45.0088 28.8249 60.5284 53.6319 347.064
394646365.547 682.049 235.317 61.3823 95.3959 45.6246 11.391 153.301 44.946 23.7268
394806831.891 715.974 235.536 61.1721 95.0604 45.6409 3.91288 120.888 46.5433 19.3883
395397376.675 709.309 234.946 61.3797 95.5235 45.7781 32.2648 343.562 74.9563 358.684
395825277.925 652.213 236.105 61.2172 94.92 45.3807 30.9448 189.392 80.0537 28.9789
396349139.381 869.796 235.711 61.2219 95.061 45.5427 33.4712 9.33888 83.4694 333.392
397483615.106 721.198 236.578 61.7381 95.4028 44.9265 38.3666 77.1319 70.7399 330.006
397940576.841 736.008 235.366 61.184 95.1345 45.7053 10.4612 121.522 39.5986 349.037
398193128.244 738.107 234.857 61.4504 95.642 45.778 32.8527 54.9495 53.7099 331.231
398249317.299 672.985 235.779 61.7786 95.7215 45.2333 21.9738 147.905 43.4435 13.6924
399583279.742 643.36 235.984 61.3249 95.0945 45.3778 7.81656 130.439 52.1648 26.0509
401342552.437 969.207 234.877 61.4743 95.6641 45.7574 27.8445 248.984 75.4966 350.701
401353319.574 798.037 235.755 61.076 94.8657 45.5978 41.9698 206.304 87.831 12.1301
401353932.023 765.474 235.654 61.4161 95.3198 45.4682 29.0707 242.722 76.1338 353.239
404948955.14 746.958 235.408 61.6921 95.7433 45.4281 25.7187 98.9462 75.4291 28.651
404972353.862 890.37 235.518 61.4641 95.4261 45.5 25.855 146.179 75.6442 22.2612
405240375.83 893.587 236.171 61.3244 95.03 45.3 38.4261 64.9532 88.124 25.0264
407698947.769 664.582 235.796 61.3675 95.2114 45.4344 14.7203 332.42 36.0824 356.032
407709367.464 788.538 235.875 61.8731 95.804 45.1459 44.1647 44.4997 65.9701 27.5303
407711332.63 652.323 236.309 61.8073 95.5772 45.0024 47.3421 290.504 69.3345 332.859
409146792.574 649.124 235.535 61.5292 95.5001 45.4598 14.3338 119.244 61.7142 22.5891
409282700.026 727.337 236.423 61.6912 95.3967 45.0135 44.5296 328.546 89.2168 15.9589
410940838.958 954.776 235.886 61.302 95.0997 45.43 63.1811 124.374 61.7946 329.029
410997146.51 759.747 235.551 61.1075 94.9754 45.6671 63.0247 124.185 60.0028 352.313
411495406.999 774.349 235.823 61.6949 95.604 45.2579 46.7329 127.893 43.8904 346.083
411741746.808 633.822 234.962 61.3692 95.505 45.777 39.9253 138.576 42.3502 337.333
411879802.448 830.528 235.46 61.2594 95.1944 45.628 39.0238 149.566 67.6849 329.608
412101132.485 665.227 236.088 61.4052 95.158 45.2946 41.2956 355.233 62.468 25.2935
412107910.016 639.714 236.108 61.841 95.6858 45.0673 42.5913 157.524 38.0378 347.257
412251844.637 715.023 236.555 61.2759 94.8411 45.1636 49.0343 247.111 70.8091 331.779
412336644.12 721.545 236.156 61.1938 94.8739 45.3711 14.3248 285.073 35.6789 0.639165
413104759.364 929.757 235.546 61.5777 95.5555 45.4305 55.0502 206.212 87.0058 336.913
413405254.441 791.539 235.892 61.5464 95.3982 45.3045 52.1015 274.339 89.4484 21.2974
413635051.287 698.646 236.383 61.3937 95.044 45.1773 19.9188 325.611 63.7922 31.0794
414132581.041 646.433 236.484 61.3332 94.9358 45.1654 32.355 309.885 80.664 27.2815
414373463.341 638.721 236.075 61.7053 95.5311 45.1494 33.5715 1.09681 83.5258 28.2989
414499891.446 653.403 235.08 61.448 95.5598 45.6879 36.4047 47.2141 86.176 23.3451
416326018.171 647.636 236.407 61.7767 95.5069 44.9775 55.4474 288.456 77.1 23.5155
416395232.269 868.537 235.88 61.7086 95.6012 45.2273 28.4617 310.621 52.0215 14.861
416697874.802 979.423 236.127 61.6617 95.4599 45.1498 53.4777 274.845 77.6302 27.2496
417098529.835 917.614 235.887 61.9231 95.8609 45.1157 46.2493 265.679 69.347 29.0004
417808565.32 654.322 236.048 61.1564 94.8645 45.4351 15.9223 259.02 51.8058 29.6834
418665857.631 965.261 235.854 61.4388 95.279 45.3743 38.9912 236.001 85.9813 19.6792
419431272.104 665.375 235.507 61.7334 95.7596 45.3667 36.2572 169.266 85.7541 337.013
420717732.909 903.965 236.064 61.2468 94.9708 45.3834 17.324 168.618 47.1848 332.389
420872905.84 723.125 235.791 61.8469 95.8007 45.1933 56.6081 130.521 73.7316 330.56
420934301.904 960.431 235.68 61.414 95.3085 45.4589 21.9913 262.18 46.813 9.08971
420979661.126 984.882 235.529 61.2943 95.2136 45.582 38.3986 260.381 61.929 20.1403
421290146.577 933.299 235.893 61.7847 95.6898 45.1834 36.6233 141.234 57.0619 332.39
422364614.517 901.251 235.924 61.1106 94.8503 45.5098 7.12004 197.086 47.2323 23.3795
422719033.695 990.888 235.079 61.3864 95.4845 45.7201 14.0412 227.269 58.2589 29.6411
422732199.422 738.704 236.4 61.848 95.5965 44.9446 48.8024 78.3327 88.0951 342.505
423273342.319 663.766 236.623 61.6181 95.2404 44.9672 33.2132 210.289 80.9748 26.0032
423399067.472 904.589 235.311 61.1031 95.0543 45.7696 36.4524 203.259 84.9031 23.6087
423912511.474 905.07 234.936 61.2637 95.3847 45.8421 39.197 117.681 88.6694 338.072
423935181.426 684.196 235.573 61.6012 95.5751 45.4075 36.7118 106.602 86.1839 334.269
424232610.52 823.866 235.252 61.758 95.8784 45.4576 30.8109 108.269 78.5209 332.201
424255224.512 865.692 236.392 61.7967 95.5364 44.9735 25.5793 90.7736 74.1417 330.639
424450528.005 709.488 236.724 61.4649 95.0186 45.0007 43.1338 137.793 86.6278 340.594
424724678.251 847.075 235.837 61.2466 95.0483 45.4782 34.3845 122.143 73.1562 330.508
425067209.221 854.266 236.109 61.0718 94.7388 45.4512 12.1553 115.122 49.9772 332.534
426622161.021 832.37 235.624 61.3453 95.2432 45.5166 24.4676 161.343 49.9342 29.6466
427530614.808 780.917 235.096 61.703 95.8658 45.5492 47.1462 111.452 89.9172 16.6839
428229881.003 643.253 235.875 61.9722 95.9248 45.0955 35.9577 232.201 85.9483 26.5197
429519934.526 928.111 235.506 61.7433 95.7721 45.3621 56.2294 290.457 67.2642 329.121
429662990.484 735.636 235.661 61.4947 95.4143 45.4259 53.114 289.813 68.342 329.103
430153682.445 665.533 235.385 61.9006 96.0056 45.3299 41.0 124.619 41.9989 2.50366
430565068.54 716.264 235.229 61.6262 95.7254 45.5349 23.4862 138.825 52.483 23.6628
430644460.729 930.686 235.598 61.2549 95.1409 45.5731 59.8215 101.332 85.1282 28.7567
430645477.901 637.799 236.23 61.4993 95.2255 45.1884 49.8805 315.709 40.5739 16.8146
430864426.234 675.497 236.259 61.2082 94.8568 45.321 56.0147 312.193 82.9337 332.361
434770719.129 775.324 236.171 61.5944 95.3626 45.1657 36.3618 259.067 59.5834 19.6281
434841445.447 832.348 236.486 61.6756 95.3568 44.9955 38.8468 261.374 84.4458 331.737
434881061.746 882.618 236.413 61.6042 95.2934 45.061 39.2647 266.432 64.3259 330.234
434987910.933 640.241 234.883 61.2742 95.4167 45.8588 41.2387 86.4643 62.9623 24.542
435069459.921 674.101 235.811 61.3187 95.146 45.4527 43.1283 274.601 50.2222 333.876
436988822.863 670.334 234.778 61.477 95.7026 45.796 41.2202 27.2401 87.7389 17.1225
439818083.415 913.082 235.963 61.6057 95.4469 45.2455 48.8249 290.031 71.8603 332.288
439840378.12 695.926 235.529 61.637 95.6343 45.4073 28.7138 298.237 46.3537 339.252
439886374.392 772.179 235.605 61.4595 95.3904 45.4667 36.9799 283.223 56.9387 335.166
441068920.73 890.93 236.126 61.4728 95.2284 45.245 8.60499 66.27 56.3759 25.0172
441075505.31 837.907 235.311 61.7758 95.8794 45.4245 29.2663 197.052 68.291 358.24
441388073.745 970.523 236.229 61.3029 94.9841 45.2867 37.5011 340.851 81.694 24.0949
441502626.951 637.666 235.662 61.3482 95.2337 45.4995 32.1676 357.664 78.4733 27.315
442596777.0 883.151 236.336 61.1791 94.795 45.3031 35.1641 104.467 81.8625 1.47192
442826165.287 987.625 236.19 61.311 95.0071 45.299 17.2711 139.607 65.5476 343.536
443215895.669 923.963 236.556 61.7275 95.3969 44.9407 27.6914 267.733 64.4693 328.625
443615330.748 939.186 235.75 61.3345 95.1866 45.47 6.67928 317.001 43.4139 343.673
444347441.965 683.847 235.814 61.5404 95.4175 45.3395 25.1222 241.633 44.6792 339.039
444678910.308 995.826 236.076 61.4001 95.1555 45.3018 40.8271 129.38 43.132 348.359
444934772.942 657.815 235.556 61.865 95.9033 45.2792 42.9508 297.954 68.7551 30.138
445781315.128 712.793 234.896 61.6983 95.9309 45.6326 16.1862 331.05 62.31 29.7619
446113091.809 949.332 235.536 61.3493 95.2789 45.5512 20.5695 12.7312 70.4533 27.3266
446216134.533 996.593 235.736 61.4581 95.3433 45.4134 23.7982 29.2728 73.8081 25.3581
446318922.985 649.696 235.801 61.274 95.0942 45.4791 27.3875 13.7987 77.3782 27.3317
446387255.133 924.425 235.233 61.6267 95.7246 45.5329 30.6311 343.98 80.4602 28.713
446560428.963 664.677 235.363 61.8992 96.0117 45.3396 41.4071 107.455 88.1111 353.159
446601085.82 706.103 236.343 61.2642 94.8976 45.258 39.762 139.213 89.5513 336.676
447310866.558 749.482 235.119 61.248 95.3004 45.7749 26.7881 202.631 73.2201 329.886
447574026.192 893.131 235.558 61.2452 95.1429 45.5947 32.6564 221.123 73.1661 330.469
447619785.226 820.907 235.173 61.4152 95.4869 45.6669 34.0003 222.317 73.632 330.904
447749983.082 734.723 235.145 61.6189 95.7463 45.5732 13.779 38.8303 57.2396 349.994
447874883.885 912.936 235.817 61.375 95.2132 45.4217 45.2491 341.735 80.2303 16.5603
448150484.655 743.943 235.813 61.5952 95.4851 45.3122 6.14317 140.0 44.7276 340.879
449579109.908 775.193 235.73 61.569 95.4815 45.3595 13.611 106.034 41.645 18.119
449670311.832 745.611 236.455 61.51 95.1633 45.09 16.9387 250.333 47.4213 27.5425
449738999.533 971.023 235.832 61.3149 95.134 45.4458 12.1705 244.564 46.0033 25.1633
450972425.176 827.708 236.434 61.2073 94.7967 45.248 40.4315 230.082 89.4561 15.8451
451031015.813 936.371 235.649 61.134 94.9742 45.6131 31.4804 322.618 81.5474 24.5414
451260781.017 814.918 235.675 61.6073 95.5472 45.3626 37.1061 51.0516 87.0915 355.015
452119158.247 891.211 235.193 61.6064 95.714 45.5601 13.9025 96.9569 60.7433 334.167
452233690.146 642.62 235.73 61.6772 95.6143 45.3049 47.5436 103.764 59.7057 330.472
452301775.114 720.757 235.937 61.0468 94.7668 45.5361 6.27863 16.2656 54.8282 342.252
452380680.302 806.294 236.191 61.3933 95.1083 45.2575 45.8888 283.159 82.2982 16.5411
452399768.029 965.521 235.828 61.1106 94.8834 45.55 34.5999 143.418 64.5561 327.939
452582983.473 665.728 236.084 61.6135 95.4154 45.1918 43.3135 168.646 75.1565 331.191
452656308.486 745.981 235.252 61.5074 95.5722 45.587 6.57711 175.647 46.5957 338.373
452983156.108 940.498 235.255 61.2322 95.2329 45.7268 54.3032 153.182 81.4441 331.325
453477916.1 703.11 235.361 61.1203 95.0575 45.7397 52.8558 239.117 75.9837 28.2869
453707779.294 959.975 235.846 61.7417 95.6533 45.2246 14.8775 150.67 37.3345 356.738
455649880.29 919.496 235.883 61.3277 95.1322 45.418 36.0899 226.317 85.7839 27.5876
455683818.851 991.219 235.598 61.4353 95.3628 45.4816 39.0777 203.123 88.7432 22.1142
455696007.011 759.296 235.754 61.2428 95.072 45.5144 35.4101 250.983 85.3444 28.6457
457652304.469 743.882 235.407 61.2282 95.1745 45.6658 26.0705 199.334 47.6025 11.8374
458065083.518 711.386 235.037 61.5806 95.7374 45.6368 42.5541 81.5473 63.2608 332.304
458726024.865 761.543 235.131 61.2454 95.2928 45.7711 43.2881 146.229 69.1899 30.8279
459264099.944 794.229 234.999 61.4886 95.6382 45.6999 2.34861 267.109 52.331 20.2863
459777015.782 984.47 236.057 61.5898 95.3954 45.2148 42.2249 112.229 87.4482 17.6749
460455283.251 926.463 235.769 61.9643 95.9513 45.1422 38.4243 26.9496 88.3529 331.985
461061894.151 949.33 235.88 61.5296 95.3817 45.3179 41.3825 80.5214 85.7359 340.048
461140179.706 711.296 235.261 61.3996 95.4368 45.6387 20.5487 281.613 67.6782 347.442
461598513.859 730.038 235.792 61.4999 95.3752 45.369 31.6058 63.2165 66.3299 328.652
463059874.764 800.204 235.458 61.5604 95.5652 45.4756 25.7589 104.989 47.9537 27.3147
465209515.677 978.182 235.11 61.4709 95.5772 45.6636 40.3785 206.947 89.6561 13.4363
465851532.9 798.55 236.026 61.3867 95.1562 45.3295 22.7881 359.543 66.1871 328.849
466125952.419 845.0 235.975 61.5846 95.4169 45.2511 29.7565 11.9997 65.7967 328.649
466433404.665 748.599 235.52 61.9337 95.9993 45.2583 13.3371 131.552 48.3489 355.982
466479088.318 925.614 235.917 61.4381 95.2569 45.3489 14.7869 124.26 47.4407 358.036
466547191.986 831.564 235.453 61.3228 95.275 45.5987 33.4876 113.186 60.7774 13.7899
466822124.103 699.922 235.34 61.7591 95.849 45.4214 11.5594 63.4711 39.0798 354.165
466900971.766 975.596 235.754 61.3947 95.259 45.4377 53.9107 82.8437 79.2492 26.0704
467758874.17 738.55 235.0 61.8135 96.0345 45.5304 16.2482 43.6826 42.5377 22.5015
467884700.291 794.926 235.409 61.2009 95.1403 45.679 11.2989 26.4902 41.5752 19.7016
467931189.922 701.241 236.563 61.6471 95.2959 44.9776 28.4129 296.395 55.1626 349.139
468136815.679 697.48 236.202 61.5459 95.2925 45.1771 25.1224 280.639 56.3833 354.768
468215437.452 794.84 236.083 61.6291 95.4348 45.1842 31.0632 46.5862 63.3677 31.647
468415142.568 720.443 236.252 61.8751 95.6791 44.9915 60.622 70.355 74.3247 28.3613
468558797.897 841.166 236.139 61.6695 95.4654 45.1411 9.30889 94.0575 57.4787 26.4126
468597531.632 779.952 236.252 61.8678 95.6703 44.9952 49.2092 23.4017 89.8991 18.2472
468811521.095 957.696 235.558 61.366 95.2916 45.5334 40.1238 252.437 83.1294 350.875
468981326.24 734.905 235.738 61.4067 95.2796 45.4386 35.2915 83.601 71.8312 29.785
469363368.803 787.126 235.32 61.2792 95.268 45.676 39.7559 34.5248 89.192 18.3798
469394124.092 655.663 235.998 61.4427 95.2348 45.3131 36.2575 186.129 85.9244 3.21025
469553392.075 657.175 235.598 61.9479 95.99 45.2199 38.5368 114.305 88.4321 22.9913
470173546.607 778.577 235.672 61.5465 95.4739 45.395 37.3475 329.618 82.4688 336.731
470743736.451 952.48 235.742 61.7552 95.7052 45.2599 1.58662 241.942 51.3839 339.615
471588953.455 736.638 236.483 61.5617 95.2175 45.0528 20.8704 14.3078 39.3577 7.39499
471727600.239 749.033 235.997 61.3285 95.0943 45.3703 57.2654 289.39 83.7478 331.187
472035003.604 966.348 236.356 61.253 94.8795 45.2582 17.0355 293.18 38.3501 352.846
472828163.447 869.96 235.704 61.6649 95.608 45.3215 26.7726 355.228 60.4829 31.762
472839064.403 863.686 235.338 61.4485 95.4698 45.5819 46.5589 335.301 80.083 26.9749
472953736.343 829.163 236.381 61.323 94.9576 45.2133 30.1124 351.865 65.9343 31.6302
473109218.2 880.006 236.173 61.4785 95.2195 45.2227 18.8388 178.223 61.084 6.87278
473787824.717 780.267 236.05 61.4906 95.2758 45.2674 32.7338 9.7622 81.7792 27.4998
473844596.768 776.976 236.416 61.587 95.271 45.0681 37.8135 340.219 86.8911 20.7889
474424562.365 848.092 235.751 61.1042 94.9018 45.5852 30.0378 156.811 79.7564 341.932
474642757.149 969.753 236.011 61.7576 95.6165 45.149 28.3563 249.265 76.2121 331.095
475007243.385 643.325 236.139 61.9086 95.7581 45.0207 19.5553 103.241 64.3642 350.573
475054548.02 913.759 235.769 61.3407 95.1874 45.4589 41.2173 274.344 80.9945 334.978
475374444.235 875.556 235.908 61.519 95.359 45.3116 45.2821 268.717 79.1745 332.884
475395904.799 641.998 235.605 61.2968 95.1902 45.5492 9.00257 56.2805 50.5986 349.377
475934173.594 889.329 235.805 61.4361 95.2925 45.396 48.7019 253.1 73.6771 330.156
476063842.198 772.118 235.286 61.1019 95.0613 45.7803 30.1609 352.675 51.6036 18.0092
476669348.969 981.779 235.159 61.3452 95.4057 45.7083 30.577 311.83 51.2266 27.8094
476818116.919 683.061 234.956 61.2937 95.4145 45.8185 20.2122 301.546 43.314 24.489
476836860.561 787.112 236.102 61.6861 95.4981 45.1477 54.4327 216.559 80.3769 334.65
477195583.412 871.114 235.003 61.5343 95.6928 45.6746 19.2494 85.3472 44.1418 11.042
477538871.983 755.474 235.685 61.885 95.8832 45.2167 50.3937 108.45 63.0022 358.01
477869592.718 655.233 236.238 61.5106 95.2367 45.1796 12.019 51.8984 61.7173 21.4561
478063389.968 811.965 235.154 61.6483 95.7789 45.5543 19.9275 340.274 68.8222 29.1471
478213314.122 744.667 235.026 61.4937 95.6349 45.6864 59.0919 104.932 83.3717 357.262
478894075.826 940.337 235.861 61.5913 95.464 45.2946 32.6822 126.176 82.6227 337.844
479237748.201 782.202 235.651 61.3259 95.2099 45.5151 28.0681 195.05 75.651 330.467
479272362.158 836.881 235.825 61.2143 95.0124 45.4992 34.7547 218.511 80.6549 334.246
479842804.855 632.056 234.985 61.7476 95.9595 45.5711 18.1647 147.603 54.1968 333.357
480361732.444 973.147 235.535 61.782 95.8092 45.3303 28.3189 310.942 54.7124 11.895
480418680.287 833.6 235.795 61.5336 95.4158 45.3509 35.8445 301.174 60.861 17.3415
480991064.626 870.127 236.017 61.5069 95.307 45.2727 23.0152 184.069 42.6526 341.462
481094007.275 639.968 236.537 61.2333 94.7944 45.192 27.1474 138.96 46.8599 339.774
482121644.098 964.554 236.419 61.5194 95.1869 45.1003 2.92271 29.4008 52.4182 19.3119
482235513.538 682.785 235.753 61.4347 95.3085 45.418 13.0127 267.183 57.613 29.1744
482373891.274 975.489 235.55 61.6568 95.6511 45.3886 35.8433 92.2577 76.133 354.101
484004229.168 914.295 236.285 61.46 95.1587 45.1853 36.2567 169.872 79.472 334.266
484426558.706 773.637 235.631 61.5921 95.544 45.3886 27.906 157.157 64.2833 328.447
484854246.567 706.186 235.402 61.3296 95.301 45.6162 7.83605 197.874 42.5442 343.684
484923237.344 742.244 236.48 61.4094 95.031 45.1294 23.0008 148.889 49.5558 330.636
485162238.968 758.121 234.856 61.6668 95.9066 45.6652 20.7784 243.46 44.4769 9.55974
485527049.0 882.603 235.31 61.769 95.8716 45.4284 50.6653 229.666 75.0273 27.7097
485801507.744 723.554 235.417 61.1496 95.0742 45.7017 39.6319 220.106 60.694 29.6113
486418221.325 752.073 236.009 61.1445 94.8631 45.4573 40.3855 195.712 70.3961 30.795
490111494.34 641.16 236.254 61.7018 95.4663 45.0776 18.7956 90.4409 39.4203 345.821
491334191.386 670.59 235.571 61.7758 95.7892 45.319 28.8539 348.16 66.4632 357.304
491710038.886 810.465 235.197 61.3751 95.4292 45.6776 19.0211 183.007 67.0072 29.8048
492570185.206 862.721 235.466 61.4413 95.4162 45.5331 37.2152 42.853 86.8935 333.238
492809759.481 647.009 236.214 61.6054 95.3617 45.1425 27.3963 17.6856 76.9156 331.049
493527697.35 903.326 235.315 61.1988 95.1708 45.719 49.145 207.413 86.5907 18.838
493723400.015 635.708 235.726 61.6216 95.5475 45.3346 7.59651 52.4628 49.4084 335.671
493905598.546 705.234 236.301 61.2916 94.9458 45.2624 17.3872 179.814 49.0487 0.489062
495460254.266 668.344 236.096 61.7685 95.6012 45.1089 34.7434 335.672 62.8006 346.587
495527116.912 805.329 235.501 61.7861 95.826 45.3421 35.9443 85.2998 65.4439 31.0751
495972363.969 874.094 235.813 61.4325 95.2856 45.3947 39.7175 73.7233 77.9364 26.9179
496189056.227 860.169 235.351 61.2735 95.2503 45.6662 65.128 71.673 89.5832 17.5785
496778007.656 767.952 236.063 61.9332 95.8136 45.0392 35.7041 95.4282 85.2434 25.9304
497335274.179 992.875 235.397 61.2917 95.2562 45.6377 27.951 310.667 77.8685 331.964
498129337.183 878.546 235.666 61.2942 95.1657 45.525 14.6824 351.65 55.8789 330.262
498184927.313 644.698 235.533 61.8721 95.9201 45.2851 44.4287 120.645 79.7864 15.4643
498643189.475 981.238 236.243 61.2804 94.9513 45.2918 13.5027 13.0895 42.9636 337.364
498801791.333 753.374 236.155 61.2298 94.9188 45.3538 48.4265 86.8434 73.2896 23.7497
498997136.133 852.353 236.024 61.566 95.3776 45.2405 13.6074 22.0935 37.3329 349.461
499989488.023 953.15 236.206 61.4495 95.1726 45.2236 53.635 43.9317 83.6148 27.2234
500447740.869 687.262 236.581 61.3692 94.9477 45.107 41.1318 244.698 53.5299 18.1246
500800931.725 635.429 235.289 61.3523 95.3688 45.6513 29.0198 42.3378 72.8962 29.7447
501029480.523 960.966 236.003 61.4822 95.2816 45.2912 28.6547 54.2101 76.3069 29.0522
501356431.876 759.372 234.832 61.4995 95.711 45.7625 33.867 157.017 83.4556 11.4547
501689137.131 689.141 235.204 61.3499 95.3957 45.6876 34.825 246.129 84.8314 334.971
501747450.395 722.44 235.339 61.3607 95.3616 45.6267 38.9446 314.616 88.4496 338.728
501848524.138 872.044 235.157 61.1127 95.1201 45.8283 32.2261 189.421 81.7121 348.247
502350539.943 980.616 236.037 61.511 95.3054 45.2626 43.0758 102.466 85.6296 12.6428
502729102.648 871.77 236.107 61.4152 95.1639 45.2817 15.0642 300.815 55.3501 330.286
502923407.574 698.365 236.441 61.7156 95.4206 44.9938 21.3873 307.737 54.693 329.273
503197433.208 885.031 235.436 61.6316 95.6598 45.4479 22.159 319.014 48.3472 331.696
503219212.643 651.249 235.154 61.1759 95.1993 45.7973 29.2442 53.5631 54.4547 12.1742
503379672.337 803.449 235.99 61.2758 95.0313 45.3996 16.6636 5.12848 38.9146 354.291
503636636.966 784.036 236.336 61.3866 95.0509 45.2006 19.1702 353.45 36.9305 1.73497
504510461.097 652.879 236.39 61.7381 95.465 45.0038 8.14965 309.487 42.1852 16.145
504589405.536 859.703 235.798 61.2675 95.0872 45.4839 44.9232 343.828 73.4239 30.0126
504694656.383 694.655 236.185 61.6234 95.393 45.1452 56.079 247.901 88.756 336.517
505013391.634 692.1 235.262 61.3278 95.3478 45.675 13.7656 178.493 55.6036 9.25905
505149298.635 674.083 235.668 61.5868 95.5244 45.3761 30.3217 343.349 69.9542 30.32
505275946.383 903.536 236.004 61.6934 95.5404 45.1846 13.0693 119.852 61.534 17.9761
506466092.8 679.995 235.371 61.5066 95.5293 45.5387 28.231 196.873 78.1615 332.898
506557281.199 992.239 235.786 61.2029 95.0116 45.5214 24.7554 175.104 74.6905 335.919
506991897.843 784.608 235.194 61.1941 95.2072 45.7715 20.1496 238.946 65.0027 329.008
507595624.979 672.004 236.549 61.6715 95.3306 44.9716 46.8691 30.4348 77.2438 19.4405
507939993.259 643.52 235.786 61.2172 95.0291 45.5139 28.9211 246.126 51.8183 330.055
508794830.799 832.221 235.926 61.1022 94.839 45.5132 53.0575 284.229 78.1296 29.5911
509069053.122 926.485 235.323 61.4447 95.47 45.59 46.2295 280.206 73.4875 29.8875
509801316.739 735.838 236.138 61.5959 95.3753 45.1785 12.7246 81.1163 60.4565 16.5021
510041027.003 865.911 235.182 61.7391 95.8796 45.4958 16.9365 37.727 66.7234 22.2564
510085450.249 651.301 235.752 61.8241 95.7861 45.2211 38.5946 265.568 83.9056 21.2789
510166225.128 632.515 236.245 61.7818 95.5671 45.0413 23.2749 332.732 72.5398 29.0701
510504868.22 747.555 235.943 61.4133 95.217 45.3505 32.3194 318.085 87.9009 352.476
510784866.602 876.243 235.67 61.659 95.6122 45.3384 36.4306 96.3418 86.364 350.574
510978860.265 960.682 235.641 61.9037 95.921 45.2251 36.2887 73.3261 85.4213 358.615
511014522.444 765.278 235.137 61.4184 95.5032 45.6799 30.5288 165.797 80.1091 331.014
512060059.57 639.061 236.043 61.2597 94.9936 45.3858 34.7674 207.003 65.7203 328.316
512372378.437 648.592 235.758 61.837 95.7997 45.2119 40.4967 295.27 66.925 18.6166
513936912.143 820.508 235.484 61.7156 95.7457 45.3854 43.4204 233.498 75.7029 28.4947
513937805.984 834.334 235.835 61.2984 95.1125 45.4528 8.63645 240.032 48.6702 25.1846
514166377.334 650.458 235.307 61.5862 95.6493 45.5241 3.36351 319.589 53.2109 22.0214
514464734.16 718.311 236.437 61.3867 95.0173 45.1587 45.7462 98.0071 87.9938 344.852
514645658.648 800.98 235.475 61.7498 95.7904 45.3713 22.1342 267.104 70.3428 29.7236
514702749.746 755.743 235.529 61.574 95.557 45.4397 23.7446 266.194 72.2035 29.7791
514793520.439 946.629 234.861 61.435 95.6215 45.7844 36.208 228.477 83.1968 23.2645
514932342.912 642.467 235.494 61.6429 95.6534 45.4187 31.6374 15.4294 80.6663 10.8733
515762900.065 843.678 235.25 61.1894 95.1818 45.7509 32.4375 148.188 79.789 332.493
515785349.223 875.408 235.199 61.3992 95.4577 45.6642 54.1051 108.928 74.1861 330.354
516052398.475 944.096 235.743 61.4434 95.3226 45.4179 33.0648 321.654 76.2252 2.26538
516052540.689 995.275 235.543 61.1719 95.0574 45.6378 28.7474 332.736 72.5776 357.929
516322630.33 781.615 236.334 61.8523 95.6237 44.9697 34.3839 158.283 71.8272 330.64
516372291.113 855.966 235.649 61.4461 95.3583 45.4553 30.912 297.877 68.1968 5.04296
516521863.757 775.519 236.278 61.296 94.9588 45.2699 11.9946 144.648 51.8751 332.137
517892737.818 683.334 236.065 61.3996 95.1585 45.3067 32.0758 102.583 53.1601 341.103
517993758.542 684.032 235.773 61.5064 95.3898 45.3738 49.7575 208.318 74.8542 29.5902
518440845.579 892.916 235.775 61.8301 95.7852 45.2083 24.1292 62.484 55.8412 355.745
519112835.942 880.889 234.978 61.1989 95.2898 45.8584 42.3923 163.155 85.5958 20.7913
519114188.863 829.325 236.192 61.2816 94.9698 45.3125 14.725 289.127 64.6257 22.5819
519788223.347 673.3 235.67 61.5877 95.5247 45.3747 36.6227 269.062 86.6539 24.1083
519891034.111 989.672 235.696 61.2399 95.0883 45.54 39.5593 265.49 89.4897 24.9479
519915944.515 785.857 235.905 61.2955 95.0848 45.4252 36.779 47.9819 86.7008 332.753
521388422.759 836.724 236.358 61.7302 95.4662 45.0211 35.7975 220.69 64.4024 15.0087
521492017.217 799.334 235.704 61.9248 95.9252 45.1888 13.3479 160.309 41.8321 348.703
522999822.339 780.371 235.112 61.8401 96.0273 45.4717 11.1927 15.247 47.7599 6.92542
524254897.119 731.212 235.177 61.6763 95.8048 45.5305 38.5671 124.427 88.0993 21.7294
524646342.599 865.604 235.973 61.3349 95.1101 45.3771 31.1673 328.832 81.212 336.669
525228692.237 944.671 235.116 61.1782 95.2152 45.8119 16.801 273.499 64.2261 345.568
525320970.106 651.981 236.495 61.693 95.3748 44.983 21.7883 40.7223 64.9206 329.113
526537189.446 692.215 235.785 61.0917 94.8745 45.5773 20.6075 114.522 46.2348 335.17
527616981.431 815.095 236.119 61.1971 94.8903 45.3851 42.6623 323.46 73.7117 343.798
527834178.986 727.018 235.233 61.6119 95.7063 45.5407 48.0485 313.824 84.0738 342.353
527925382.534 688.501 235.657 61.5861 95.5272 45.3808 41.4923 305.451 78.6924 347.704
527981203.023 681.905 236.52 61.6223 95.2796 45.0077 9.0358 137.203 57.1711 26.3183
529228524.78 759.258 235.021 61.6294 95.8023 45.6178 31.251 292.277 81.3064 334.44
529274612.809 713.08 235.353 61.4013 95.4064 45.6002 30.8243 319.17 80.5747 331.094
529525611.016 635.483 235.409 61.7315 95.791 45.4075 21.1671 292.455 71.1837 333.948
530278274.186 741.332 235.647 61.8399 95.8412 45.2554 39.9765 116.522 73.0411 13.5982
530930488.775 952.738 234.835 61.3761 95.5585 45.8255 17.7411 356.304 40.7512 339.291
531353963.551 741.757 236.37 61.2882 94.9181 45.2351 54.2794 317.81 77.5965 331.984
531489599.175 700.529 234.888 61.5213 95.7176 45.7284 16.5286 36.0813 38.5633 15.6695
531820800.69 631.82 235.557 61.5969 95.575 45.4162 13.3506 25.6087 41.6702 20.7062
531843390.497 635.635 235.872 61.6196 95.4947 45.2758 22.125 41.7412 48.1717 28.3393
532163533.417 841.139 236.078 61.6024 95.4034 45.1998 4.59427 9.65787 46.5973 20.1982
532517403.577 856.151 236.007 61.4844 95.2826 45.2883 9.71948 71.2777 56.4145 27.2683
532769842.592 834.719 235.875 61.3292 95.1367 45.4207 35.0326 233.115 77.464 355.922
533363439.578 960.249 235.614 61.1722 95.033 45.6082 33.7576 147.636 83.4608 12.5924
533409367.981 661.117 235.259 61.1279 95.1027 45.7783 35.5629 164.497 85.2597 5.50705
533674110.247 650.562 236.582 61.6203 95.2565 44.983 37.5192 289.882 87.3171 333.311
533980575.727 914.317 236.051 61.5488 95.3468 45.2379 38.927 125.548 86.5201 6.74584
534300270.149 686.695 235.147 61.1232 95.1366 45.8274 42.8812 100.436 86.2423 12.8079
534428284.892 835.651 236.154 61.4653 95.2093 45.2371 38.6387 317.372 79.3825 334.201
534440047.573 879.503 236.33 61.5224 95.2201 45.1357 48.6436 328.815 89.9235 341.944
534805069.733 697.114 235.761 61.3199 95.1646 45.4729 40.5095 308.883 73.8836 330.618
535043237.866 808.587 235.97 61.5421 95.3664 45.2748 26.8234 71.8354 56.355 8.15831
535433316.84 913.356 236.106 61.4169 95.166 45.2811 51.3188 292.345 77.7284 330.684
535524378.29 792.858 235.519 61.5983 95.5902 45.4313 41.2497 290.535 63.505 330.227
535718410.549 935.656 235.492 61.409 95.3672 45.5389 38.3806 283.875 58.0267 332.093
535882507.893 989.708 235.335 61.4209 95.4366 45.5972 51.4164 83.6576 54.9685 26.2197
536163735.176 662.563 235.54 61.4487 95.3993 45.4988 34.8874 256.476 56.0695 339.452
536334105.868 955.976 235.999 61.4382 95.2285 45.3148 41.1835 98.2453 40.9919 20.3873
536441944.785 921.856 236.224 61.362 95.0583 45.2595 38.3739 348.731 63.9424 31.3169
536464446.606 655.738 234.941 61.6224 95.8222 45.6542 50.9285 336.349 78.808 28.6465
536590518.261 960.751 235.217 61.294 95.3224 45.7112 32.1563 344.651 59.923 31.9716
536796404.592 775.608 236.203 61.3096 95.001 45.2944 17.1558 349.729 52.87 30.1599
536978426.711 960.573 235.494 61.4614 95.431 45.5114 41.8272 322.243 77.5965 27.4457
537036332.167 693.885 235.489 61.3407 95.2844 45.575 11.7985 5.68307 55.761 28.683
537488365.577 977.101 235.755 61.8924 95.8683 45.1849 32.83 127.988 73.7191 7.92709
537728474.942 993.406 236.13 61.4027 95.1403 45.2782 33.5705 132.494 82.24 3.31871
537751572.56 887.388 235.498 61.1072 94.9935 45.6896 37.8658 146.244 85.7626 355.032
537767680.019 660.33 236.524 61.519 95.1512 45.0572 27.4234 75.6111 77.3313 23.5541
538175674.774 706.408 235.83 61.5748 95.4542 45.3158 38.8352 223.435 88.7229 331.711
538689674.578 772.621 235.559 61.6068 95.5865 45.4103 24.2934 223.862 72.7047 330.335
538848997.367 893.565 235.62 61.3317 95.2279 45.5254 15.222 153.772 64.9954 338.094
539054212.578 666.268 235.347 61.6109 95.6654 45.4951 18.3873 90.1682 62.8152 350.601
540060771.323 958.43 235.437 61.146 95.0626 45.6953 53.6223 241.981 78.1659 330.464
540247907.42 686.538 235.073 61.5554 95.6936 45.6353 10.5504 302.546 36.8355 1.93054
540288067.16 705.719 235.679 61.615 95.5552 45.3571 50.4723 109.914 36.5308 352.753
540327742.841 960.946 234.841 61.5876 95.8152 45.7128 16.5527 301.655 38.0154 8.92612
540334556.955 993.436 236.482 61.3064 94.9028 45.1791 42.4495 226.35 62.903 331.932
540773541.645 873.661 235.356 61.4562 95.4726 45.5706 15.9157 217.47 39.5924 356.619
540955299.259 669.739 235.968 61.6372 95.4837 45.2277 33.8475 288.611 58.5296 30.8987
541379212.623 700.714 236.065 61.7997 95.6497 45.106 31.2804 130.18 59.7295 355.397
541573193.814 673.462 235.457 61.4965 95.4867 45.5085 19.942 130.033 58.952 3.8815
542235081.934 712.86 235.569 61.2521 95.1473 45.5866 23.1891 12.4115 73.2183 25.1691
542394635.693 747.103 236.674 61.6337 95.2425 44.9384 30.2426 328.377 80.1122 28.6262
546810649.973 691.87 235.507 61.2042 95.1101 45.6368 25.4283 271.201 74.821 29.5012
546972287.839 764.817 236.39 61.4326 95.0896 45.1556 39.9723 63.5254 88.715 349.862
546982491.479 886.173 235.43 61.5267 95.5332 45.5041 29.3914 312.589 79.4182 23.5252
547028845.638 796.449 235.255 61.4856 95.5442 45.5972 34.3936 13.1777 83.825 7.4728
547216302.888 910.381 235.88 61.1508 94.9146 45.5079 37.8498 277.2 87.8167 28.4839
547275913.403 677.315 235.804 61.469 95.3332 45.3799 39.0917 98.4791 88.9434 332.258
547790016.016 884.491 234.998 61.6633 95.8519 45.6098 22.8028 97.632 72.3501 331.792
548697380.318 777.824 235.433 61.6551 95.6895 45.4373 10.976 270.246 47.6471 353.391
548742443.81 725.118 236.139 61.9171 95.7682 45.0165 36.2986 266.007 65.7166 13.9052
548818327.78 777.239 236.049 61.1862 94.9007 45.4198 35.1531 142.259 62.0845 328.066
549080579.455 763.929 235.502 61.1095 94.9946 45.6865 21.9358 141.046 45.363 333.177
549256922.048 745.372 236.35 61.3194 94.9632 45.228 17.4057 218.24 39.7347 7.16601
549319023.083 985.841 235.844 61.9339 95.8883 45.1275 44.2679 237.069 66.8912 24.7276
549542144.482 923.414 235.001 61.313 95.4219 45.7901 27.1049 216.632 46.5793 21.9674
549821622.8 892.663 235.913 61.5929 95.4479 45.2724 43.9416 243.87 60.3604 29.3803
551248765.048 654.782 236.047 61.6203 95.4362 45.2038 36.8219 170.843 82.6058 23.0543
551290752.881 819.714 235.711 61.882 95.8706 45.208 33.9233 347.468 80.4207 1.23552
551449286.24 818.819 235.994 61.516 95.326 45.278 28.3046 226.56 77.742 29.1718
552735927.716 795.556 235.745 61.5088 95.4022 45.384 31.8925 270.254 72.931 2.92046
553496003.942 977.712 235.823 61.3628 95.196 45.4256 11.3276 184.099 41.9711 354.755
553588302.443 995.223 234.744 61.5115 95.757 45.7922 36.3878 85.1376 60.5361 328.979
555013852.952 755.619 235.407 61.8462 95.9316 45.3492 43.2784 115.809 74.5707 28.8415
555095749.676 822.834 235.479 61.4075 95.3698 45.5449 36.1718 3.47348 68.14 348.548
555442605.284 930.413 235.39 61.6416 95.6878 45.4615 20.5921 145.015 63.1732 31.0422
557359179.887 830.851 235.349 61.4505 95.4681 45.5764 33.279 52.5678 72.8643 330.599
557524818.016 673.596 236.073 61.6122 95.4172 45.1969 36.5233 54.4829 72.4314 330.566
558579557.709 964.689 235.581 61.1253 94.9867 45.6457 29.5326 111.114 48.9237 21.8478
558609346.328 892.508 235.818 61.6608 95.5636 45.2771 33.4398 19.035 53.241 334.076
559002385.422 992.498 235.564 61.1098 94.9734 45.6604 17.5475 81.4748 39.7925 19.7528
559185622.752 893.23 234.999 61.4153 95.5482 45.7381 16.727 356.921 42.2088 356.761
559442585.356 652.578 235.831 61.8579 95.8001 45.1716 14.8726 329.845 47.0986 1.8929
559602556.666 980.369 235.25 61.4109 95.4542 45.6375 17.9284 312.116 51.9462 1.14929
560234745.622 684.313 235.946 61.6544 95.5121 45.2278 38.7723 62.737 82.1801 23.1916
562146129.996 843.779 235.603 61.5903 95.551 45.4008 32.5914 358.08 67.8376 329.088
562174351.446 743.602 235.738 61.4697 95.3567 45.4067 20.4138 349.042 57.6614 328.757
562270973.871 824.607 235.69 61.5612 95.4857 45.3802 3.43269 1.21066 48.706 338.917
562413650.331 886.182 236.128 61.5133 95.2772 45.2239 4.89316 49.2796 45.1701 343.099
562254938.253 797.669 236.426 61.7844 95.5098 44.9659 45.5117 6.60169 78.7256 332.809
562557231.546 761.802 236.085 61.6691 95.483 45.1635 37.4018 350.137 64.3319 328.869
562590263.416 780.778 235.511 61.2771 95.1985 45.5981 17.581 97.5106 46.4235 2.3694
562602373.153 931.568 235.382 61.8355 95.9275 45.365 16.4969 353.642 45.9746 334.206
562743993.58 690.642 235.886 61.1446 94.905 45.5086 36.3013 80.1284 59.8387 18.5593
563521912.03 687.392 235.877 61.0864 94.8361 45.5414 31.416 290.162 51.7928 339.904
563555779.046 726.441 235.853 61.862 95.7977 45.1606 16.5255 320.014 40.0367 354.163
563663941.689 933.899 236.254 61.5386 95.2659 45.1594 11.8713 6.8509 38.521 13.1216
563984173.463 700.237 235.925 61.1175 94.8579 45.5057 23.6665 301.902 48.7987 356.733
565983056.213 961.352 234.972 61.5344 95.7036 45.6874 41.792 110.261 89.3642 12.1886
566006819.894 925.427 234.786 61.5515 95.7908 45.7541 26.8901 180.188 75.9307 344.593
566367205.266 807.071 236.402 61.6442 95.3458 45.0455 13.1059 248.802 62.0397 332.898
566520516.724 792.695 235.889 61.6807 95.5637 45.2378 26.4261 115.928 65.8833 358.005
566749045.934 706.578 236.03 61.7164 95.5596 45.1622 20.7874 103.665 57.319 357.86
566896981.037 832.236 235.932 61.7238 95.602 45.1987 54.0957 95.0896 72.0844 14.7232
567144516.841 644.089 235.098 61.6073 95.7481 45.598 57.6191 269.288 72.382 330.08
567108349.259 819.417 236.272 61.2134 94.8586 45.313 48.8938 91.208 64.9498 16.4152
567634814.145 925.97 235.656 61.3577 95.2473 45.4974 16.7835 257.03 41.0183 339.928
568719333.7 899.569 235.001 61.57 95.7369 45.657 19.8475 106.652 46.2829 14.5436
569091633.671 929.794 235.584 61.4304 95.3618 45.4903 45.7615 199.052 83.9949 344.562
569553025.32 985.431 235.107 61.7669 95.9399 45.5117 20.9859 84.5573 70.5317 21.0556
570240293.323 694.533 235.227 61.273 95.2927 45.7174 34.8992 182.7 84.8172 333.503
571354697.999 997.461 235.254 61.5193 95.5856 45.58 39.8976 249.466 72.5382 330.384
571558949.554 978.899 235.431 61.6108 95.6359 45.4608 41.3789 107.303 48.274 356.045
572222726.891 830.361 235.724 61.5989 95.52 45.3469 55.3911 227.789 78.1557 331.179
572484363.363 646.793 236.483 61.259 94.8442 45.2023 23.713 116.381 37.388 352.021
572781540.149 662.54 235.874 61.7151 95.611 45.2266 52.0797 111.4 47.2353 346.985
572895536.319 744.984 235.853 61.1904 94.9732 45.4997 15.8245 188.788 42.3673 356.666
573843902.976 704.169 235.131 61.656 95.796 45.5595 35.1562 116.093 75.6221 356.485
573921602.82 955.025 235.467 61.5508 95.55 45.4769 43.2425 252.136 86.3769 19.6987
574104603.787 730.215 235.211 61.1179 95.1076 45.8036 35.1639 264.971 81.0638 25.3349
574300698.339 722.891 235.592 61.2943 95.1912 45.5556 34.5111 87.8988 82.6986 2.58459
574515998.085 741.307 236.246 61.3826 95.0761 45.24 37.047 284.941 86.7899 26.4294
574632251.846 713.264 236.397 61.4922 95.1606 45.1231 37.3908 88.1343 87.2965 354.069
575484251.575 830.121 235.311 61.33 95.3333 45.6537 15.6 153.427 63.6477 331.16
575769654.474 888.072 236.062 61.6014 95.4077 45.207 26.3755 124.424 54.8463 333.47
576733469.085 888.709 235.376 61.5201 95.5441 45.5298 40.1977 255.026 60.6585 23.6571
577144606.202 695.514 235.906 61.1235 94.8721 45.5108 37.3185 250.229 57.7268 28.8553
578103506.86 880.444 236.319 61.7345 95.4843 45.0346 34.6118 208.147 74.5818 28.4201
578584629.532 797.889 235.062 61.6746 95.8432 45.578 24.1363 22.1479 70.87 10.7664
579396571.189 984.746 235.082 61.4081 95.51 45.7078 34.5947 43.6992 84.5481 344.771
581270185.148 645.847 236.564 61.745 95.4156 44.9289 20.2755 132.854 41.8877 338.995
581344309.543 674.246 235.713 61.7523 95.7116 45.2735 17.75 136.072 39.4146 343.413
580910067.261 867.708 235.66 61.2814 95.1519 45.5341 9.86734 214.589 41.2213 351.478
581636226.044 920.479 236.16 61.7925 95.6088 45.0708 46.3444 103.11 68.0966 333.617
584612323.119 854.236 235.241 61.3961 95.4391 45.6486 14.3083 39.4336 63.2841 332.439
584692008.712 645.563 236.199 61.3917 95.1035 45.2552 9.93711 349.549 59.8604 338.533
584818332.71 779.36 235.81 61.1586 94.9485 45.5334 26.0753 89.2754 65.7181 328.264
585583312.273 723.745 235.11 61.709 95.8684 45.5407 30.1074 80.793 54.1132 329.882
586553117.417 802.81 236.163 61.753 95.5595 45.0893 12.36 111.118 39.6467 15.9861
586804536.487 845.253 236.036 61.0992 94.7974 45.4682 8.78364 51.376 42.4935 10.5266
588072790.778 938.692 236.179 61.8626 95.6882 45.0277 34.7366 281.112 83.7239 5.01941
588793411.003 971.458 235.394 61.1844 95.125 45.6936 25.5369 312.364 75.4925 337.667
