260169382.674 44644.1 235.684 61.4104 95.3026 45.4589 42.5841 287.089 60.826 25.9387
264370297.514 44242.6 235.769 61.5632 95.4611 45.3468 47.2385 126.305 68.7561 329.687
353431482.091 48073.7 235.718 61.5292 95.4367 45.3846 9.19598 273.523 49.1521 25.5313
383890203.959 45228.7 235.826 61.5188 95.3868 45.3455 20.8581 224.584 51.3505 330.06
401824674.103 60936.8 235.758 61.4975 95.3842 45.3843 24.4838 18.3226 64.0325 328.475
407515113.302 52164.3 235.712 61.5369 95.4485 45.3834 30.6662 48.9863 50.9005 21.397
411849100.371 47400.5 235.791 61.5219 95.4026 45.3583 48.9967 17.9285 74.7726 24.5044
420156431.511 45483.3 235.766 61.4904 95.3727 45.3847 15.3076 356.444 59.573 349.713
480785026.769 45264.3 235.792 61.4877 95.3604 45.3752 13.5516 238.272 36.447 356.341
501115898.867 42474.6 235.817 61.4856 95.3494 45.3662 24.0336 118.104 73.9492 24.5232
504806804.155 39885.6 235.747 61.4669 95.3501 45.4044 21.8767 316.51 60.1197 31.9953
522542275.827 43231.8 235.746 61.4649 95.3481 45.4059 24.8239 148.57 47.561 27.56
527900988.496 60471.7 235.72 61.4996 95.3996 45.399 17.2544 97.2702 58.5501 30.6738
529320511.151 40489.0 235.767 61.4136 95.2777 45.4231 31.0222 334.605 80.3084 331.122
533936705.595 56716.2 235.804 61.5306 95.4087 45.3486 30.2499 285.33 79.2626 331.207
534165125.957 47628.7 235.803 61.523 95.3997 45.3528 25.8539 289.34 73.0735 330.108
564286225.038 40601.3 235.733 61.541 95.4458 45.3725 4.66795 41.1957 49.9137 23.1809
