239607110.728 506.062 235.722 60.9763 94.7537 45.6615 51.8662 34.0467 86.7711 331.053
239995962.434 541.33 236.667 61.7521 95.3905 44.8829 42.4342 295.461 76.4474 349.699
240341984.749 621.007 234.611 61.7782 96.1299 45.7055 58.0427 73.6219 88.2952 341.683
240662029.635 514.587 235.924 62.2096 96.1968 44.9542 23.2464 9.92969 55.5394 331.437
241206219.039 528.926 235.602 61.8912 95.9193 45.2471 22.2057 279.591 41.4643 353.11
242477920.826 420.015 237.233 61.4781 94.8683 44.7815 59.4359 90.3489 81.3003 27.9618
242822939.561 605.109 236.669 61.9681 95.6543 44.775 17.5764 170.684 50.9632 25.3799
243775861.226 456.14 234.317 61.3568 95.7224 46.047 49.1469 263.779 83.3982 2.52929
245411869.75 412.426 235.906 61.744 95.6358 45.1991 28.5761 334.609 57.052 328.821
245783368.516 542.934 235.525 62.0737 96.1677 45.184 30.5543 142.351 54.1232 11.0768
246150853.357 449.659 235.222 61.1607 95.1565 45.7771 2.97102 162.035 36.6666 356.827
246219524.607 527.112 235.01 61.7071 95.9011 45.5817 9.23337 133.098 38.0978 5.05445
246747847.457 453.801 236.255 61.6354 95.3844 45.1103 33.3572 292.819 53.6944 341.133
246918404.996 400.757 234.282 61.6098 96.0439 45.9271 37.935 75.278 58.5733 30.5837
246964466.498 542.603 236.442 61.8813 95.6235 44.9112 29.2671 82.0537 52.2889 29.6558
247631322.521 406.413 235.841 61.2002 94.9894 45.4994 54.8334 268.369 82.1543 344.52
249087450.317 507.848 235.667 61.9973 96.0264 45.1666 54.6452 128.885 88.5656 8.84975
249141501.972 562.609 235.556 62.1787 96.2846 45.1174 50.9732 314.523 84.8195 339.252
250121347.12 472.71 235.723 61.2811 95.1298 45.5079 29.1581 282.425 55.9806 328.281
250223636.033 418.581 237.051 61.8241 95.3532 44.6893 19.5705 124.591 48.5347 359.39
250825932.232 398.57 235.896 61.8609 95.782 45.1437 2.79811 115.78 36.8817 357.912
250918667.896 420.048 236.155 61.4844 95.2326 45.227 48.3217 270.832 66.4698 331.502
251112786.698 599.227 234.967 61.1821 95.2733 45.8716 8.01451 238.269 36.8106 352.948
251273611.355 426.956 236.433 61.0681 94.6247 45.3167 22.0288 239.179 44.2248 344.961
251387717.937 625.565 235.602 60.9869 94.8083 45.7065 6.45139 63.1871 37.7651 14.1391
251473943.287 403.188 236.535 62.0867 95.8434 44.7705 74.5249 105.111 39.6794 4.40599
252001851.81 545.965 235.098 61.1116 95.14 45.8537 29.1193 182.886 56.5507 357.206
252173004.189 400.334 235.639 61.9292 95.953 45.2127 21.1075 58.2261 54.2843 27.3887
252312302.545 486.199 236.296 61.8345 95.6146 44.9939 61.3173 217.728 89.8463 341.158
252573691.261 450.66 235.556 61.332 95.2505 45.5515 44.6213 2.63101 76.0634 28.1364
252654226.797 548.319 235.578 61.4401 95.3757 45.4873 38.9693 25.8455 72.0686 30.151
252816535.893 422.298 234.919 61.8681 96.1293 45.5343 51.5138 146.526 84.4547 355.327
252974808.646 421.278 236.147 61.5326 95.2946 45.2062 52.3519 334.423 86.4555 20.0619
253066818.248 517.039 235.623 61.2611 95.1401 45.5598 50.5275 2.71539 85.0681 25.2466
253724540.292 457.467 235.193 61.1926 95.2061 45.7728 48.3536 254.393 82.4808 333.739
253931150.495 562.736 235.557 61.3243 95.2406 45.555 49.4178 261.927 81.9982 335.847
253987442.468 405.037 234.663 61.2581 95.4758 45.9573 32.6787 183.794 67.6494 334.552
254881387.176 482.913 235.553 60.7966 94.5894 45.8223 20.9085 69.4522 48.3714 1.99709
255477378.854 521.454 235.345 62.0095 96.1519 45.2894 33.9528 14.4226 53.6146 21.8326
255535333.123 423.098 236.925 61.331 94.7868 44.9817 3.27594 33.0601 36.0298 1.55159
255845515.975 405.7 234.648 61.4838 95.7577 45.8454 27.7245 187.98 48.2463 340.744
255868106.604 628.16 236.492 61.5238 95.168 45.068 9.55518 173.087 38.2042 355.329
255937644.336 618.29 235.712 61.2984 95.1549 45.5038 46.6227 194.35 65.2551 335.883
256646819.646 428.642 235.83 61.3604 95.1908 45.4238 39.5088 305.476 65.4369 31.6638
257887045.076 500.137 236.78 61.8655 95.4924 44.7805 52.1633 87.3207 87.1131 5.24845
258162321.978 484.85 236.466 61.937 95.6834 44.8733 53.4347 80.8876 87.9993 5.99456
259092292.581 615.377 236.547 60.9893 94.4887 45.3069 17.767 92.5453 52.3525 343.046
259229581.972 598.864 235.27 61.2851 95.2927 45.6934 23.4033 44.2957 53.7931 355.918
259631923.226 594.416 236.478 61.7107 95.4022 44.9811 28.7367 180.528 53.5571 329.63
259699894.244 474.065 235.88 61.764 95.669 45.1995 10.2467 342.038 42.0277 358.825
259700535.656 432.244 237.003 61.3066 94.7309 44.9605 20.2126 176.382 46.3038 332.626
259791305.267 580.933 234.74 61.7196 96.0125 45.6845 26.295 334.106 49.2949 12.3963
259895465.828 478.839 234.66 61.4528 95.7153 45.8567 22.5177 157.816 45.5941 334.034
260044429.8 621.53 236.295 62.0817 95.917 44.8702 16.7294 148.547 41.6116 340.492
260650895.844 598.576 235.662 61.5852 95.5249 45.3795 45.8855 266.301 65.3227 30.1815
260687078.372 518.014 235.743 61.272 95.1117 45.5042 42.942 128.184 62.4863 338.916
260892655.781 442.854 236.116 61.3135 95.0353 45.3285 6.46999 34.0229 41.2281 11.3167
261202342.655 432.0 235.878 61.3604 95.1744 45.404 14.0058 33.2604 47.9264 12.4125
261293152.584 549.622 235.17 61.4926 95.5827 45.628 37.7888 258.423 64.3181 31.6983
261316647.979 619.204 237.179 61.5834 95.0158 44.7535 18.4848 310.038 51.9517 26.2795
261443669.788 620.957 234.303 61.5717 95.9898 45.9388 35.7571 76.9852 64.3672 357.713
261454013.759 450.228 234.328 61.351 95.7112 46.0456 26.0622 280.02 57.5521 30.6196
261707263.93 443.69 235.189 61.2955 95.3342 45.7218 34.1544 44.5283 66.4081 7.21358
261742264.433 398.991 235.269 61.3704 95.3981 45.6504 51.9613 88.2084 82.1751 350.137
261878377.588 498.533 237.163 61.2874 94.6551 44.9026 34.0928 285.393 68.4822 29.6284
262326009.473 428.11 235.102 61.143 95.1772 45.8357 45.6719 298.562 80.7318 25.4931
262601727.772 549.322 236.865 61.925 95.5376 44.7165 54.0606 318.874 89.0775 18.0588
263062575.557 499.193 236.395 61.515 95.1896 45.1126 39.4061 114.779 73.8578 330.526
263143547.047 616.9 235.484 61.8294 95.8848 45.3268 50.5114 156.234 83.1105 337.684
263223528.973 454.991 235.797 60.8358 94.5532 45.6997 44.0813 140.138 76.4004 331.038
263315084.049 439.576 235.114 61.6593 95.8063 45.5646 38.4414 128.468 71.0088 329.872
263372780.96 493.922 235.844 62.1481 96.1492 45.0179 43.8466 152.44 77.8717 334.082
263566504.587 436.065 236.029 61.3357 95.0924 45.3537 18.8769 33.6953 57.0504 343.464
263567920.435 609.55 236.998 61.6222 95.1222 44.8097 51.6645 160.279 82.6895 335.984
263760283.171 567.489 235.157 61.5142 95.6137 45.6222 56.4916 276.453 85.621 19.0315
263784589.059 431.796 235.405 61.2844 95.2447 45.6382 11.845 64.3889 50.6589 338.37
263784739.192 607.308 235.992 61.9788 95.8932 45.0448 14.5455 91.5145 51.8767 334.856
263807403.963 511.002 235.633 61.816 95.8169 45.2732 11.767 32.1199 50.4745 343.22
263900290.767 461.144 235.479 61.7855 95.8329 45.3513 48.9315 143.983 75.9059 331.677
263934520.678 611.08 236.931 61.0986 94.4967 45.0911 42.2273 140.494 68.436 328.692
264346740.533 618.873 235.707 61.5905 95.5158 45.358 17.6654 118.116 44.7471 334.485
264414453.983 431.195 236.416 62.0251 95.8076 44.8495 35.1869 268.078 57.2369 17.904
264609489.7 610.789 236.154 61.2308 94.9202 45.3535 31.0963 264.744 51.0637 19.9344
265022802.071 554.111 235.989 61.3891 95.1717 45.3435 4.71246 267.265 36.5127 8.52772
265114607.237 537.5 235.009 61.5508 95.7108 45.6636 1.67907 330.871 36.7119 5.5567
265229083.076 419.325 235.361 61.5566 95.5943 45.5173 10.225 255.412 39.3302 17.3905
265400736.466 415.593 235.821 61.9385 95.9021 45.1345 26.8942 236.708 50.4528 28.8501
265710858.96 409.943 235.39 61.5403 95.564 45.5134 9.95509 311.072 45.0071 16.2603
265790835.128 442.222 235.748 61.8833 95.8597 45.1923 17.8063 252.671 49.5413 26.5576
266135448.764 564.953 234.993 61.5596 95.727 45.6654 25.5198 335.389 58.2906 10.263
266530589.02 488.168 236.136 61.3759 95.1055 45.2891 47.3247 266.607 67.8026 26.5408
267662864.0 416.787 236.272 61.399 95.0881 45.2212 38.9468 61.8698 73.6143 330.837
268006714.907 539.555 236.093 61.8989 95.7615 45.0441 27.5208 38.5376 62.2303 333.25
268545944.926 400.499 236.046 61.2531 94.9846 45.3877 26.9799 69.102 54.7064 328.688
268579291.885 527.891 235.163 60.9601 94.9295 45.9037 27.1084 273.406 54.3977 2.97616
268946662.624 405.071 236.272 61.9209 95.7285 44.9605 4.30842 254.034 40.2981 353.336
269544072.595 458.813 235.945 61.2823 95.0551 45.415 52.9895 64.1371 72.4056 332.199
269559673.292 546.107 235.972 62.0138 95.9425 45.0349 25.7377 197.75 47.3398 23.0338
269588809.461 438.219 236.85 61.3593 94.8466 44.9995 3.44178 243.466 36.11 5.8702
269616585.64 603.065 235.292 61.4504 95.4879 45.5997 45.7608 189.002 65.0511 28.6827
269674305.291 442.668 234.952 61.3681 95.5074 45.7819 26.9335 189.844 48.0017 25.6946
269684905.574 502.235 236.924 61.7694 95.3274 44.7685 66.7342 153.459 89.5284 27.9624
269876295.983 512.633 234.988 61.9202 96.1684 45.4795 38.5433 34.7396 59.6768 339.778
270902185.548 553.33 235.826 61.5214 95.3903 45.3445 28.0347 292.621 64.2967 9.63375
271050492.254 605.589 236.031 61.087 94.7842 45.4764 27.6828 203.106 65.8665 29.3266
271416334.99 472.331 235.703 61.1754 95.0064 45.5695 52.106 100.95 89.7717 14.2608
271508963.318 402.937 235.794 61.0006 94.7588 45.6189 43.0018 177.28 81.6507 29.2721
271977186.486 615.514 236.559 61.0027 94.5009 45.295 49.1534 57.6823 87.7249 336.898
272296513.363 447.241 236.889 61.3099 94.7724 45.0068 63.5865 286.657 77.8029 353.833
272617713.52 399.891 237.029 61.3625 94.7916 44.9227 40.5976 276.027 68.3542 354.911
272617946.307 610.249 235.557 61.3571 95.2812 45.5385 27.2393 284.93 64.4855 347.234
272997089.571 483.58 235.53 61.4111 95.357 45.5223 20.2829 11.9459 54.7114 330.372
273008757.979 423.868 234.396 61.7402 96.1609 45.8118 28.0905 26.4434 59.785 328.596
273425876.765 623.588 236.511 61.9877 95.7307 44.8299 38.7677 188.723 62.494 15.7055
273639304.73 518.881 235.781 61.48 95.3549 45.3839 24.7916 43.4049 48.0579 332.061
273753995.685 416.231 235.967 61.5162 95.3356 45.2888 26.6508 39.4062 48.2034 332.864
273834682.891 470.04 234.656 61.9304 96.2983 45.6067 44.0763 35.1008 66.7076 330.857
274115192.671 458.21 235.681 61.824 95.8102 45.2496 27.8372 344.285 47.9322 338.081
274400049.144 497.828 235.823 61.806 95.7398 45.2011 56.0489 86.3607 81.6494 28.5106
274872305.236 505.507 235.011 61.1564 95.2261 45.8667 66.1886 287.533 65.9302 344.297
275204606.869 491.629 237.223 61.4679 94.8591 44.7908 26.0718 303.73 62.5642 357.867
275421511.599 430.249 236.276 61.24 94.8903 45.2981 12.63 122.142 58.9538 28.7562
275547826.531 516.355 236.195 61.6466 95.4185 45.1295 11.6008 165.085 61.3596 25.106
276252534.226 536.582 234.828 61.1958 95.34 45.922 19.4719 237.386 85.8835 28.1792
277161963.316 624.144 235.676 61.4848 95.3968 45.4245 25.1452 350.74 70.2333 329.521
277265588.126 430.232 236.637 61.6063 95.2214 44.9673 37.4744 16.7763 78.5345 333.852
277372320.346 486.462 235.063 62.0568 96.3079 45.3779 40.7287 141.628 80.2698 10.577
277453734.94 617.464 236.198 61.1254 94.775 45.3874 4.79619 276.633 54.7449 337.55
277464195.85 446.692 236.943 61.3985 94.8644 44.9414 37.1357 140.849 74.1532 9.29344
277609818.466 450.208 236.838 61.5518 95.0879 44.9105 49.8467 22.6404 85.3212 335.916
277980437.133 574.677 235.262 61.1729 95.1573 45.7541 30.2966 107.208 57.5026 11.6737
278576268.46 610.543 236.151 62.1159 96.0066 44.9108 49.9527 72.995 73.1844 26.5728
279070511.277 416.647 235.114 61.7396 95.9044 45.5231 13.2101 339.299 38.4252 1.54998
279346716.999 617.313 234.754 61.3511 95.5573 45.8717 48.9781 292.901 76.1519 337.723
279792010.599 495.723 235.739 61.3031 95.1517 45.4905 29.1578 37.3339 63.9823 31.9526
280045553.203 484.45 235.873 60.8352 94.5262 45.668 21.4291 223.307 63.4814 5.46458
280125311.281 465.752 236.431 61.19 94.7764 45.2579 10.2174 139.897 60.0536 21.9975
280263645.174 460.467 236.296 61.5794 95.3019 45.1215 29.8579 215.799 74.0903 2.29744
280286051.417 610.636 234.911 61.0057 95.0759 45.9855 16.9937 162.103 65.5156 17.4716
280354659.145 515.794 236.723 61.2774 94.7871 45.0925 17.5975 127.593 67.4619 23.2605
281019489.088 555.03 235.452 60.8971 94.7497 45.8147 39.825 81.1537 89.6579 28.9267
281399002.937 553.02 235.761 61.3888 95.2494 45.438 40.9472 118.987 88.8944 11.1777
281556045.106 460.829 236.141 61.7365 95.547 45.1068 32.1286 304.62 78.5221 332.833
281675575.036 566.179 235.839 60.9996 94.742 45.6007 16.6717 226.182 66.6809 335.311
281710585.236 619.457 235.389 61.8125 95.8972 45.374 24.6494 291.484 71.1443 330.065
281756309.5 626.964 235.725 62.0993 96.1304 45.0906 20.4846 281.189 67.7223 330.351
281950309.656 556.824 236.33 62.0609 95.8798 44.8663 19.5334 135.268 63.2758 351.631
282466624.461 424.748 236.664 61.0183 94.4854 45.2431 6.92386 47.505 44.9993 347.886
282501226.453 413.463 236.004 61.6582 95.4973 45.2021 6.83503 332.451 44.9949 340.04
282571250.833 488.572 235.738 61.6289 95.5521 45.3258 59.4256 291.206 85.6562 333.659
282788950.774 512.973 235.964 60.9762 94.6697 45.5594 52.0944 292.891 78.2918 330.398
283017252.448 468.085 236.814 61.6487 95.2151 44.8731 14.6524 315.887 38.3012 345.629
283304317.315 402.395 235.862 61.3679 95.1892 45.407 29.9841 276.087 49.4277 336.11
283326370.158 481.566 234.795 61.012 95.1253 46.0304 19.5541 2.21419 39.1837 15.0083
283658976.656 576.308 236.285 61.3302 94.9987 45.2497 15.6669 340.29 39.2354 17.881
283693467.782 420.609 236.978 61.4212 94.8808 44.9156 13.2146 327.808 38.489 14.5157
283819712.488 488.175 236.848 61.2877 94.7587 45.035 10.7249 299.579 39.2155 10.8336
283831399.919 474.179 234.758 61.6275 95.8937 45.7255 15.1866 258.328 41.758 358.601
283968674.807 543.839 237.099 61.2759 94.6617 44.9351 9.34046 316.316 41.8711 17.8825
284496286.337 515.28 235.236 61.1213 95.1031 45.7915 5.31228 150.28 52.9563 17.0053
284542505.276 594.077 235.92 61.247 95.0201 45.4431 18.4729 174.009 59.3576 5.98651
284967471.186 477.375 237.017 61.4144 94.86 44.9028 39.5363 168.968 84.3198 351.994
285229827.453 541.929 234.391 61.5009 95.8714 45.9407 25.5587 48.857 75.4396 27.6205
285321142.04 572.934 235.847 60.9767 94.7109 45.6087 32.338 10.0192 81.6385 28.9703
285886119.567 415.671 235.775 61.4109 95.2717 45.421 30.8368 202.523 80.7224 331.841
286252769.997 471.85 236.144 61.6275 95.4122 45.1601 18.3882 159.832 68.1852 337.488
286345122.387 601.15 235.48 61.6436 95.6591 45.4237 22.7523 232.969 69.4305 329.748
286574152.865 568.137 236.214 61.41 95.1212 45.2398 11.7991 214.508 59.1258 332.051
286585381.444 600.821 235.372 61.3748 95.3674 45.6058 7.93552 163.132 57.8768 337.194
286928875.206 459.418 235.708 60.9053 94.6703 45.7027 18.5936 42.033 54.1142 358.379
287192934.9 417.822 234.669 61.9262 96.2887 45.6039 7.67142 343.588 44.0339 349.573
287249986.996 558.697 235.923 61.4084 95.2181 45.3612 18.5012 5.41531 47.1923 3.12372
287651683.248 403.774 235.47 61.7524 95.7956 45.372 12.7336 281.872 37.243 353.089
288306282.861 519.824 235.242 61.0738 95.0423 45.8131 48.4161 203.977 71.8654 335.114
288820984.395 561.59 234.573 61.6726 96.0148 45.7764 8.39884 280.45 46.8727 23.2937
289440629.305 494.874 235.475 61.7956 95.8468 45.348 17.2849 75.8605 64.7533 14.9163
290106068.445 502.571 236.05 61.1114 94.808 45.4563 34.8834 59.0453 84.8005 13.0095
290127583.725 477.266 234.607 61.5984 95.9124 45.802 37.6016 290.012 87.4324 26.5426
290438871.141 485.534 234.63 61.5287 95.8191 45.8293 38.4802 56.4961 87.9481 7.32639
290555080.26 421.655 235.835 61.2486 95.0512 45.4776 29.0219 148.357 78.805 331.587
290658913.926 518.171 237.044 61.6337 95.1213 44.7849 32.4611 197.298 80.5268 333.157
290944586.229 402.466 237.233 61.4497 94.8334 44.7953 15.9028 96.5631 65.3481 339.476
291781455.156 612.729 234.96 61.8712 96.1186 45.5162 11.6969 308.644 45.9287 354.883
292125381.211 464.761 235.866 61.6463 95.5295 45.2645 16.8293 276.299 41.4882 4.69936
292273766.827 469.401 235.163 61.1012 95.104 45.8318 15.4221 246.003 65.0306 24.5747
292411839.702 445.338 235.855 61.4724 95.32 45.3572 24.6129 265.458 44.6168 17.917
292687863.429 548.846 235.218 61.5106 95.5881 45.5994 23.1122 165.503 43.2643 343.658
293294442.808 513.682 234.625 61.3156 95.5602 45.9431 29.595 236.695 57.1238 31.804
293741316.968 445.984 236.514 61.5386 95.1789 45.0516 58.5541 254.976 72.7208 29.3522
293753647.603 412.282 235.513 61.0567 94.9259 45.7086 4.72315 291.878 53.7145 23.7665
293993832.489 461.684 234.419 61.325 95.6461 46.0221 52.2736 261.559 67.9937 31.1099
294143441.887 472.192 235.491 61.1512 95.0502 45.6699 15.5768 301.117 65.4224 26.5491
294257580.376 481.462 235.63 62.0171 96.063 45.1713 48.6141 259.974 73.818 29.2019
294819676.355 468.08 235.951 61.785 95.6704 45.1596 55.0592 263.146 89.3385 28.0888
295499468.473 400.229 234.746 61.1731 95.3415 45.9675 30.2151 124.937 72.6005 329.65
295671036.33 477.865 236.072 62.0654 95.9718 44.9684 18.1239 85.3916 62.5876 333.561
295786862.702 428.306 235.15 61.3221 95.3807 45.7242 50.9018 163.66 87.5814 339.599
295855048.759 483.544 235.15 62.103 96.3331 45.3186 30.9965 136.943 67.959 329.684
296105951.297 417.404 236.728 61.5671 95.1431 44.9489 25.1816 299.865 58.916 1.9139
296266633.313 561.17 236.309 61.3805 95.0526 45.2147 17.9262 291.576 51.2057 359.509
296334522.673 506.931 234.6 61.8557 96.2277 45.6687 54.9217 261.947 84.3465 21.8727
296793451.943 528.875 236.176 61.5021 95.2474 45.2096 44.9145 242.241 68.2566 23.8015
296988735.808 600.971 237.004 61.7471 95.2739 44.7463 30.9215 229.088 51.4069 21.5127
297080808.819 613.759 234.709 61.2843 95.4914 45.9249 18.0971 203.433 38.6672 11.4181
297160906.091 543.749 235.426 61.9374 96.0363 45.2945 23.124 212.526 43.7103 19.0727
297448132.024 487.961 235.128 61.7385 95.8979 45.5177 15.3444 121.383 38.6614 356.673
297791988.44 447.877 235.893 61.6942 95.5793 45.2296 9.36941 112.79 41.6493 9.43186
298198285.441 432.106 235.342 61.0618 94.9921 45.7775 25.2494 187.48 59.7238 32.3722
298369877.808 549.088 234.979 61.5647 95.7386 45.6688 37.4822 174.252 74.286 28.6763
298381306.61 552.361 237.164 61.5469 94.9756 44.7774 39.0014 174.032 76.5647 27.5788
298610885.169 453.73 234.364 61.3241 95.6651 46.045 28.0559 186.449 70.3985 30.5553
299618215.052 554.552 235.573 61.9425 95.9918 45.2324 38.5043 95.0036 88.0877 337.806
299801478.813 617.773 235.05 61.998 96.2409 45.4136 33.369 85.5776 82.3043 333.556
300306100.982 438.004 236.347 60.9318 94.4844 45.4196 33.2392 100.912 74.6561 330.762
300935840.325 509.193 236.569 61.3074 94.8753 45.1421 6.58483 128.52 44.6985 340.725
300970330.762 625.994 235.132 61.4034 95.4868 45.6897 9.98119 106.09 45.4358 336.975
301038475.434 612.753 235.801 61.6784 95.5913 45.2751 21.141 218.181 50.4708 4.89013
301479789.315 444.994 236.665 61.9718 95.6602 44.7748 28.2484 185.353 49.842 17.7365
301830909.559 436.396 235.386 61.2528 95.2123 45.6621 42.1643 62.8716 62.4736 333.283
302358751.186 477.995 236.519 62.0855 95.8474 44.7776 55.9611 45.0416 84.8099 335.638
303126597.938 450.974 235.676 60.8643 94.6307 45.7368 38.2374 333.46 76.4259 351.817
303256612.346 437.68 235.773 61.7129 95.6431 45.269 29.2645 127.313 72.4245 29.4478
303875592.947 452.569 235.667 60.9969 94.7981 45.6741 38.2413 120.379 87.6095 23.3284
304129473.31 574.32 234.805 61.5628 95.7979 45.7402 38.2913 249.823 88.2542 15.7166
304457526.365 515.745 236.014 61.879 95.764 45.0864 27.7305 300.682 77.5976 342.104
305793813.92 506.603 234.827 61.9096 96.2123 45.5494 69.9107 291.826 43.1837 337.815
306332014.731 435.642 234.895 60.9953 95.0687 45.9974 23.4196 102.93 42.655 18.4326
306710403.738 446.108 236.863 61.8292 95.4207 44.7642 20.7011 88.4351 43.6507 23.5837
307387373.74 469.266 234.711 61.5711 95.8415 45.774 8.39799 299.451 49.6601 11.1168
307857036.478 414.568 236.277 62.1305 95.9822 44.8526 13.7239 136.522 62.8482 26.9523
307947880.585 487.286 235.469 61.8207 95.8795 45.3375 36.5358 63.9702 80.1041 24.7058
308533148.86 542.31 235.01 61.3167 95.4234 45.7843 35.8918 95.9883 85.6028 28.2587
308799127.432 403.997 234.702 61.8978 96.2425 45.6057 35.8076 260.58 85.8376 343.933
309430231.96 512.06 234.411 61.4487 95.8003 45.9601 15.1221 256.173 65.0117 337.857
310113158.064 424.433 237.118 61.3951 94.803 44.8696 50.8454 297.238 59.0101 328.027
310210385.685 408.413 235.307 62.0127 96.1689 45.303 20.8626 347.807 51.5776 330.577
311344821.575 465.457 236.764 62.0139 95.6791 44.7135 12.357 8.24155 38.528 12.2777
311585306.186 589.025 235.584 60.9656 94.7884 45.7247 18.2366 29.1259 44.8125 26.6025
312962648.796 594.022 236.154 61.7656 95.578 45.0865 38.9554 200.301 87.422 353.832
314511449.455 448.843 235.148 61.2193 95.2549 45.7778 1.31588 142.586 50.8566 341.024
314797579.589 441.854 236.229 61.0137 94.626 45.4294 22.3441 63.7881 52.2122 4.94804
315319608.28 436.769 236.094 61.939 95.8104 45.0238 13.41 351.217 37.9056 359.793
315319929.637 400.407 235.222 61.197 95.2012 45.7584 16.8069 297.665 39.004 342.292
315457757.688 609.477 236.059 61.9158 95.7939 45.0497 25.2742 275.581 45.7137 337.073
316047212.107 581.037 234.894 61.5527 95.7537 45.7092 24.0554 344.271 47.392 27.4251
317731862.158 489.539 235.442 60.9197 94.7813 45.8075 39.5496 315.072 89.0861 20.4685
317895562.342 461.271 235.101 62.0142 96.2426 45.3847 39.4794 172.307 89.3593 335.591
318183652.131 540.243 235.916 61.8341 95.7425 45.1491 39.1865 260.264 88.1336 342.586
318641196.908 541.88 235.67 61.374 95.2628 45.4832 15.8625 187.829 65.1821 332.54
319833695.34 448.533 235.308 61.0996 95.0508 45.7725 23.3994 233.158 45.2524 333.651
319981755.991 504.249 236.196 60.8805 94.4715 45.5085 28.0913 318.477 47.9724 19.152
320212004.515 544.89 235.709 61.9636 95.9708 45.1667 23.7777 216.6 44.0055 340.735
320842322.676 596.035 236.106 60.829 94.4382 45.572 13.4506 190.438 42.3349 2.89815
321185789.079 588.914 236.225 61.1049 94.7403 45.386 9.72405 283.015 49.4474 26.3556
321392782.201 420.075 234.551 61.6935 96.0483 45.7744 17.6077 118.752 57.6289 5.86454
321678372.963 487.17 235.323 61.9937 96.1404 45.3066 22.2139 288.133 66.9554 30.3862
322016505.925 574.476 234.854 61.7814 96.0469 45.6059 27.5933 287.811 75.9896 29.0077
322776108.011 408.125 236.417 61.2765 94.8879 45.221 54.5426 141.1 80.1014 334.064
322988789.498 416.826 236.16 61.3384 95.0511 45.2977 54.6808 138.672 76.2111 330.416
323818396.937 629.504 236.696 61.5386 95.1185 44.9761 38.3414 310.948 71.0809 12.9427
324071884.32 564.003 235.257 61.2281 95.2273 45.7282 16.6177 189.992 47.4013 332.399
324851433.876 450.656 236.327 61.0829 94.6785 45.3539 22.7747 165.896 41.8676 342.127
324977526.769 493.558 235.016 61.5454 95.7017 45.6637 22.5812 157.146 42.7218 344.473
325067948.414 625.523 234.598 61.4409 95.7233 45.8883 41.6074 245.195 63.2617 29.3528
325528126.811 512.109 235.831 61.2428 95.0456 45.4825 33.1507 116.628 59.5718 346.35
325802498.891 414.099 235.31 61.2574 95.2447 45.6913 2.48781 139.489 47.7404 17.8204
325985334.486 545.649 235.952 61.6879 95.5515 45.2087 21.3893 232.815 60.2049 31.3316
326065133.588 541.586 235.086 61.5321 95.6607 45.6419 36.8415 218.914 74.2638 28.688
326295817.803 464.1 236.145 60.8622 94.4663 45.5392 18.4972 26.2609 64.4844 12.0396
326307704.919 440.796 235.143 60.9512 94.9258 45.9168 31.3451 61.6492 73.4225 358.848
326547358.597 447.888 235.794 60.8602 94.5844 45.6888 20.4912 276.824 70.0184 28.865
327615815.096 523.125 234.794 61.8507 96.1525 45.5935 24.1635 44.0815 73.8917 339.015
327874941.464 473.571 235.654 61.2947 95.1707 45.5299 71.7147 108.037 77.8854 332.918
328326729.878 546.514 236.439 61.7878 95.5098 44.9587 41.6453 221.982 51.272 341.185
328428676.607 478.44 234.709 61.3266 95.5432 45.9028 47.4919 262.872 81.4326 18.4572
328682471.803 437.392 236.022 61.6104 95.4325 45.2187 18.0223 137.376 48.4043 331.974
328786008.024 504.3 236.016 62.002 95.9133 45.0231 33.6483 130.033 59.7351 329.176
329232065.575 406.785 234.868 61.4568 95.6458 45.7698 16.7712 200.853 38.7098 7.20369
329633756.071 602.687 234.377 61.5893 95.9843 45.8996 18.6336 109.921 39.7952 349.834
329657171.162 621.714 234.865 61.2801 95.4301 45.8628 36.9629 94.7792 57.176 336.801
329679489.513 409.135 235.549 61.0695 94.929 45.687 15.3859 122.192 37.2242 357.361
329724121.752 431.114 236.46 61.7218 95.4219 44.983 48.7691 202.352 72.5442 29.3148
330653054.014 423.188 236.942 61.9043 95.4871 44.695 23.0263 185.353 62.9036 31.1405
330676408.377 520.851 235.756 60.8534 94.5894 45.7085 8.07431 216.251 55.2049 26.7049
331113162.052 560.732 235.985 61.8812 95.7765 45.0971 35.4142 349.841 80.7365 358.087
331169000.08 556.96 235.04 61.1904 95.2577 45.8372 23.9785 209.879 72.2801 30.1695
331214312.748 399.085 236.349 61.7157 95.4514 45.0317 35.0423 167.904 81.9093 24.1629
332686242.411 606.244 235.85 61.6985 95.5992 45.2449 45.0734 101.729 84.8967 337.966
332776771.188 430.204 235.992 62.0327 95.959 45.0175 7.09891 30.5816 56.0796 335.758
333499118.8 465.007 234.947 61.2123 95.3175 45.8641 19.1588 84.6691 44.7789 333.845
334107456.105 542.043 236.162 61.8441 95.6713 45.0438 53.4807 60.1241 76.9953 332.456
334232577.629 449.973 235.321 61.6803 95.7594 45.4697 16.798 65.1272 38.6206 352.655
334600591.303 421.894 235.448 60.892 94.7448 45.8189 60.9419 43.501 89.7788 332.839
335160414.33 515.741 236.07 61.5538 95.3468 45.2276 15.5395 135.967 55.6859 29.9342
335287966.352 507.237 236.562 61.8392 95.5319 44.8827 39.9894 337.088 77.6834 349.243
336665196.062 488.359 236.306 62.1539 96.0013 44.8293 30.0769 2.80332 79.7293 331.665
336744987.123 473.344 235.222 61.0016 94.9601 45.8582 25.7581 326.003 75.7971 333.932
337284524.568 460.366 235.175 61.5793 95.6871 45.5814 9.2003 60.7401 70.2348 329.715
337502108.186 416.259 235.85 61.2649 95.0664 45.4636 23.5148 33.5141 60.8718 328.066
338889540.985 485.09 235.879 61.6749 95.5604 45.2451 52.025 351.616 75.7278 333.665
339026729.418 417.158 235.603 60.9499 94.7623 45.7246 37.7072 342.644 59.1724 338.636
339576584.722 521.089 234.9 61.8621 96.129 45.5453 21.7063 301.664 54.7363 358.004
339577145.681 417.428 234.571 61.9569 96.3608 45.6265 43.7099 308.927 75.0666 343.513
339736123.187 422.286 236.773 61.5819 95.1463 44.9228 16.7127 80.7022 55.7768 30.2705
341402052.822 459.738 235.998 61.009 94.699 45.5291 39.6292 6.02299 86.8781 340.555
341973749.922 556.449 236.075 61.3262 95.0649 45.3392 7.69889 204.376 56.3394 342.137
342032394.119 465.127 235.558 61.6051 95.5852 45.4118 44.5334 1.71725 81.9859 335.263
342134998.952 481.269 236.245 62.1493 96.016 44.8562 25.807 342.49 62.4701 328.936
342169568.228 580.499 236.111 61.5644 95.346 45.2053 33.7103 348.026 68.1216 329.13
342226670.917 538.927 236.392 61.4481 95.108 45.1468 26.5936 343.336 60.6213 328.049
342477543.679 552.19 235.716 61.6034 95.5286 45.3481 25.7285 100.091 55.0959 7.60383
342500813.695 605.617 235.996 61.716 95.5707 45.1762 12.2863 92.8803 45.7346 355.725
342579991.21 411.765 236.095 61.1833 94.8817 45.402 54.0554 80.5367 83.1872 24.0505
342616853.325 493.09 235.366 60.9568 94.8538 45.8206 51.7861 339.073 79.3947 330.857
343612228.05 518.054 236.265 61.9133 95.7215 44.9671 23.8246 35.0463 46.5994 25.9095
344060831.442 518.914 236.97 61.2564 94.6795 44.9985 49.3829 273.464 79.4293 339.233
344828577.618 417.102 235.742 62.0416 96.0545 45.1135 40.5179 221.46 83.8986 351.227
345848491.193 456.856 235.85 61.1567 94.9326 45.5175 37.2371 126.266 86.1377 3.602
345930013.418 504.243 235.973 61.4491 95.251 45.3198 26.9307 233.625 76.8695 332.629
346011465.209 620.451 234.826 61.8443 96.1332 45.584 41.0998 311.141 88.6414 344.978
346068080.816 480.948 235.342 62.0051 96.1476 45.2929 28.7895 275.398 76.8983 331.55
347190015.524 408.777 236.146 61.6834 95.4802 45.1314 17.3229 42.3686 46.6835 2.19426
347906084.804 519.522 237.162 61.7366 95.2098 44.6862 49.3683 92.3289 45.3016 21.7139
348004879.473 466.388 236.898 61.6838 95.2309 44.8214 43.8977 252.293 65.3282 334.384
348050386.192 491.382 235.695 61.4959 95.4039 45.411 31.1385 248.835 51.0972 338.985
348077123.308 457.761 235.904 61.0496 94.7816 45.5486 58.1024 333.867 83.3473 29.1653
348336649.029 584.813 236.106 61.3875 95.1298 45.2957 21.5438 235.126 45.3831 351.106
349761639.422 526.127 235.296 61.1869 95.1627 45.733 38.1472 299.131 85.9779 20.7064
349990997.725 408.212 235.336 61.8796 95.9972 45.3606 37.854 313.813 87.4859 22.2104
350079522.409 490.111 236.564 61.936 95.6497 44.8338 39.1508 135.626 88.9308 346.082
350688666.884 439.562 235.172 61.9697 96.164 45.3798 36.3656 247.45 83.1467 337.531
351764508.719 495.544 235.384 61.8407 95.9332 45.3614 52.52 110.026 43.3361 350.745
351948494.928 432.62 236.24 61.847 95.6488 45.0107 26.1773 226.584 50.5322 331.125
351959487.149 513.289 234.854 61.8671 96.1509 45.5608 38.3305 116.65 40.2558 344.786
352016860.647 492.431 235.23 61.466 95.5292 45.6174 29.8274 125.594 40.0392 341.792
352503194.979 610.639 235.659 61.8922 95.9009 45.2235 24.2964 292.96 44.7643 20.5953
352640685.365 525.732 234.659 61.1601 95.3569 46.0102 24.3896 284.356 44.2667 23.2953
352674997.736 424.96 235.129 61.605 95.7346 45.5866 26.3859 284.99 46.999 24.9768
353071198.155 507.089 236.048 61.6347 95.4535 45.1957 19.9491 170.611 46.7066 354.714
353134361.202 479.126 236.383 61.6368 95.3434 45.0571 24.987 154.501 51.9758 351.415
354108477.622 483.502 236.347 61.3064 94.9486 45.2358 29.953 87.7136 75.2946 3.81062
354496017.847 516.125 235.258 61.4897 95.5481 45.5935 39.4915 247.453 88.4236 17.3082
354917612.426 564.708 235.189 61.6224 95.7348 45.5531 50.2263 111.777 84.4644 335.701
355174746.477 441.551 236.255 61.6665 95.4227 45.095 33.3564 49.6764 81.6818 355.281
355216447.01 419.797 236.755 61.2088 94.6915 45.1121 30.8681 173.448 78.863 331.417
355874610.998 557.768 236.523 61.8727 95.5861 44.8823 20.5681 97.0767 53.8973 337.486
356156301.018 602.004 236.043 62.0645 95.9804 44.9806 42.7542 189.967 74.1916 331.298
356545956.644 440.482 235.874 61.5769 95.4419 45.2965 51.4739 176.75 77.7179 330.925
356721595.037 559.234 235.944 61.2452 95.0096 45.4341 36.4118 265.117 58.2887 21.1133
356813227.424 441.877 236.617 61.9492 95.6484 44.8058 37.8942 261.803 59.7784 22.6299
357111964.672 421.511 235.596 61.2637 95.1523 45.5693 14.5818 190.467 35.7928 357.907
357330029.903 569.461 234.342 61.2352 95.5643 46.1009 24.3209 141.58 44.468 344.465
357363250.331 520.536 236.167 61.2473 94.9362 45.34 34.8821 237.967 55.985 29.4136
357684109.608 566.18 235.262 61.4075 95.4461 45.6342 29.8355 226.708 55.1344 31.0579
358006276.858 523.381 236.366 61.3169 94.955 45.2223 29.4982 93.1703 60.9119 352.389
358573059.723 417.391 236.141 61.9874 95.8536 44.9802 19.0443 9.66565 65.6801 12.9334
359937853.797 469.478 235.035 62.0232 96.2768 45.4064 26.9717 352.532 74.9909 348.636
359938370.205 404.128 235.256 61.4328 95.4792 45.6237 20.5894 48.8633 70.56 336.03
359945248.66 587.242 236.036 61.6896 95.5248 45.1731 36.4993 141.924 82.3788 336.627
360202118.07 540.846 237.063 61.5225 94.9782 44.8311 12.7504 76.3202 61.8513 333.23
360580698.591 443.057 235.885 61.6914 95.5783 45.2339 27.5729 129.72 63.0741 328.426
360694343.257 565.138 235.303 61.6756 95.76 45.4795 8.71972 275.763 49.996 349.643
360922277.509 593.919 236.434 61.8115 95.5408 44.9493 57.477 249.709 89.3508 24.5876
361301494.625 429.343 235.905 61.642 95.5111 45.251 16.2318 208.676 40.5609 4.43362
361358929.598 577.593 235.764 61.3004 95.1397 45.4815 13.4986 182.79 37.4755 357.951
361749237.947 524.498 236.043 61.4839 95.2702 45.2739 34.7827 95.4432 54.4014 335.657
362132346.914 585.569 236.412 62.1022 95.9029 44.8123 10.8425 121.509 39.3018 8.58245
362143335.67 493.267 235.691 61.9343 95.9414 45.1891 22.1805 178.582 46.6226 26.5118
362292367.576 565.835 235.575 61.27 95.1677 45.5752 17.5613 169.549 45.0217 26.2102
362836986.671 507.269 235.851 61.2893 95.0959 45.4507 5.46877 341.579 52.7904 16.6516
364122503.722 409.793 236.881 61.2474 94.6977 45.0406 34.4487 34.6747 84.347 331.634
364237830.841 417.377 235.625 61.1359 94.9846 45.6217 37.1399 81.1006 86.1988 335.941
365440459.818 609.832 235.831 61.3316 95.1549 45.4376 29.8846 77.4262 59.3723 327.959
366384385.45 600.251 235.84 61.6027 95.4852 45.2974 25.0741 137.386 45.15 22.5092
367227467.772 467.671 236.135 61.5944 95.3746 45.1802 26.7657 344.324 59.1293 354.609
367341990.366 556.222 235.609 61.402 95.3183 45.4942 24.951 333.946 59.9343 357.667
368661734.446 418.995 235.98 61.1383 94.8652 45.4724 38.975 12.035 88.7964 332.673
369624017.837 609.443 235.373 61.4529 95.4627 45.5652 25.1552 25.7981 64.761 328.476
370975962.372 477.225 237.144 61.3572 94.7478 44.8772 44.1803 351.42 65.163 333.528
371055508.856 469.317 235.717 61.2553 95.1003 45.5237 20.064 359.961 40.4109 347.646
371059968.174 447.557 235.929 60.8152 94.4819 45.6539 54.6158 45.3493 66.0888 29.76
371525924.59 562.414 236.951 61.6586 95.1823 44.8114 46.8077 318.177 74.0173 339.174
371593579.24 461.39 237.066 61.3581 94.7742 44.9093 7.41048 5.9456 42.6275 13.939
371685437.848 622.628 234.658 61.7023 96.0208 45.7267 12.9598 311.196 46.5283 4.18106
371718612.017 540.876 235.566 61.3201 95.2323 45.5534 39.0025 61.8587 68.366 31.0643
371915073.237 514.865 236.559 61.1601 94.6963 45.2183 31.9506 292.234 65.2285 352.049
372154775.896 430.162 236.875 61.2749 94.7339 45.0298 6.00409 153.126 55.883 22.9682
372411443.821 552.144 235.803 61.0018 94.7571 45.6145 54.3906 66.1175 80.2793 25.5919
372520769.125 445.679 234.933 61.893 96.1548 45.5158 24.3205 81.5038 70.7081 29.8721
372910523.168 599.315 235.581 62.0208 96.0842 45.1888 30.5426 105.177 80.3821 28.0532
373312648.61 556.1 236.261 61.7559 95.5302 45.0478 38.669 175.46 88.3802 9.03551
373530905.161 550.25 235.475 61.1418 95.0443 45.6814 32.1937 209.14 81.2383 351.35
373554039.67 413.272 236.874 61.5814 95.1126 44.8812 29.5598 224.229 78.7842 346.068
373692029.579 503.601 235.153 61.8349 96.0065 45.4575 22.5255 262.117 72.5622 335.232
374149709.898 522.291 235.025 61.4901 95.631 45.6888 19.5827 159.173 62.9555 352.377
374300018.947 581.539 236.066 61.6158 95.4243 45.198 34.9117 342.335 71.3095 330.173
374402999.153 572.742 236.806 61.5036 95.0392 44.9475 32.1 339.196 66.3474 328.661
374619290.066 412.071 235.831 61.0881 94.8542 45.5597 21.3613 100.817 53.1203 2.96386
375067242.73 430.036 234.302 61.5997 96.0243 45.9244 36.5753 318.699 59.4528 329.639
375398558.836 403.952 236.253 61.0295 94.6375 45.4115 14.7233 9.53901 35.7295 1.99183
375398658.666 451.308 236.822 61.3642 94.8616 45.0085 14.21 354.62 35.8789 356.738
375662900.054 428.95 236.271 61.1178 94.7407 45.3603 40.678 292.62 61.132 335.027
376205035.466 515.609 236.33 61.4932 95.1845 45.1502 43.9409 18.4014 72.082 30.0895
376555624.833 468.639 236.385 60.8956 94.4264 45.4211 9.53244 217.333 51.5254 11.3445
376796741.076 489.263 234.797 61.2257 95.3878 45.9191 32.3076 217.357 70.9256 355.549
376801310.196 589.884 235.479 61.1105 95.0041 45.6956 19.4167 63.0967 58.6096 29.2643
378275833.886 487.278 236.242 60.9937 94.5967 45.4337 22.5745 221.238 72.4538 332.677
378333173.075 488.961 234.314 61.6729 96.1087 45.8803 18.3916 26.122 71.8845 332.278
378527165.035 461.391 237.154 61.42 94.8222 44.8428 22.8151 128.071 68.7004 350.571
379065590.674 540.658 235.729 62.0485 96.0673 45.115 15.1911 76.2045 53.6846 354.91
379271582.818 553.287 235.838 61.3891 95.2232 45.4059 22.4723 52.435 53.0777 4.65163
380113171.916 414.917 234.998 61.2155 95.3032 45.8414 33.8627 349.945 53.5135 25.7446
380406389.275 608.108 235.858 61.7228 95.6262 45.2293 25.6866 235.703 47.0722 345.099
380464116.487 485.206 234.933 62.0681 96.367 45.4235 44.1495 231.967 67.5006 337.144
380480254.311 614.877 235.137 61.6632 95.8028 45.5531 12.3827 293.283 38.2992 12.3448
380662871.07 445.071 236.992 61.7475 95.2785 44.7514 32.2697 323.348 57.6908 30.8834
381200871.209 496.892 235.519 61.2975 95.2211 45.5845 36.8299 301.701 71.7588 30.0497
381579871.742 594.698 235.745 61.4211 95.2946 45.4281 13.1228 77.4278 62.5032 20.4366
381889585.978 595.14 235.982 61.4514 95.2508 45.3152 28.3078 101.981 76.3492 11.0333
382003514.934 512.209 235.068 60.9913 95.0019 45.9274 25.563 42.5985 75.5564 25.7777
383077820.857 489.014 235.574 61.8883 95.9255 45.2601 38.6088 244.975 82.7888 337.611
384319115.523 432.447 236.367 61.2932 94.9255 45.2338 33.5689 287.866 37.6251 355.473
384936915.915 456.55 235.926 62.1119 96.0776 45.0035 52.803 236.011 52.8826 27.3267
384948313.233 404.175 236.673 62.0083 95.7022 44.7535 33.7287 276.552 55.474 28.245
385246898.692 545.309 235.086 61.5878 95.7286 45.613 12.2186 186.225 40.9269 4.07188
385372954.447 416.552 235.031 61.1779 95.2455 45.8474 13.6362 165.704 43.7847 2.71949
385383819.863 493.637 236.075 61.6758 95.4947 45.164 16.7012 262.707 46.8696 26.9044
385406326.492 466.303 236.983 61.4693 94.9388 44.8904 32.7724 262.938 60.4423 31.7235
385841768.237 628.109 236.95 61.6937 95.2259 44.7948 17.6134 272.831 58.0788 30.5926
385934681.775 500.829 235.906 60.8259 94.5034 45.6587 32.3243 115.345 69.719 354.653
386094456.455 422.607 236.238 61.6643 95.4258 45.103 15.3264 61.44 61.9507 14.1171
386162672.889 601.176 235.145 61.5918 95.713 45.5871 12.7016 321.759 62.0212 26.8866
386450310.708 419.227 235.479 61.0379 94.9146 45.7324 38.4122 94.5083 84.4156 353.564
386530046.354 562.954 235.268 61.3631 95.3896 45.6546 30.7206 60.8506 78.6297 7.81747
387722670.628 408.368 234.505 61.4155 95.7259 45.9396 15.237 101.488 65.1179 334.711
388111259.521 425.465 234.759 61.9999 96.346 45.529 26.7386 327.321 64.8672 1.5544
388226251.26 521.695 235.16 61.6034 95.7217 45.5747 8.07383 335.231 51.6224 347.879
389187760.105 573.997 235.207 61.0509 95.0265 45.8394 28.4366 244.988 47.8024 21.3788
389703850.489 509.182 236.031 61.6356 95.4602 45.2023 16.6974 133.222 41.2493 355.999
389795447.013 626.745 237.042 61.2815 94.6871 44.9562 15.3782 128.712 41.7637 359.139
389841956.28 560.077 236.01 61.6592 95.4964 45.199 42.9095 111.485 67.9455 339.698
389875327.274 471.866 236.307 61.8081 95.5787 45.0027 9.20254 166.794 40.8787 13.1169
390219424.157 410.79 235.328 61.1259 95.0762 45.7508 24.3467 83.383 56.3577 355.992
390234766.241 594.304 234.881 61.7901 96.0481 45.5906 49.0305 206.49 81.921 26.2245
390343901.151 580.84 235.854 61.2902 95.0962 45.4491 35.2191 210.301 69.085 30.9178
391615906.39 431.453 235.52 62.2051 96.3289 45.118 2.50967 144.545 89.8891 25.8321
391623081.019 435.417 235.358 60.8327 94.7028 45.8866 3.83265 151.972 86.2367 347.468
392174715.549 527.78 235.82 61.6676 95.5715 45.2728 39.7906 141.252 85.2465 339.864
392459786.854 618.917 235.949 62.2095 96.1883 44.9442 10.693 42.8451 60.653 336.458
393649910.521 475.883 236.149 62.026 95.8979 44.9573 27.9844 219.857 49.9003 18.7407
393696172.403 415.356 234.663 61.6928 96.0072 45.7295 14.0023 168.509 37.0547 0.784342
393741852.57 495.045 236.528 60.927 94.4174 45.3451 17.7121 183.106 38.0108 9.65024
393776340.239 404.095 235.346 61.9099 96.0306 45.3407 13.9874 162.022 36.7807 1.97388
393890658.657 606.027 235.684 61.4581 95.3614 45.4349 13.1573 217.188 38.9803 13.8185
393964714.882 570.684 234.723 61.9091 96.2487 45.5913 30.9268 193.244 51.2462 24.8378
394062678.441 408.391 235.521 61.8362 95.8802 45.3083 8.17436 127.604 36.6491 2.92678
394303152.507 593.163 235.092 61.6118 95.7559 45.598 56.0329 294.06 38.3739 5.96048
394657116.921 454.733 234.91 61.4491 95.6215 45.7569 38.7138 159.182 66.8807 31.1511
394852155.283 450.188 237.0 61.8545 95.4072 44.6956 21.0398 168.215 56.0773 30.8707
395053098.114 610.317 235.46 61.38 95.343 45.5669 4.05696 317.336 52.8456 18.3647
395768133.106 429.589 235.508 61.7225 95.7461 45.3721 27.8392 198.997 77.0618 29.0784
395779267.216 533.184 235.029 61.6757 95.8563 45.5907 32.0661 169.462 80.4612 27.1466
396072977.309 509.474 234.608 61.8693 96.2412 45.6581 36.4164 293.631 86.3047 5.75306
396186841.377 424.703 235.356 62.0873 96.2427 45.2447 38.5134 253.16 88.5177 23.0609
396434675.596 440.962 236.028 61.5818 95.3956 45.2308 8.49708 179.738 81.0759 340.125
397082564.425 578.263 236.282 61.5257 95.2408 45.1541 23.8223 66.0323 66.4344 328.919
397779659.258 448.17 236.62 61.7706 95.4287 44.893 29.172 195.002 56.4875 11.4193
398295235.108 508.142 235.022 61.7653 95.968 45.5468 53.3198 88.4938 39.7821 9.35631
398329664.775 509.791 236.534 60.9147 94.4 45.3484 16.8557 126.09 37.3525 7.68723
398640355.697 454.822 235.011 61.9554 96.203 45.4517 60.4379 346.956 87.9384 332.227
399273458.304 412.416 235.021 60.9468 94.9638 45.97 38.8312 99.1725 66.999 31.7045
399903300.083 560.101 235.671 61.4714 95.3819 45.4333 27.1494 106.586 69.5126 30.6416
400028685.521 493.43 236.44 61.5887 95.2652 45.0574 42.3195 79.9232 85.7227 20.1233
400063346.418 560.365 234.871 61.4716 95.6628 45.761 28.4042 20.1981 77.5009 27.1202
400659289.649 398.927 235.866 60.8043 94.4901 45.6862 7.40408 15.2603 86.2561 29.2409
400918493.003 500.226 235.775 61.2925 95.1261 45.4808 36.5117 256.356 86.338 359.509
400931762.885 445.045 237.202 61.4898 94.8928 44.7888 36.6446 10.0301 86.2998 333.292
401618029.24 534.038 236.469 61.408 95.033 45.1347 11.1119 305.502 61.0798 335.626
402143723.731 437.238 235.326 61.6776 95.7543 45.469 34.781 143.713 66.4978 11.2107
403025617.496 606.197 234.89 61.6829 95.9143 45.6432 24.25 83.5197 44.4039 18.8631
403095875.261 581.258 235.53 61.6205 95.6138 45.4153 51.5934 347.197 74.3816 332.054
403508213.019 420.357 235.739 61.3754 95.2406 45.4539 58.2562 323.169 85.1875 333.408
403529307.629 591.079 236.057 61.5896 95.395 45.2147 23.4229 65.2107 47.1614 27.3674
403723765.103 542.053 236.238 61.7947 95.5857 45.0379 27.7107 62.9608 54.4574 30.6482
405143727.355 437.049 236.188 61.8213 95.635 45.0449 31.9395 105.976 81.8184 27.6167
405397758.941 577.451 235.996 61.5574 95.3763 45.2562 37.6037 261.034 87.5973 336.812
405558840.146 426.598 236.181 61.2985 94.9946 45.3086 34.8312 301.575 84.5638 331.393
405880026.747 593.938 236.309 61.8551 95.6355 44.9782 37.4696 344.928 84.1585 338.607
405880165.491 473.16 235.615 60.8593 94.6457 45.7649 41.1854 353.255 87.7613 341.759
406039699.786 513.341 235.263 61.3792 95.4108 45.6482 24.52 310.387 71.4093 329.688
406302840.769 521.408 235.729 61.8887 95.8728 45.1972 17.3555 307.674 62.3038 330.067
406646316.792 522.395 235.979 61.4415 95.2395 45.3212 20.7051 324.731 56.3566 328.79
406701829.503 504.622 235.577 61.7341 95.7365 45.3381 47.6447 87.2033 80.9692 18.4953
406862015.529 483.652 234.861 61.1351 95.2534 45.9396 51.4497 78.854 82.3655 21.9847
407550828.713 435.504 234.641 61.562 95.8555 45.8071 37.6717 298.668 58.0061 332.174
407835177.354 449.007 235.895 60.9249 94.6301 45.6142 51.1276 52.8588 70.7203 29.6412
407892398.173 534.423 236.318 61.1941 94.8196 45.3033 55.2994 62.0998 71.5667 29.649
409351823.504 582.622 235.191 61.2578 95.287 45.7401 33.7166 358.694 79.207 26.5533
409947973.943 479.993 236.054 61.6272 95.4424 45.1974 38.6655 70.9682 88.5805 27.3535
410254591.447 464.322 236.454 61.766 95.4781 44.9635 29.9494 226.096 84.9253 336.102
410312088.207 447.807 237.077 61.4109 94.836 44.8794 38.9516 290.042 87.23 341.078
411192563.743 475.905 236.319 60.9244 94.4846 45.435 54.4527 125.086 54.5885 329.401
411450828.994 607.143 235.197 61.8287 95.9839 45.4432 50.1753 125.515 78.5364 332.112
411524413.649 489.777 235.027 61.7709 95.9731 45.5418 46.8642 128.129 48.268 332.403
411689599.42 583.799 236.812 61.4429 94.9622 44.9747 41.4258 132.6 46.2607 6.5577
411731099.84 519.937 236.715 61.6371 95.2336 44.9199 39.878 137.315 71.2888 330.008
411837786.4 512.329 235.484 62.0683 96.1753 45.2032 20.4319 75.1859 68.769 22.2483
412016555.595 515.197 235.152 61.3133 95.3692 45.7279 40.3877 154.408 43.2233 336.709
412188180.273 469.744 236.919 61.8101 95.3792 44.7508 45.0126 160.087 41.0598 342.615
412194168.1 605.18 235.517 61.8116 95.8517 45.3226 45.4997 160.644 50.7386 335.184
412289564.959 630.214 236.134 61.629 95.4175 45.1636 57.5213 322.744 82.5647 28.3869
412342556.551 452.281 236.616 61.3887 94.9602 45.083 17.0253 259.161 37.8352 350.845
412393045.689 459.207 234.482 61.333 95.633 45.9921 37.9698 332.586 58.389 27.9329
412393783.747 510.763 236.229 61.9387 95.7645 44.9688 13.6481 296.087 36.7601 6.5002
412696504.108 604.433 235.827 61.5946 95.4797 45.3068 29.81 319.608 52.7523 29.4691
412708711.508 450.368 236.366 61.5399 95.2299 45.1123 12.9299 244.37 39.4151 2.74048
412771436.832 518.125 236.076 61.4121 95.1705 45.2959 11.2392 282.849 39.5652 14.9154
412788300.384 528.566 235.238 61.6521 95.754 45.518 19.4996 313.135 45.1584 25.9214
412806485.269 461.282 234.637 61.6801 96.0009 45.7466 30.4529 210.335 54.3855 345.337
412908289.294 427.545 235.339 60.8052 94.6753 45.9083 26.151 312.195 51.8584 31.2158
412954619.806 447.163 235.175 61.4215 95.4937 45.6626 8.0344 256.496 41.9321 14.0355
412971884.169 411.798 236.442 61.0081 94.5472 45.3422 8.6481 233.985 42.4124 10.8945
413206239.743 417.041 236.201 61.3029 94.9933 45.2981 7.17875 309.242 48.0818 23.9371
413565972.669 492.844 236.822 61.6914 95.2649 44.8488 33.6667 296.186 73.0831 28.988
413577341.784 543.826 234.787 61.5123 95.7428 45.7741 35.83 290.386 74.7251 28.4334
413984150.158 462.209 236.105 61.7425 95.5663 45.1182 23.5692 342.909 72.1999 29.5548
414886202.709 495.482 234.851 61.3878 95.5676 45.813 34.8422 159.401 84.1142 334.639
415847644.673 474.091 234.921 61.9899 96.2765 45.4695 45.6616 97.9619 75.2265 331.796
416532278.532 526.698 234.268 61.472 95.8808 46.0058 39.3309 293.796 61.6738 22.1865
416773536.39 459.63 235.092 61.3206 95.3992 45.7486 44.265 114.748 36.3857 351.938
416853869.059 480.112 235.452 61.0214 94.9036 45.752 46.9657 116.24 40.6129 342.673
416870511.679 630.182 236.32 61.4532 95.1386 45.1742 46.926 115.277 37.5242 10.7726
417155461.244 486.007 236.071 61.5019 95.2827 45.2531 57.2995 258.764 83.2989 28.6567
417832506.16 546.415 234.865 61.6342 95.8637 45.6787 76.6895 104.082 60.8421 353.761
417910619.298 530.256 235.119 61.2104 95.254 45.7942 49.8088 239.948 84.615 24.9975
418357831.406 605.149 236.056 61.0265 94.7008 45.4959 16.2685 293.169 64.1865 29.627
419858024.378 491.543 235.614 61.6149 95.5776 45.3836 72.8384 90.5099 87.5147 12.885
420225154.239 399.24 235.794 61.2852 95.1105 45.4766 11.828 352.257 56.3921 348.178
420705812.784 461.287 236.386 61.1763 94.7745 45.2833 8.95437 257.362 43.3201 350.945
421392328.461 516.22 236.268 61.282 94.9451 45.2808 14.3886 194.817 35.76 0.872186
421941227.998 496.225 236.887 61.8114 95.3911 44.7631 15.6097 204.511 42.5172 22.326
422181177.71 409.571 236.998 61.556 95.0408 44.8421 24.5489 212.316 53.4574 30.8808
422537083.182 492.299 235.659 61.4722 95.387 45.4377 29.0009 66.0163 63.9221 355.238
423131893.31 618.308 235.364 61.1066 95.0398 45.7457 27.2803 358.141 73.9041 7.97911
423809090.72 439.98 235.507 61.237 95.1504 45.6198 39.089 94.7944 88.8723 332.113
424061558.888 440.811 234.425 61.4587 95.8076 45.9494 40.8356 136.139 89.4355 345.156
424437879.703 484.441 235.976 61.4865 95.296 45.3001 25.7335 342.718 65.8578 333.727
424644819.361 484.36 236.353 61.525 95.216 45.1252 40.2446 129.087 80.3277 334.833
425009914.942 482.542 234.751 61.1733 95.3398 45.9651 8.13529 108.054 50.5146 334.465
425580531.321 574.242 235.169 61.4377 95.5157 45.6566 51.0487 227.275 76.7691 24.5035
425775944.295 470.985 235.139 61.9805 96.1885 45.3873 15.8626 184.211 39.387 5.3604
426542409.788 552.44 235.908 61.1807 94.9423 45.4812 13.9092 144.406 40.6505 20.0542
427245611.864 496.621 237.012 61.8406 95.3862 44.6973 18.7691 169.329 60.0963 30.6994
427588708.884 602.58 236.077 61.5956 95.3958 45.2038 22.8583 176.118 69.0731 30.4277
427910333.722 406.48 234.858 61.392 95.57 45.8077 31.5345 300.165 79.7397 7.2691
429405555.004 425.144 235.608 61.7392 95.7318 45.3225 61.7931 290.905 68.9259 329.541
429868101.739 562.917 236.133 61.8849 95.7311 45.0351 45.0498 290.871 44.1146 340.488
430553494.508 621.485 235.644 61.6026 95.5524 45.3779 38.0906 129.982 58.6023 25.4474
430621857.788 476.21 235.243 61.4366 95.4883 45.6269 48.883 115.694 71.1437 28.0217
431045800.243 413.531 235.82 60.8809 94.6012 45.6675 18.7331 104.493 42.7279 24.6764
431377369.279 493.443 235.158 60.962 94.9337 45.9048 21.7837 102.037 50.6374 30.5664
431548514.07 513.993 235.053 60.9 94.8945 45.9804 37.2755 91.0847 67.9939 31.6294
433703188.537 624.065 236.053 61.8022 95.6572 45.1096 20.4787 348.975 78.7405 334.226
434817423.396 449.412 236.556 61.3566 94.9405 45.1237 38.5351 261.824 38.9596 343.404
434907464.906 509.422 236.671 61.5191 95.1027 44.9961 57.1202 82.6719 82.9115 27.0885
434976856.967 426.131 236.183 61.0593 94.6981 45.4262 40.4633 271.266 46.9395 18.1477
435081077.306 509.475 235.967 61.832 95.7225 45.1294 43.4409 273.881 58.1491 332.577
435114674.052 524.113 235.479 61.4954 95.478 45.5 44.4454 277.623 36.2387 354.062
435464064.181 530.858 236.619 62.063 95.7868 44.7481 58.4811 277.875 52.2622 340.841
435624053.233 401.631 236.404 61.8584 95.6079 44.9378 61.1167 277.14 48.5076 347.029
436108450.131 399.678 236.15 61.523 95.2817 45.2098 45.5666 47.7718 77.1902 28.3276
436874836.692 506.143 235.55 62.113 96.207 45.1537 32.9037 46.4374 78.5643 25.9395
437161225.179 432.664 236.308 61.3044 94.9592 45.253 30.3236 79.5184 79.7318 29.1932
437937211.923 526.796 236.377 61.3427 94.9832 45.2051 39.2112 341.724 86.5709 340.66
438280181.416 603.498 237.03 61.4227 94.8659 44.8934 33.3335 334.748 80.7682 335.234
438650272.273 429.478 236.602 61.8788 95.5674 44.847 60.9396 192.04 57.1479 354.52
438828851.436 626.746 235.367 61.4826 95.5014 45.5526 52.1835 182.01 69.4946 329.377
439394177.292 533.016 234.924 61.4406 95.6061 45.7555 20.0332 333.774 40.7998 339.441
439657348.375 486.796 236.572 61.2804 94.841 45.1542 26.1806 312.203 43.2379 338.255
439747367.467 568.373 235.799 61.5604 95.4474 45.3358 58.515 75.4951 70.5466 27.5502
439805368.316 432.778 235.762 61.5783 95.4819 45.3417 21.0049 1.8459 38.0555 11.6616
440023729.32 621.15 235.026 61.4004 95.5204 45.7345 42.6322 276.439 63.9266 335.27
440526054.71 543.597 235.855 61.6685 95.5605 45.2578 8.65659 268.069 43.6379 9.5857
440926439.546 530.147 235.74 61.931 95.9206 45.1711 13.6136 191.223 55.2314 9.00341
441000336.828 627.492 234.996 61.4911 95.6422 45.6997 21.3914 87.9315 53.9622 23.7051
441155957.045 428.723 236.167 61.635 95.4136 45.1468 41.9092 212.399 81.8295 348.451
441296385.071 446.533 234.868 61.6938 95.9353 45.6462 43.5469 325.458 86.174 19.9502
441525839.754 541.36 235.023 61.7495 95.9486 45.5547 25.0394 26.8207 73.2303 29.604
441617697.818 541.431 235.945 61.76 95.6419 45.1747 23.7872 64.5294 73.6702 27.3265
442288345.616 589.796 235.916 61.6104 95.4687 45.2625 34.2039 145.48 83.8955 348.8
442379862.195 461.286 234.42 61.3747 95.7066 45.9956 32.3756 143.466 81.847 347.851
443181509.927 433.542 235.379 60.9773 94.8745 45.8046 25.1602 264.85 63.1722 327.775
443391187.249 432.817 234.752 61.0728 95.2159 46.017 43.9069 44.5282 79.2777 17.8724
443558210.71 537.883 235.265 61.9449 96.1014 45.3554 10.1564 315.645 45.3117 341.404
444072976.393 537.737 236.739 61.8707 95.5122 44.7947 20.6463 257.449 42.8451 337.793
444336150.133 425.015 236.196 61.8609 95.6806 45.0216 30.1931 238.902 50.0344 336.162
444444043.723 595.999 236.314 61.7802 95.5421 45.0137 13.9723 302.99 36.9731 8.5354
444839482.921 443.063 235.422 61.7874 95.8551 45.3736 41.3955 211.33 65.0922 339.116
445124985.312 445.52 235.374 61.0865 95.0115 45.7517 42.1269 130.61 54.7444 350.954
445285530.763 525.556 236.943 61.7547 95.3031 44.7677 44.4614 182.708 76.0744 343.223
445588178.225 526.832 235.305 60.9556 94.8739 45.8468 72.6034 105.793 68.178 354.994
445735993.44 552.919 235.788 61.9123 95.8815 45.1612 8.82482 52.0425 58.7288 21.7607
445758411.159 455.396 236.384 61.4559 95.1204 45.1462 17.8663 325.917 63.0045 30.5386
445792841.134 432.828 236.027 61.3293 95.0851 45.3576 14.448 343.47 61.8623 29.1413
445861125.909 484.331 235.827 61.9503 95.9146 45.1261 23.2361 313.635 68.2864 30.2931
445872054.069 579.491 236.325 60.9581 94.5243 45.4158 38.699 278.595 81.1579 24.9753
446237892.333 486.317 235.081 60.8994 94.8838 45.9691 37.2789 280.227 84.8365 22.6102
447116209.819 566.81 235.827 60.8204 94.5237 45.6948 25.615 174.267 74.8736 330.317
447177532.212 477.47 236.493 60.9343 94.4381 45.3563 39.286 54.6587 85.7355 8.41806
447733765.858 419.716 234.759 61.71 95.9938 45.6816 23.0196 208.023 62.7922 328.713
447807364.772 446.405 235.983 61.7808 95.6544 45.1487 31.3199 106.153 53.0737 343.739
447875691.565 422.23 235.916 61.2957 95.0816 45.4205 14.8213 14.7076 54.379 353.763
448087752.953 417.397 234.836 61.4352 95.6308 45.7943 45.2711 122.739 47.6628 334.84
448103982.122 412.041 235.232 61.943 96.1107 45.3696 29.1344 339.539 59.9857 8.62955
448297717.777 558.737 234.9 61.2493 95.3798 45.8644 53.5495 289.549 82.6604 23.8688
448915271.558 500.155 235.856 61.4858 95.3363 45.35 46.0148 271.068 67.832 27.4246
449612391.233 593.182 235.622 61.2729 95.1548 45.5541 48.1821 247.774 75.791 29.5831
449635354.867 478.979 236.462 61.6736 95.3621 45.0062 43.7778 249.145 71.5198 30.0191
449933276.331 606.561 237.124 61.3182 94.7061 44.9043 11.8664 257.081 51.0067 27.8153
449933309.641 513.973 236.049 61.1292 94.8302 45.4478 10.3816 254.243 49.9275 26.8911
450813127.379 555.615 236.794 61.1941 94.6606 45.1031 28.8155 270.2 77.7703 29.4775
451318647.54 607.329 235.357 61.7779 95.866 45.4046 58.2098 96.6307 86.5128 336.994
451615666.819 481.462 234.508 61.593 95.9414 45.8448 29.033 60.1659 78.5796 342.914
451966109.596 407.659 234.644 61.6003 95.9012 45.7858 44.5226 192.093 88.4084 342.662
452438889.066 519.668 236.262 62.1562 96.0187 44.8458 6.85362 335.474 52.296 346.292
452953526.814 414.173 234.558 61.5094 95.8212 45.8685 12.9083 172.118 42.2023 339.013
453097588.195 470.487 236.613 61.4484 95.0348 45.0548 60.1524 147.83 87.6318 332.188
453844573.181 526.62 235.959 61.8895 95.7956 45.1037 15.801 198.827 39.7212 17.583
453982676.774 421.741 236.724 61.0031 94.4465 45.2249 34.6318 106.142 56.9137 341.582
454221285.338 494.219 235.761 61.2579 95.0882 45.5038 29.1265 207.02 55.9364 31.6541
454496514.605 523.431 234.661 61.2709 95.4922 45.9515 13.2226 63.4377 50.2148 6.10942
454587436.061 526.33 237.142 61.6586 95.1203 44.7324 8.38991 217.046 51.8627 26.0726
454609823.768 485.952 235.428 61.8249 95.8986 45.3517 26.1461 203.012 61.8329 31.5191
454769155.208 442.642 235.107 61.3741 95.4597 45.715 48.2587 178.292 86.3815 22.3622
454964570.054 524.576 234.955 61.1346 95.2192 45.901 12.1876 250.569 60.8356 27.7183
455102377.933 475.009 236.032 61.7349 95.5818 45.1521 21.6902 345.164 68.581 12.3029
455615508.184 404.198 235.086 61.6749 95.8353 45.5679 35.2634 220.575 84.83 26.7691
455627605.438 432.41 235.27 61.8702 96.0087 45.392 32.4085 264.153 82.4412 26.6732
455649964.876 531.074 235.749 62.212 96.2591 45.0231 35.1814 233.096 85.0097 27.3903
455904712.125 449.695 236.603 60.9458 94.4154 45.3039 41.7732 84.393 87.4581 331.073
456051436.826 535.405 235.169 61.6782 95.8102 45.5327 39.5961 296.08 88.9861 10.5582
456521840.031 540.313 235.718 61.8568 95.8375 45.2178 20.155 79.6523 68.0372 330.541
456818167.436 427.716 235.265 60.97 94.9057 45.856 15.7328 298.025 59.8038 350.077
456888026.75 586.783 234.877 62.0274 96.3375 45.4674 33.4563 113.663 71.2329 330.616
457059062.012 422.101 235.368 61.5211 95.5483 45.5325 20.7289 106.127 57.2185 328.804
457092118.246 619.028 236.8 61.0153 94.4366 45.1869 28.8859 255.794 62.2229 6.57939
457354778.145 551.612 235.903 61.2371 95.0138 45.4553 37.2633 230.0 66.0117 15.9189
458269820.239 460.691 235.678 60.8739 94.6417 45.7309 14.8727 134.663 35.9159 8.22274
458293495.495 417.99 237.149 61.475 94.8915 44.818 35.6211 71.9219 55.8568 337.293
459161932.318 543.193 235.509 61.3326 95.2675 45.5705 27.4493 7.36042 61.7506 355.693
461358498.09 403.088 235.753 61.8806 95.8546 45.1914 28.1293 60.8308 68.6109 329.594
461621426.741 456.02 236.881 61.8484 95.4384 44.7475 33.4853 65.0205 67.4707 329.287
461824954.161 565.582 236.19 61.1467 94.8039 45.38 52.4129 180.573 84.2561 22.2149
461928185.958 481.197 236.019 61.7819 95.6436 45.1335 38.8652 182.668 67.3326 15.975
461998726.735 461.069 236.943 61.2176 94.6403 45.0286 45.8825 61.8378 72.8952 329.763
462672450.918 482.742 236.548 61.3446 94.9284 45.133 30.0956 32.8255 49.2515 336.282
462956698.443 523.157 235.526 61.8514 95.897 45.2983 39.4028 105.488 61.3409 29.0819
463242164.377 553.453 236.452 61.3682 94.9895 45.1613 46.6233 91.1046 72.5601 30.1362
464397332.378 628.687 234.604 61.3907 95.6597 45.9123 18.9769 182.156 68.9472 24.7662
464580124.079 412.922 234.524 61.7924 96.178 45.7325 25.2606 167.893 75.2239 25.9903
464659742.364 442.626 236.466 61.6051 95.2765 45.0384 30.6422 124.957 80.2048 28.8541
465863224.674 473.837 235.245 61.7699 95.8952 45.4542 31.0507 13.6441 72.4778 330.731
465872395.853 577.396 236.195 61.4031 95.1189 45.2508 48.5107 136.561 89.7284 18.0406
466354802.874 510.548 234.665 61.0161 95.1773 46.0822 44.9684 17.6895 76.2295 330.841
466376736.696 464.179 236.196 60.871 94.4599 45.5132 8.73019 18.9191 46.5728 336.179
466445646.468 488.646 236.367 62.1492 95.9752 44.8069 48.8454 250.779 53.2727 330.071
466489986.735 561.768 235.627 61.0471 94.8744 45.6659 35.976 114.625 64.0721 14.571
466593851.217 609.037 236.07 61.6853 95.5082 45.1615 11.2826 22.489 43.2117 338.9
466958954.811 417.04 234.669 61.6143 95.9093 45.7684 20.1432 83.5306 42.6303 10.2794
466959337.382 414.482 236.161 61.4217 95.1536 45.256 13.0 39.5362 37.0653 352.478
466993654.485 541.159 236.457 62.081 95.8622 44.8049 12.8428 32.2426 37.5231 351.688
467335910.303 486.31 236.776 61.8535 95.479 44.7881 25.8919 69.5084 46.2338 22.6524
468033220.479 401.051 234.884 62.0614 96.3761 45.4465 8.80016 30.1871 44.7821 21.1709
468091171.038 408.974 235.678 62.0793 96.1222 45.1198 28.2167 283.999 58.2776 351.903
468125239.096 421.256 234.773 61.9222 96.2466 45.5642 19.8593 279.624 52.2162 358.62
468170653.2 457.926 235.725 60.8421 94.5861 45.7271 7.44009 288.59 46.7133 11.6734
468240271.126 501.671 236.402 60.8999 94.426 45.4117 47.7369 286.806 80.5032 341.184
468696263.725 552.803 236.055 60.9974 94.665 45.5108 12.1615 172.611 61.0045 19.0053
468752694.601 399.313 235.167 61.6713 95.8025 45.5371 46.2637 83.1924 66.6809 30.5363
468837664.365 408.497 235.916 60.9343 94.6344 45.6007 41.8175 26.3113 85.5025 21.1007
468901405.468 413.226 236.869 61.8984 95.5038 44.728 39.9237 90.7394 69.3841 29.1069
469336696.094 472.814 235.316 61.993 96.1422 45.31 34.3305 165.131 83.8824 11.1019
469555388.446 594.397 235.432 61.6486 95.682 45.4408 39.2556 265.774 89.2059 332.861
469679727.684 490.672 235.561 60.7865 94.5743 45.8243 37.5532 149.966 87.2391 8.30816
470675339.809 460.076 236.096 61.8648 95.719 45.0602 7.27312 284.436 53.8351 334.788
470676353.264 437.881 236.502 61.835 95.5469 44.9097 44.2088 327.137 80.4355 334.342
470721041.395 457.32 235.226 61.8778 96.0332 45.4057 7.32864 289.815 53.03 334.806
470847216.702 538.928 236.582 61.012 94.5049 45.2808 27.7107 315.592 60.4295 327.531
470880496.245 509.928 236.642 61.7321 95.3744 44.9033 13.747 96.8697 51.0735 354.811
471211428.104 404.321 236.178 61.749 95.5499 45.0853 32.465 68.5939 58.4361 14.5117
471337375.12 402.451 236.366 61.09 94.6744 45.3342 24.9638 43.9371 46.8897 10.3019
471567574.215 426.375 236.519 61.3637 94.9617 45.1357 54.0918 296.446 80.0988 330.906
472039718.937 490.601 235.976 61.7395 95.6064 45.1726 44.7128 67.0531 58.3351 28.3959
472104531.882 517.101 236.351 61.3019 94.9415 45.2362 54.0347 272.449 78.1747 333.255
472149603.864 469.138 235.874 60.8228 94.5102 45.6734 29.0143 269.455 49.2287 342.101
472811931.89 582.863 235.832 61.9725 95.9398 45.1126 10.4599 208.414 50.2958 9.04113
473234643.112 498.729 236.871 61.5721 95.1021 44.8869 31.3999 109.347 61.0208 16.9562
473364820.173 419.664 236.089 61.7834 95.6218 45.1042 34.2677 341.541 77.6949 26.5055
473479680.668 586.878 236.353 61.9526 95.7401 44.9116 20.8334 35.6089 69.4807 29.1817
473749972.131 536.274 235.742 61.0581 94.848 45.6122 41.1954 171.962 89.0904 347.787
473777032.328 624.602 235.412 61.4182 95.4065 45.5668 27.1825 63.2596 77.128 27.1168
474219807.988 587.382 236.636 61.6637 95.2921 44.9392 37.2378 237.44 87.0958 331.884
474332924.224 486.556 235.87 60.975 94.7006 45.5996 33.25 144.655 82.9922 346.977
474540611.021 497.751 234.661 61.1991 95.4039 45.9887 41.6208 282.767 89.4344 345.034
474642289.859 528.283 236.341 61.4327 95.1064 45.1759 22.1186 208.428 71.8101 332.104
474664337.722 543.591 235.807 61.4579 95.3187 45.3842 27.3151 124.662 75.1721 349.389
474824748.972 414.59 236.084 61.9868 95.8721 45.0035 16.817 156.123 66.2809 339.774
475030159.384 509.92 235.385 61.3996 95.3932 45.5877 16.7368 106.63 62.3545 348.348
475476703.305 503.522 234.603 61.032 95.2194 46.0998 25.7023 258.632 58.1265 327.688
475614284.798 555.483 236.544 61.8583 95.5615 44.8809 45.034 262.253 74.4627 330.926
475628894.279 512.506 235.636 60.9453 94.745 45.7131 57.9444 30.8352 89.9807 25.3185
475636122.767 433.486 236.791 61.9877 95.6384 44.7155 6.55622 298.564 44.204 342.279
475658853.823 447.096 235.513 61.1536 95.0456 45.6596 6.84492 331.754 43.2556 346.257
476463879.621 410.1 235.899 61.466 95.2971 45.3421 24.5639 321.171 44.4472 21.4186
476794289.958 568.645 236.464 60.9744 94.4977 45.349 59.5259 282.037 86.5839 28.5716
476909740.422 533.921 235.99 61.2128 94.9538 45.4309 26.3062 64.6492 39.8788 17.8095
477035074.259 536.053 235.583 61.0721 94.9206 45.6717 22.7616 299.542 48.9882 29.6419
478098202.677 520.316 236.782 61.9569 95.6038 44.7346 20.4992 53.7916 69.9591 20.4793
478567166.168 524.839 235.916 61.8998 95.8225 45.1155 35.635 71.5773 85.4875 11.85
479318137.646 502.351 234.986 61.6124 95.7941 45.6409 36.3258 222.334 81.6696 335.984
479648567.041 573.84 236.133 61.0711 94.7297 45.4414 10.5184 165.225 58.3223 332.805
479660720.329 541.891 235.425 61.4676 95.4628 45.5365 34.0756 217.304 73.5068 330.908
480030966.528 409.601 236.605 61.6867 95.3306 44.9406 4.72282 8.63672 48.0922 346.595
480082717.643 586.489 235.569 61.845 95.8746 45.2845 38.4366 123.398 48.6796 334.695
480670822.679 627.388 235.157 61.7359 95.8845 45.5073 12.5019 236.978 37.5916 351.64
480750716.153 530.795 235.513 62.0951 96.198 45.1778 12.8848 246.785 37.3879 357.611
480796617.581 438.071 235.71 61.7239 95.6782 45.2893 15.2153 212.13 37.7094 347.693
481151296.214 540.249 237.015 61.8771 95.4299 44.6783 46.367 113.571 54.1255 338.077
481206660.567 604.514 236.589 61.6568 95.2994 44.9622 48.6984 257.953 71.9835 29.1724
481458741.0 538.06 236.554 61.3498 94.9327 45.1278 17.6056 244.988 42.824 23.889
481584981.961 579.001 234.822 61.6238 95.8664 45.7015 16.0164 149.929 43.8062 358.791
481687161.86 523.131 235.1 61.7737 95.9507 45.5108 16.4777 243.508 46.73 26.6365
481743976.27 601.752 236.177 61.5348 95.2871 45.1927 28.5103 246.672 57.1318 31.619
481790334.341 446.91 236.509 61.7529 95.444 44.9477 5.29432 181.697 44.7665 15.843
481824698.007 605.178 236.125 60.9531 94.5863 45.5032 6.77151 150.146 45.0074 12.7908
481915461.888 503.37 236.173 61.6008 95.3696 45.1613 21.5016 247.055 55.2489 31.0973
481926256.891 417.222 236.912 61.6609 95.1979 44.8264 45.798 237.637 78.5372 27.5174
482246894.533 603.26 235.588 62.154 96.2438 45.1175 14.0807 266.173 58.655 28.9857
482532341.07 441.182 235.299 61.883 96.0145 45.3739 21.2338 264.118 67.9543 30.0859
482909526.325 475.141 235.781 61.4333 95.2975 45.4075 27.8903 283.092 77.6352 28.9228
482944462.288 409.634 235.337 61.343 95.3405 45.6363 28.561 344.871 78.3464 19.8025
482944765.814 542.879 235.364 61.3658 95.3591 45.6136 61.8268 89.9278 80.3817 12.1509
483057158.802 436.599 235.076 61.9284 96.1473 45.4398 39.1531 229.532 88.4807 17.4371
483512372.851 485.474 235.117 61.781 95.9538 45.5004 33.1286 122.997 82.7323 331.545
483642760.587 476.071 236.03 61.5298 95.3311 45.2562 27.8379 133.091 78.9597 346.225
483917054.082 544.472 236.592 61.657 95.2988 44.9609 22.6329 23.8994 70.3417 346.945
484561844.64 531.49 234.379 61.4076 95.7619 45.995 28.3587 156.17 75.2479 14.8896
484832027.443 433.749 236.075 62.0894 95.9998 44.9549 47.3334 101.354 56.9539 329.197
485264311.826 535.769 235.545 60.7983 94.5944 45.825 51.4246 244.893 75.0337 26.5705
485916766.626 398.725 235.342 61.4466 95.4659 45.5811 15.5102 126.129 39.2071 357.384
485938178.838 508.221 236.205 62.0 95.8474 44.9478 54.7119 216.88 81.0419 28.3112
486007569.898 504.226 236.039 61.6523 95.4782 45.1907 20.6522 202.451 44.9445 25.6362
486544149.47 495.832 236.206 61.5755 95.3273 45.1604 28.0337 198.086 61.459 31.856
486568453.633 546.296 236.795 61.5537 95.1044 44.9276 30.7134 62.2396 64.0857 353.05
486624936.773 566.454 235.538 61.1395 95.0194 45.6564 5.58069 37.1124 50.5125 14.902
487115229.996 429.972 235.614 61.8672 95.886 45.2546 28.0539 201.593 72.8721 29.2682
487162244.201 557.685 234.482 61.3114 95.6067 46.0037 24.2276 346.563 70.3703 9.42108
487584753.644 446.845 236.91 61.2357 94.6738 45.034 31.0245 291.122 80.9603 20.1111
487664497.359 593.343 235.237 61.6213 95.7167 45.5343 32.619 273.453 82.6638 24.199
490328902.639 431.821 234.699 61.3934 95.6287 45.8719 32.8987 65.4924 52.7441 338.119
490363291.954 553.389 235.889 61.3134 95.1127 45.4231 37.1616 64.3116 57.587 337.09
490703963.945 587.63 235.991 61.472 95.273 45.3009 53.8071 129.081 81.6105 28.3195
490740092.905 455.587 236.675 61.9791 95.6661 44.7674 40.3384 94.5249 54.0606 348.617
491380014.805 563.74 236.007 61.1252 94.8398 45.4675 32.7842 349.601 70.5551 354.534
491642709.994 621.646 235.279 61.9797 96.1386 45.3314 31.7464 323.979 74.8729 359.887
491664931.603 416.407 236.3 61.5346 95.2456 45.1421 15.8911 271.139 64.8381 18.7726
493185652.726 470.181 235.881 61.5698 95.4308 45.2972 27.3831 256.819 71.737 356.01
493244398.969 416.059 235.092 61.3342 95.4161 45.7418 33.6958 62.5003 75.7372 331.768
493689020.967 605.013 236.205 61.4627 95.189 45.2171 2.91398 60.6928 49.1424 338.966
493758516.586 588.366 236.17 61.857 95.6845 45.0339 41.2944 61.8353 73.0724 330.782
493985743.657 622.029 236.749 61.3508 94.8694 45.0459 11.5001 157.534 43.9446 354.878
495105511.242 500.453 236.241 60.9993 94.6041 45.4313 14.1814 28.6728 38.6358 0.882774
495378496.011 502.394 235.918 61.7025 95.5807 45.2148 42.7328 85.5554 70.084 30.2544
497608851.855 435.159 236.698 61.0508 94.5145 45.2129 21.7137 241.7 69.9938 345.161
497929140.971 421.715 236.178 61.4378 95.1674 45.2407 8.16191 286.565 58.0589 336.336
497996750.007 456.399 235.499 61.0787 94.9579 45.7033 62.2562 94.8901 71.1012 5.00979
498140751.535 589.066 237.186 61.6044 95.0392 44.7401 13.6569 353.139 54.8814 331.051
498220557.401 437.723 235.689 61.512 95.4255 45.4052 8.46437 351.463 51.4406 334.185
498465974.813 528.662 235.837 61.5715 95.4478 45.3144 5.89394 42.6297 44.7067 341.934
498801882.512 452.122 236.191 61.2405 94.9196 45.3332 44.7339 88.7058 68.985 22.5629
498985274.1 480.102 236.564 61.3814 94.9683 45.108 20.834 78.4354 42.4408 11.6737
499020660.978 435.288 235.649 61.425 95.3326 45.4659 37.1663 342.629 58.0264 330.847
499346397.814 412.194 235.934 61.1627 94.9111 45.4794 53.1411 271.966 66.9908 332.695
499455203.755 608.257 235.605 61.192 95.0609 45.602 56.2773 272.168 81.9704 332.038
499703945.73 474.605 234.389 61.4522 95.8126 45.9672 55.6921 54.1284 82.0666 28.6904
499704571.624 598.928 236.521 61.6929 95.3661 44.9721 31.1916 54.2748 54.2725 29.7378
500001009.602 507.144 235.423 61.6042 95.6307 45.4672 49.5194 43.6846 78.6805 28.3938
500133379.016 540.45 234.613 61.561 95.8646 45.8192 12.8385 54.3237 46.0473 22.4956
500972468.939 422.213 235.922 61.1175 94.8595 45.5072 25.9926 59.247 73.4495 30.256
501184717.023 612.995 235.951 61.5428 95.3739 45.2822 27.6452 139.547 77.2151 19.4685
501550506.903 432.923 236.223 60.9385 94.5346 45.4689 37.044 128.567 86.9618 17.5192
501701757.486 485.608 235.958 61.771 95.651 45.164 39.1921 314.034 88.8897 339.179
501736083.881 470.566 235.715 61.6667 95.6065 45.3162 39.1964 317.767 88.747 340.197
501894226.694 409.736 235.787 61.6566 95.5691 45.2917 31.8357 184.999 81.0234 348.965
501930079.119 584.419 234.817 61.7609 96.0353 45.6318 34.6321 308.228 83.22 335.038
502512843.419 475.369 234.276 61.3958 95.785 46.0432 40.8843 321.962 80.5968 334.773
502568038.836 510.95 236.627 61.2211 94.7491 45.16 29.7239 109.251 68.6143 2.91687
502922688.646 456.201 236.236 61.4776 95.197 45.1971 8.94773 83.0212 48.2398 350.536
503003008.987 560.969 236.183 61.1625 94.826 45.3753 8.93607 322.929 45.8845 336.931
503106577.181 542.734 236.439 61.1095 94.6738 45.2936 40.5986 305.643 67.9577 328.693
503448620.465 529.101 236.916 61.5993 95.1206 44.8549 22.0121 317.667 42.462 337.224
503638134.406 517.256 234.237 61.5543 95.9924 45.9747 74.1867 268.728 88.7853 331.778
504001445.863 464.677 234.956 61.2268 95.3322 45.8532 38.1636 18.0694 58.588 28.4388
504361997.644 450.069 235.313 61.5944 95.6569 45.5173 10.5373 307.54 39.4803 12.1848
504397604.222 456.119 234.493 61.3817 95.6886 45.9623 57.0204 258.851 84.7928 334.364
504407859.566 462.289 234.466 61.155 95.4204 46.0924 12.5448 269.76 40.4814 3.92706
504464345.113 574.724 236.231 61.0601 94.6825 45.4055 23.2049 353.998 49.3894 29.8739
504487721.293 417.309 235.633 61.0651 94.8941 45.6542 9.34144 282.755 41.0205 10.9252
504773094.102 436.253 236.347 61.5869 95.2939 45.0968 41.1591 222.947 47.6616 22.1104
504921143.235 403.6 234.569 61.0771 95.2869 46.0902 21.5002 351.415 57.711 31.9552
505025151.185 612.82 236.646 62.0127 95.7162 44.7624 26.4387 190.655 64.3883 359.253
505093209.626 431.015 235.961 60.8881 94.5614 45.6046 8.98391 150.502 55.712 15.775
505332296.701 589.564 235.905 61.3893 95.2004 45.3783 22.7335 4.5058 67.7876 30.9028
505962778.03 513.303 237.04 61.1941 94.5793 44.9992 40.4891 168.655 89.9714 342.391
506190328.299 603.07 235.266 61.2956 95.307 45.6901 37.857 98.2146 87.7369 12.5721
506625004.704 493.246 236.063 61.1809 94.8895 45.4167 33.2444 103.872 80.4524 358.011
506967449.733 596.36 234.982 61.8539 96.0897 45.5167 39.5707 74.4535 81.5818 8.91354
507038058.779 469.294 235.96 61.6195 95.4646 45.2397 34.4175 263.957 74.868 331.724
507081869.104 509.259 234.573 61.5676 95.8869 45.8321 20.9765 87.4187 73.9899 4.95948
507288108.012 540.59 234.377 61.4802 95.8511 45.9576 10.5512 75.0718 54.3983 348.425
507300557.294 538.573 234.366 61.4344 95.7992 45.9862 30.0382 256.374 66.0099 328.521
507333766.257 534.363 236.264 61.7209 95.4861 45.0641 12.3204 63.3481 53.5925 351.359
507390111.976 595.915 235.452 61.6598 95.6886 45.427 41.4964 47.582 75.3356 14.2968
507584427.311 482.105 236.725 61.4983 95.0592 44.984 38.2915 32.1523 67.7787 14.9847
507654585.552 501.636 234.982 61.3391 95.4609 45.7845 31.8019 252.271 59.9313 328.063
507711485.185 544.091 234.864 61.3628 95.5319 45.8205 23.9237 251.194 51.9584 329.459
508072078.582 508.158 235.882 61.4525 95.2862 45.3562 50.1009 98.4991 85.2164 331.581
508509862.891 408.683 236.853 61.3992 94.8946 44.9789 31.3589 315.298 51.2493 26.0321
509138609.874 624.88 235.136 60.9129 94.8808 45.9393 8.12676 250.778 42.1705 16.8657
509732888.263 502.115 234.367 61.4672 95.8389 45.9685 14.6451 106.566 59.2188 11.6252
509836584.31 627.654 235.823 61.0812 94.8482 45.5665 42.9193 139.135 83.6328 347.322
510063167.702 620.815 236.677 61.1809 94.6828 45.1589 26.174 302.689 73.0137 30.2433
510075672.254 546.589 236.173 61.4171 95.1434 45.2531 23.1463 79.2537 70.8836 13.676
510189220.276 399.869 234.837 61.6787 95.9277 45.6666 21.8487 351.171 71.6689 27.802
510190758.03 407.651 235.806 61.7148 95.6337 45.2544 41.8743 121.663 88.3149 349.16
510246827.786 519.029 236.735 61.8748 95.5184 44.7945 25.4016 48.6501 74.9372 19.9257
510247320.53 458.492 236.359 61.705 95.4347 45.0329 31.6855 90.1925 79.5814 7.00387
510327023.452 462.715 235.708 61.7533 95.7146 45.275 29.4522 66.5625 78.5848 14.7442
510407677.675 413.649 235.213 62.1618 96.3822 45.2629 39.0629 105.335 87.7079 354.532
511036934.427 428.551 235.233 61.9033 96.0617 45.3899 28.351 130.793 78.2901 335.207
511047615.129 596.596 235.273 60.8743 94.7843 45.9015 32.285 80.7637 81.2715 352.151
511287870.221 494.851 235.157 61.3669 95.4328 45.6981 23.0937 86.779 71.7137 344.348
511574509.935 590.851 235.776 61.6142 95.5208 45.3178 26.0963 199.863 68.6767 329.322
512494532.571 477.799 236.381 62.1039 95.9153 44.8244 56.3395 204.883 83.9118 332.459
512726579.905 553.366 236.161 61.0917 94.7456 45.4197 37.5183 276.627 58.4769 23.0641
512968620.856 515.987 234.573 61.7521 96.1115 45.7346 63.3228 177.149 89.9179 331.759
513184325.681 564.405 235.798 61.0247 94.7869 45.6054 61.786 299.036 36.4864 358.204
513641717.975 424.398 235.453 62.0039 96.1078 45.2493 30.0039 130.715 56.3143 347.865
513676097.168 487.196 235.296 60.9178 94.8302 45.8699 34.5451 130.492 60.2876 345.067
513926211.503 491.273 235.178 61.4116 95.4803 45.6665 15.4353 241.961 51.2116 29.08
513984665.435 465.935 236.086 61.553 95.3401 45.2212 39.0812 112.811 71.5746 347.151
514062290.655 543.096 237.149 61.7597 95.2423 44.6805 50.7137 227.644 86.9308 22.8603
514566218.729 513.652 235.619 61.356 95.2579 45.5132 15.1626 334.919 65.1252 22.9797
514634429.257 442.765 236.081 61.1575 94.8542 45.4205 19.1693 285.643 68.3892 28.9905
514873180.006 613.824 235.926 61.462 95.2828 45.3331 41.3895 215.251 89.2855 14.5438
515253603.423 543.352 235.796 61.194 94.9972 45.5216 41.403 93.0849 89.1068 334.351
516556144.248 539.532 235.484 61.3656 95.3165 45.5641 13.0831 145.376 51.794 331.768
516806685.693 536.72 234.618 61.4506 95.7275 45.8749 17.7745 267.792 48.972 1.26443
516874560.017 547.774 235.679 61.6526 95.6012 45.338 44.9766 259.352 72.9149 19.8707
516910571.358 516.367 235.672 61.2849 95.1522 45.5275 31.9078 138.528 57.309 328.405
517230109.463 498.645 235.205 62.0784 96.284 45.3096 23.6869 138.168 46.1032 334.887
517298850.308 539.915 234.541 61.465 95.7731 45.899 34.1025 138.601 53.8571 331.414
517594719.957 413.601 236.487 61.8525 95.5729 44.9069 26.0677 206.736 43.96 20.2412
517732355.873 525.224 237.188 61.3269 94.6958 44.8732 15.6229 138.902 37.2839 355.814
517891197.147 423.667 236.74 61.9316 95.5864 44.7644 41.2457 213.619 64.2325 29.5823
517904039.583 444.412 234.916 61.581 95.7804 45.6857 27.6884 102.758 49.0028 343.796
517949018.726 414.683 236.413 61.1338 94.7126 45.2929 14.6857 180.501 39.0782 17.7106
518029243.485 440.098 235.535 61.5605 95.5384 45.4441 12.3331 124.981 39.374 4.36096
518029342.266 446.007 235.69 62.0713 96.1083 45.1193 14.3991 109.958 41.2034 359.611
518325139.281 455.441 235.95 61.1444 94.8828 45.4819 40.2536 193.805 68.4722 31.2099
518704360.198 444.589 234.919 61.3573 95.5057 45.801 25.3859 54.3971 89.299 339.167
518989430.242 462.749 236.642 61.714 95.3518 44.9121 34.5955 26.6596 76.1143 355.937
519147652.061 622.855 236.709 61.227 94.7292 45.123 28.0867 199.988 73.4858 29.8717
519251065.7 409.871 235.676 62.1954 96.2638 45.0611 19.2499 262.939 69.2615 25.8082
519364437.212 525.331 236.814 61.9109 95.5368 44.7442 33.9173 190.193 81.4666 24.8552
519409798.773 533.124 234.938 61.3989 95.5498 45.7715 39.8617 165.019 87.2034 18.1069
519479763.306 436.636 236.628 62.0305 95.744 44.7608 27.467 278.479 77.4182 22.9573
520071273.322 480.535 236.972 61.1911 94.598 45.0296 55.4705 102.591 88.1734 340.018
521537732.406 527.855 236.464 62.1029 95.8865 44.7913 13.9961 154.096 41.0658 348.621
521560510.537 498.137 236.311 61.1297 94.7418 45.3378 15.4313 159.938 40.0391 351.521
521879615.879 456.724 235.071 60.961 94.9634 45.9419 35.5292 190.985 56.049 22.3304
521926903.665 536.859 235.885 60.8171 94.4992 45.6717 41.5262 79.8566 61.8119 330.265
522063336.022 598.523 235.039 61.3458 95.4487 45.7575 18.4468 89.5572 38.7354 345.126
522189191.749 411.071 234.754 61.4768 95.7108 45.8061 26.222 70.5173 45.5868 339.577
522600728.108 439.138 235.618 61.4714 95.4003 45.4555 39.5296 46.3665 62.8118 339.747
522816928.257 597.502 235.554 60.8612 94.6691 45.7898 8.99895 69.3295 41.6635 11.24
523706752.895 493.63 236.384 61.0712 94.6446 45.3356 33.2616 126.679 77.4208 27.7424
523809403.928 595.699 235.981 61.1094 94.8291 45.4866 36.4941 117.775 81.864 24.4392
524759786.116 430.429 235.516 61.9796 96.0565 45.2365 35.5783 271.993 84.3292 358.127
524921189.005 425.635 236.412 61.8421 95.5851 44.9428 25.9767 25.9282 74.5606 330.71
525353782.775 499.723 235.904 61.5676 95.4199 45.2888 32.944 229.704 73.1306 4.32009
525469094.351 412.114 235.683 61.0711 94.8844 45.6305 9.98303 21.5256 55.8915 332.464
526507023.504 595.825 236.42 61.9793 95.7503 44.8711 51.0094 107.794 74.8243 26.3824
526758280.601 602.368 236.569 61.2029 94.7457 45.1933 51.6499 96.4355 74.4494 28.8776
527239555.305 439.505 235.434 61.8039 95.8709 45.3603 73.6245 290.83 49.2701 349.727
527460372.335 525.357 236.653 62.0004 95.6988 44.7655 56.1089 73.4522 87.9938 24.9862
527582163.431 496.479 235.071 62.0039 96.2406 45.4024 21.7186 318.858 54.0916 357.495
527866235.619 622.194 237.168 61.6289 95.0753 44.7362 35.7165 76.2501 72.3891 29.3854
528049399.569 491.19 237.001 61.535 95.0137 44.8512 19.9505 100.529 63.6577 30.9493
528119135.268 417.199 236.103 61.0268 94.6848 45.4759 26.9674 277.54 69.2078 2.4018
528450817.988 582.764 236.349 61.5794 95.2841 45.0998 39.111 278.012 85.408 353.166
529240299.782 552.443 235.278 61.8659 96.0005 45.3911 31.6826 315.174 81.5716 331.74
529559673.994 624.998 236.56 61.1313 94.6602 45.2323 19.5472 269.968 69.4464 337.597
529766058.93 534.483 235.949 61.5758 95.4147 45.2663 26.2407 353.072 70.4677 329.671
529810780.291 476.579 234.326 61.268 95.6101 46.0902 14.995 229.341 63.327 343.184
530062420.384 532.994 235.587 61.559 95.5183 45.4232 6.44198 311.418 54.7243 335.401
530691072.208 601.579 234.464 61.546 95.8999 45.8876 31.4003 349.885 56.4831 328.99
530860940.574 582.359 235.426 61.1987 95.1313 45.6729 35.637 85.3966 58.0483 19.7758
530988014.457 473.727 236.482 60.8864 94.3821 45.3843 33.9669 340.455 54.0926 330.681
531285095.012 460.809 234.611 61.2434 95.4765 45.9866 26.6727 66.1157 61.3289 332.772
531364100.396 407.25 236.49 61.7188 95.4083 44.9725 14.4711 28.8939 36.74 7.97211
531409023.03 426.215 235.015 61.5369 95.6915 45.6684 40.4096 61.3803 61.3843 28.2851
531569092.407 549.227 235.292 61.669 95.7555 45.4874 32.3361 54.0199 53.7381 28.5127
531672089.996 527.736 235.675 62.1572 96.2176 45.081 22.9212 46.7431 46.6572 25.9139
531820326.991 477.182 236.164 61.8188 95.6396 45.0558 31.1998 46.3743 56.1207 30.5209
531867164.167 500.047 235.393 62.1937 96.3586 45.1746 23.1918 291.235 49.6923 351.773
531924380.133 480.986 236.841 61.8757 95.4848 44.7507 26.748 286.947 53.717 350.237
532004894.815 403.423 235.833 61.4395 95.287 45.3829 49.2841 287.877 78.1316 338.788
532026320.386 430.422 235.352 61.1469 95.0934 45.73 12.6129 28.9686 45.2319 24.9464
532334943.631 452.999 236.096 61.3822 95.1267 45.3027 1.65874 221.146 50.3647 18.5045
532442087.616 476.312 237.109 61.3559 94.7572 44.8922 48.4168 21.6849 85.8905 22.9904
532773561.953 623.491 236.003 61.428 95.2147 45.3182 35.5217 27.2054 78.2938 26.487
532979536.025 540.701 235.445 61.6765 95.7115 45.4215 26.1055 54.6025 73.74 29.6019
533823222.925 465.105 236.079 61.5417 95.3286 45.2299 40.5814 327.413 89.5387 345.198
533845172.699 583.17 235.322 60.9303 94.8363 45.8525 31.5522 275.216 81.109 330.542
533970167.574 423.451 235.41 62.1698 96.3238 45.1802 26.1976 216.004 76.0174 338.53
533993407.791 473.239 235.856 62.0358 96.0083 45.0706 24.8884 252.637 74.7741 332.627
534288806.575 447.628 236.022 61.2314 94.9659 45.4087 44.2428 99.0208 87.739 14.2294
534312803.619 473.964 237.079 61.4781 94.9181 44.8461 14.9882 187.33 64.008 341.325
534324981.627 564.949 236.555 62.0319 95.7697 44.7897 22.5839 290.836 68.1865 329.899
534393401.51 428.07 235.922 61.0068 94.722 45.5622 19.9413 287.319 65.0707 328.904
534438476.603 493.966 234.917 62.0419 96.3409 45.444 11.7525 185.094 60.9692 340.89
534530287.534 606.925 235.308 61.0422 94.9798 45.8017 14.0759 279.865 59.3623 330.395
534803327.39 412.348 234.629 61.0516 95.2339 46.0789 27.9308 88.6199 62.4226 5.04668
535021712.216 451.728 236.513 61.8105 95.5129 44.9172 29.2158 301.777 58.7122 328.579
535214591.559 604.095 234.553 61.6182 95.9556 45.8132 26.3021 48.0173 52.1217 9.57797
535271118.878 511.959 236.726 61.1694 94.6521 45.1436 50.3083 61.0052 76.211 23.4182
535694951.25 494.132 234.295 61.6933 96.1401 45.8771 19.9929 312.152 37.7976 347.364
535855704.101 579.263 234.706 61.4965 95.7523 45.8154 48.4725 271.392 70.3456 332.082
535923841.779 556.57 236.217 61.7122 95.4914 45.0877 32.3176 269.161 52.1671 337.045
536300586.578 503.856 234.474 61.8542 96.2708 45.7198 26.8839 247.719 50.0469 346.36
536483863.581 471.866 235.9 61.4348 95.2581 45.3575 47.2093 244.539 74.1648 338.811
536590091.04 529.145 235.425 61.5663 95.5834 45.4858 48.7609 331.247 78.2153 28.4788
536625353.1 548.679 236.626 61.4958 95.0888 45.0264 7.58458 7.59922 45.2651 22.6871
536875971.196 415.03 235.373 61.9895 96.1179 45.2889 30.5367 339.27 64.7819 31.0827
536997085.989 625.133 235.185 61.9319 96.1132 45.3942 17.761 178.413 57.7364 5.68504
537115172.747 611.388 235.584 61.0204 94.8559 45.6971 49.8458 303.449 89.1113 20.573
537219536.918 598.999 236.166 61.3923 95.1153 45.2684 53.0351 95.0586 59.897 17.6421
537299064.943 604.406 235.315 61.6273 95.6966 45.4995 13.3739 37.3562 62.1674 27.6291
537618105.582 429.5 236.134 61.2754 94.9821 45.3401 34.1127 334.225 81.1919 25.6553
537880411.83 401.599 235.098 61.094 95.1178 45.8625 40.8556 307.57 89.9811 14.9489
537880430.016 409.72 235.28 61.0585 95.0096 45.805 40.7239 308.933 89.8614 15.4197
538244202.821 584.063 235.87 61.3188 95.1258 45.4283 36.5669 222.156 86.3899 331.313
538392375.3 516.003 235.083 61.4165 95.52 45.7031 30.678 195.058 80.582 332.478
538427375.595 405.008 234.504 61.2911 95.5737 46.0055 35.4472 247.76 84.4726 334.268
538483432.751 424.138 235.606 61.272 95.1591 45.5612 27.3307 163.493 77.2127 337.426
538519254.424 540.448 236.112 62.0597 95.951 44.9551 40.5851 273.811 88.5032 345.101
538608590.041 416.499 235.966 61.9141 95.8229 45.0882 29.8195 115.355 77.8398 350.943
538769837.226 407.623 235.108 60.9664 94.9567 45.9236 27.9038 243.3 74.0171 329.846
538860046.891 454.113 234.818 61.6628 95.9153 45.6829 21.5869 110.379 68.5114 348.022
539649798.217 417.311 235.077 61.6017 95.7488 45.6097 54.6781 255.331 85.5719 333.786
539732778.784 601.668 235.869 60.8065 94.4918 45.684 56.1998 356.792 85.8343 25.1783
539923856.109 559.649 235.469 61.0509 94.9338 45.73 57.3925 248.495 84.4718 331.5
540322666.124 484.996 234.962 61.3634 95.4977 45.78 23.3623 224.313 43.8018 338.287
540681591.902 519.815 234.622 61.3446 95.5965 45.9291 21.2186 295.091 42.4903 22.6291
540773568.901 506.849 235.599 61.545 95.4971 45.4256 16.1261 213.072 40.1907 355.528
540795959.369 551.655 235.896 61.593 95.454 45.2795 15.1096 281.459 39.908 18.5856
540910839.633 421.945 235.822 61.5692 95.4501 45.3219 27.1754 142.356 47.8182 349.721
541333428.448 414.922 235.974 61.9107 95.816 45.0868 22.8848 152.858 55.8715 357.596
541470079.042 443.479 235.507 61.7714 95.8057 45.3472 6.85995 130.037 51.085 13.6531
541800852.644 438.173 236.782 61.3909 94.9078 45.0126 12.9026 333.669 60.9159 28.2864
541892244.931 623.405 234.84 61.6723 95.919 45.6691 13.3874 344.555 62.553 27.2604
542074824.87 576.738 235.111 61.6655 95.8147 45.5626 20.3689 327.507 69.3229 29.1584
542338287.885 513.682 235.571 61.4014 95.3306 45.5103 28.7593 52.845 78.2053 17.1266
542519368.816 497.803 235.848 61.0696 94.8253 45.5619 40.4482 262.546 89.9859 17.2493
542658767.959 618.526 236.406 61.6461 95.3468 45.043 37.1883 81.3254 87.1336 0.287547
546809792.618 537.888 235.765 61.7104 95.6425 45.2734 38.8615 218.0 86.1949 19.0393
546838494.316 580.087 236.59 61.6413 95.2796 44.9693 36.5566 226.765 84.413 22.1889
547004676.919 501.077 236.553 61.0599 94.5741 45.2701 32.8037 261.608 82.4354 29.1059
547038948.491 505.62 235.181 61.4076 95.4743 45.6673 33.044 262.238 82.7777 28.7692
547385512.005 478.312 236.3 61.9718 95.781 44.9236 40.0775 158.568 89.7238 342.21
547851976.458 473.588 236.566 61.5417 95.1652 45.0286 26.7188 2.92345 73.9956 350.677
547893098.186 414.293 235.342 61.8596 95.9705 45.3685 24.3913 125.208 71.8551 330.307
547904358.04 446.661 235.22 61.2496 95.2665 45.7325 21.4476 113.175 69.6954 330.127
548589471.999 444.007 237.057 61.4503 94.8908 44.8685 13.5952 145.15 50.5309 332.103
548607004.557 437.502 235.398 61.5917 95.624 45.4839 31.6926 136.806 62.1903 328.242
548611088.726 580.311 236.332 61.5941 95.3078 45.0994 36.4387 272.605 68.1219 12.4213
548622500.754 538.889 236.135 61.8965 95.7446 45.0287 36.7947 272.251 68.5078 12.5715
548629072.304 453.759 237.21 61.427 94.8124 44.8159 4.00204 241.342 46.5706 344.633
549102938.975 445.76 235.097 61.3218 95.3989 45.7463 11.7878 201.476 38.7199 353.621
549263659.578 531.604 235.5 62.0904 96.1966 45.1856 36.951 124.895 58.6638 331.28
549599601.841 472.7 235.996 61.8443 95.7277 45.1117 15.471 188.431 37.4391 9.79439
549634043.93 482.847 237.024 61.425 94.8703 44.8945 14.141 159.593 35.9519 1.47018
549766606.21 446.24 236.333 61.7161 95.4573 45.0383 56.6498 103.327 81.5157 332.893
549850429.675 502.714 234.302 61.2936 95.6504 46.0867 27.8887 202.738 48.7108 27.2946
549861721.166 601.77 234.355 61.7375 96.1722 45.8297 32.3762 213.056 54.1289 28.5422
549924777.61 583.666 234.95 61.3264 95.4565 45.804 22.9642 196.014 45.1668 25.9294
550160217.661 513.355 235.783 61.6072 95.51 45.3187 40.3091 83.4284 65.8286 341.528
550244357.51 476.958 235.939 60.9549 94.6518 45.5808 60.3272 264.559 54.313 31.799
550267857.063 485.825 235.393 61.2538 95.2107 45.6586 8.17322 110.711 42.5606 11.7872
551118720.976 602.039 236.122 61.3479 95.0754 45.3088 16.2996 299.692 65.6258 19.9581
551420547.263 502.429 236.371 60.9999 94.5605 45.376 30.1599 210.258 78.8724 29.2835
551517360.136 454.882 236.179 62.0043 95.8612 44.9561 34.6611 193.291 83.6519 24.8648
552577310.828 575.221 236.018 61.7117 95.5578 45.1694 19.0519 66.1823 66.5211 330.374
552657550.824 417.994 235.402 61.4334 95.4284 45.5633 26.7473 91.273 70.0504 329.429
552937972.251 426.345 236.513 61.0304 94.5507 45.3011 51.8962 104.728 86.9803 337.036
552982558.33 505.864 235.787 62.0232 96.0167 45.105 10.0955 76.2597 54.1809 333.204
553022770.882 492.039 235.424 61.2981 95.2547 45.6236 20.3299 90.7103 57.848 328.6
553244672.955 460.672 236.442 61.9888 95.7545 44.8572 12.3096 229.992 48.7278 354.65
553302592.702 571.352 236.021 61.3101 95.0633 45.3699 24.3994 93.2853 54.2217 328.68
553445744.65 628.31 235.016 61.964 96.2114 45.4451 41.9927 89.6728 69.2127 329.88
553599474.295 534.219 235.978 61.6239 95.464 45.2303 26.0457 87.518 50.1714 330.96
554192714.722 528.325 234.706 61.4747 95.7255 45.8269 26.6111 293.191 35.9145 2.44799
554928793.231 534.968 236.485 61.9108 95.6451 44.8789 21.233 137.328 52.7273 30.0965
555152386.716 447.334 234.48 61.479 95.8121 45.9163 18.2305 348.784 54.719 2.70337
555237525.096 411.131 236.002 61.9696 95.8784 45.0454 3.20468 191.776 52.2648 22.1664
555471850.328 567.13 236.214 61.0873 94.7223 45.3997 10.0291 273.217 58.7295 18.4827
555756199.111 565.481 236.184 61.5208 95.2676 45.1972 34.2787 118.171 79.3718 25.956
556014734.68 516.232 234.983 61.5412 95.7082 45.6795 29.8446 272.457 78.7125 12.1862
556025161.671 494.937 235.338 61.9935 96.1349 45.3009 27.7603 177.402 77.3452 28.6012
556924236.449 472.405 236.434 61.6099 95.293 45.0494 21.4732 318.352 71.4298 337.222
556999505.41 507.951 236.529 61.4229 95.031 45.1023 33.1839 52.4952 78.8204 333.153
557079805.152 451.492 235.426 60.8083 94.6483 45.8703 42.9202 68.651 87.0186 340.289
557209331.444 448.507 235.386 60.9979 94.8973 45.7914 48.1968 285.868 66.3926 350.144
557331018.591 458.229 234.802 61.2137 95.371 45.9233 45.3913 65.889 85.5592 338.001
557473789.448 454.431 236.703 61.5114 95.0826 44.9867 47.9666 65.9784 85.3972 336.944
558489765.057 470.114 236.794 61.0705 94.5068 45.1628 46.3004 28.0868 67.6983 330.44
558529333.977 447.177 235.161 61.3592 95.4221 45.7005 30.6236 23.6204 50.2969 333.551
558694500.634 456.59 235.191 61.1825 95.1943 45.779 16.8032 37.5019 37.1473 349.895
559252616.32 596.3 236.117 61.5097 95.2766 45.2304 53.7281 76.4214 81.5048 28.3168
559304947.903 424.59 235.995 61.8294 95.7096 45.1192 15.674 79.9742 44.7537 24.767
559384449.343 567.942 236.165 61.4038 95.1297 45.263 32.41 81.7971 59.4295 31.7497
559510764.515 440.236 235.769 60.9868 94.7502 45.6366 5.78027 35.0665 44.3818 17.8294
559607606.751 441.407 236.162 61.8792 95.7143 45.0263 10.2717 85.2011 49.13 25.7015
559715985.894 506.872 235.83 61.6126 95.5005 45.2966 13.7221 89.6895 52.8798 28.7956
559819652.378 570.104 235.002 61.0343 95.0784 45.9331 22.0078 293.229 59.2596 1.17794
560059334.841 418.53 234.932 61.1453 95.2404 45.9053 18.2522 258.908 62.3337 9.56534
560258026.245 610.013 235.35 61.4784 95.502 45.5618 26.9292 84.5354 72.1187 30.0206
560419489.086 518.048 236.413 61.9527 95.72 44.8872 32.9964 256.813 79.605 2.70631
560520794.043 544.512 235.636 61.0126 94.8282 45.6794 28.6736 96.4428 77.1649 29.6956
562356839.213 435.64 236.534 62.0396 95.7861 44.7945 12.428 352.668 49.2639 333.702
562447423.958 564.331 236.607 61.373 94.9434 45.0942 20.8286 112.954 51.558 3.46311
562602388.323 528.973 235.136 61.8261 96.0017 45.4691 17.1355 352.582 46.4235 333.707
562643225.463 559.945 237.04 61.7402 95.2538 44.7351 51.6838 351.735 79.205 331.504
562755484.088 556.678 236.629 61.755 95.4064 44.8973 34.0445 79.7076 57.4247 17.1996
562950474.705 556.331 235.904 61.9984 95.9466 45.0704 8.37366 331.734 38.6159 345.996
563012218.62 549.248 236.144 61.7576 95.5713 45.0947 42.7664 75.7224 64.7911 24.341
563114962.071 425.728 234.591 61.9096 96.2962 45.6439 44.1721 75.4343 65.367 25.3738
563202041.064 571.39 235.251 61.3897 95.4277 45.6478 25.5906 299.98 46.3667 337.034
563630548.469 630.794 236.475 61.3739 94.9887 45.1491 38.6289 283.966 58.946 339.474
563663883.422 446.573 235.782 61.6509 95.564 45.2969 12.1586 17.5139 39.0628 15.5445
563773236.34 484.311 235.01 61.3411 95.4535 45.7721 35.191 282.714 58.0633 342.487
563995666.034 512.454 234.483 61.4915 95.8265 45.9086 25.9541 296.756 51.6376 353.637
564041697.391 580.689 237.032 61.6119 95.0982 44.8007 35.2182 284.422 64.7997 346.341
564052250.821 586.049 235.335 61.5547 95.6009 45.5289 5.70233 332.012 44.1513 16.0383
564234426.675 613.588 235.78 61.7384 95.6715 45.2531 21.5859 35.5215 56.413 31.128
564320792.823 515.758 236.006 60.8701 94.5237 45.5945 7.48412 234.64 50.886 13.2327
564542909.55 411.754 235.045 61.1935 95.2595 45.8337 14.4682 52.2396 58.7749 29.9594
564833965.146 494.794 237.089 61.6059 95.0724 44.78 22.2335 56.8622 69.4199 30.2003
565038994.381 405.607 235.539 61.6481 95.644 45.3975 34.8521 25.5566 81.8548 24.3847
566835637.557 428.795 235.385 62.1053 96.2543 45.2239 22.7419 267.827 55.0087 330.073
566851664.042 482.491 235.843 61.8887 95.8338 45.1512 29.7463 99.7592 59.821 4.61789
567001695.757 620.325 234.358 61.6034 96.0081 45.8997 55.5289 268.911 69.8598 329.569
567045561.576 526.519 236.103 60.8961 94.5228 45.5407 40.2249 93.6586 64.5424 14.9882
567081071.949 596.574 236.374 60.8975 94.4323 45.4249 19.8997 264.256 48.1727 331.024
567464332.687 510.071 237.202 61.487 94.889 44.7901 56.5858 268.948 74.4871 330.478
567486502.614 424.114 235.54 61.1614 95.0455 45.6445 24.3847 285.419 45.9584 333.553
567646582.752 552.306 236.591 61.9065 95.6046 44.8376 32.8342 263.33 53.4578 333.2
568194996.794 455.32 235.874 61.2704 95.0644 45.4506 45.3519 250.392 67.9021 336.344
568593384.373 507.835 236.296 61.6211 95.3531 45.1008 13.6088 336.998 46.8331 26.0554
569096418.828 493.456 235.937 61.9368 95.8605 45.0884 59.3837 101.056 58.9081 11.3711
569125126.14 398.651 236.243 61.6838 95.4476 45.0912 37.6423 122.23 62.2774 7.06232
569450170.147 439.151 235.925 61.9167 95.84 45.1035 17.5397 80.5778 67.2648 22.1349
569570885.247 504.382 235.311 61.3717 95.3848 45.6326 33.3261 138.777 79.6891 1.61822
570303345.916 500.779 236.902 61.9525 95.559 44.6879 32.6543 197.854 82.5672 332.39
570623508.175 557.838 236.633 60.9452 94.4046 45.2917 33.3166 227.135 75.2957 329.893
570697481.404 608.932 234.366 61.3805 95.7332 46.0145 23.7125 207.394 71.3846 330.516
570897710.41 406.391 235.764 61.0724 94.8578 45.5958 30.8081 240.568 71.6758 329.484
571662061.736 568.582 235.451 61.0664 94.9593 45.7296 23.1112 135.584 42.8247 342.851
571925715.166 492.233 235.098 61.5905 95.7278 45.6071 48.8931 236.058 72.9854 330.231
572130141.497 455.688 235.507 61.1786 95.0781 45.6494 54.1626 105.863 36.6294 356.481
572300262.076 491.822 236.676 61.0132 94.4748 45.2406 55.2861 293.315 79.0938 28.4676
572421609.096 492.807 235.691 61.0242 94.8234 45.6505 35.5197 117.135 38.1759 347.467
572484127.576 518.963 236.35 61.2917 94.929 45.2416 14.3076 266.777 35.909 5.03766
572620525.164 490.782 235.535 62.1295 96.232 45.1514 32.2862 296.474 53.7245 27.2859
573728464.616 612.798 235.047 61.7079 95.8889 45.5666 10.2455 265.05 59.7412 29.002
574392144.669 416.875 235.673 61.8328 95.8236 45.2486 36.4652 87.0983 85.3438 0.830962
574481449.544 486.52 235.234 61.2304 95.2378 45.7364 38.28 267.777 87.7222 22.2135
574661416.602 585.831 234.914 61.2759 95.4074 45.8451 38.637 119.125 88.7262 337.16
575095505.332 623.806 234.903 61.2895 95.4279 45.8425 26.4416 106.904 75.5814 338.021
575268313.341 477.132 236.927 61.6002 95.1183 44.8501 41.1368 221.566 86.4023 341.045
575279214.63 444.525 235.706 62.0601 96.0891 45.1186 29.4444 189.52 75.9263 331.845
575279429.465 561.556 235.53 61.2212 95.123 45.6187 34.9604 204.155 80.4458 334.234
575465740.777 409.218 235.11 61.2167 95.265 45.7949 38.154 4.84937 80.8 7.82672
576413889.184 537.749 236.938 61.0881 94.4814 45.0935 32.334 286.926 56.2718 16.2921
577909758.805 498.466 236.248 61.1944 94.8431 45.3322 27.1348 231.723 59.6948 32.3048
579281885.454 502.649 235.869 62.0336 96.0016 45.0667 37.4557 11.6105 87.4741 358.994
579464953.055 623.041 236.685 61.6009 95.1986 44.95 33.981 24.145 83.6243 350.105
579545540.757 403.713 234.655 61.5303 95.8116 45.8181 29.5147 71.8835 79.488 335.202
580344323.72 486.788 235.581 61.8768 95.9089 45.2632 22.3936 276.455 63.4894 359.935
580378350.436 546.76 236.656 61.437 95.0062 45.0425 30.4067 269.615 69.5019 7.7256
580732569.227 597.568 234.962 61.0731 95.1407 45.9298 25.72 263.607 55.3443 7.39322
581161791.54 540.199 235.345 61.577 95.6247 45.5134 23.0467 131.558 45.375 334.373
581326828.317 606.099 235.456 61.3284 95.2807 45.5948 14.4057 188.584 36.7758 1.06314
581750104.299 603.354 235.079 61.6457 95.802 45.5861 34.1949 98.4564 54.5604 338.196
582126427.301 545.286 236.572 61.3479 94.9243 45.1215 12.8723 93.4702 42.1464 3.3702
582155461.367 594.771 235.899 61.4068 95.2241 45.3719 31.4986 75.6315 56.803 346.29
582160510.997 595.585 236.342 60.9364 94.4914 45.4194 9.33984 123.685 40.8128 12.3428
582662065.345 583.148 236.935 61.8884 95.4695 44.7055 31.5153 179.686 67.9289 30.5572
584092745.14 426.315 235.699 61.8772 95.8687 45.2152 30.2545 41.0603 80.1731 332.382
584264786.6 473.739 235.431 61.4269 95.4106 45.5549 37.4396 91.15 81.9388 334.527
584875719.938 424.709 234.776 61.7644 96.0536 45.6462 36.5001 96.633 74.0068 331.438
585817034.222 430.953 235.475 61.1476 95.0512 45.6785 18.72 87.1102 40.2179 339.86
586034905.794 518.945 236.496 61.1175 94.6646 45.266 54.9521 70.1365 78.1147 331.064
586655900.066 443.138 236.675 61.1224 94.6107 45.188 11.3541 106.825 40.4397 17.663
587409224.471 443.339 236.547 61.3774 94.9691 45.1174 15.7359 154.103 60.3947 30.1497
587877464.578 425.616 236.584 61.3356 94.9049 45.1222 23.8059 179.999 73.2236 29.1024
588879669.13 462.511 235.659 61.4969 95.4173 45.4255 25.1028 7.10693 74.1279 330.559
