242834175.64 3871.32 235.592 61.527 95.4777 45.4378 24.6767 137.122 54.6429 30.3399
243833650.687 3948.93 235.678 61.5653 95.4949 45.3829 54.6268 280.548 89.0536 349.333
250498232.596 2916.6 235.932 61.5734 95.4177 45.2743 46.476 79.273 66.7665 20.5962
261007112.571 2851.49 235.727 61.5316 95.4368 45.38 11.2924 318.572 44.2115 21.5187
262913506.949 2746.72 235.803 61.4081 95.2589 45.411 44.1457 116.444 78.8164 330.827
264437936.95 2735.51 235.967 61.4999 95.3154 45.2969 8.43636 277.404 39.6156 359.806
264725539.399 3327.11 235.833 61.46 95.3124 45.3724 39.1798 106.639 57.708 332.057
269050577.046 3338.31 235.715 61.5727 95.4912 45.3638 31.2259 71.5309 53.3317 330.447
270340152.041 2960.07 235.531 61.5226 95.4934 45.4649 15.2644 322.778 47.7282 5.63166
273599264.702 2775.02 235.657 61.5412 95.4725 45.4037 36.3674 303.28 51.7258 330.422
277552111.55 2995.62 235.503 61.4938 95.4677 45.491 36.2548 8.74308 72.0505 330.29
278141849.522 3147.72 235.835 61.589 95.4702 45.3065 12.9656 12.0021 41.696 339.677
278153091.1 3269.7 235.456 61.499 95.4903 45.5075 10.0694 53.2953 40.0451 349.732
281146776.671 3183.09 235.917 61.4623 95.2865 45.3367 38.1425 141.827 87.7889 7.23424
284256752.693 3322.99 235.865 61.6006 95.4739 45.2882 53.2717 236.863 86.8236 338.168
287893494.201 2726.27 235.89 61.5239 95.3713 45.3165 48.2639 226.757 70.3376 331.829
294074685.463 3960.51 235.832 61.5563 95.4308 45.324 13.5096 309.91 63.481 25.2182
298813325.506 2779.78 235.903 61.3771 95.1862 45.385 35.7079 3.69743 80.5329 356.848
300883089.062 3172.47 235.488 61.404 95.3626 45.5429 60.5839 266.567 74.6265 17.308
302144739.217 2598.29 235.938 61.5673 95.4081 45.2748 28.8393 144.481 50.9913 28.6002
302265966.729 2759.35 235.467 61.5676 95.5709 45.4682 25.1755 310.82 41.9658 357.728
303131982.533 2977.53 235.91 61.5021 95.3377 45.3195 27.4286 316.762 67.3904 2.23273
304917397.375 3023.64 235.534 61.568 95.5479 45.4403 31.4777 49.1511 73.5962 330.945
312423273.691 2553.44 235.943 61.4038 95.2055 45.3553 27.6775 214.567 69.8699 2.02624
342570728.189 2714.87 235.732 61.3422 95.2022 45.4736 39.8822 338.538 66.5164 328.787
348879937.425 2711.8 235.753 61.5943 95.5047 45.3375 22.6846 328.328 57.728 31.5241
350060682.579 2830.75 235.873 61.5726 95.4371 45.2992 35.6714 37.3089 85.6376 27.3834
350083717.758 3000.62 235.71 61.5634 95.4817 45.3708 36.1287 45.9913 86.0958 26.3334
351930223.798 2526.46 235.852 61.5923 95.4683 45.2978 25.3113 335.582 50.2383 11.3668
352239931.964 3536.94 235.584 61.3742 95.2928 45.5187 15.638 291.05 38.0292 4.74349
352686618.464 3522.57 235.669 61.4605 95.3694 45.4398 20.6584 280.351 41.7955 21.1488
353888679.413 3008.25 235.559 61.4597 95.4064 45.4855 44.9803 244.442 86.1344 20.9211
356717346.196 3938.75 235.674 61.4709 95.3803 45.4322 51.3569 109.611 55.5976 330.4
356958312.667 2921.89 235.815 61.3865 95.2282 45.417 51.4468 142.226 71.7599 331.112
359342347.415 3522.32 235.837 61.4521 95.3013 45.3747 39.422 67.2287 89.2721 336.086
360247074.396 3087.4 235.504 61.5834 95.5772 45.4449 26.334 309.484 69.3198 356.875
363586041.468 2778.02 235.755 61.4144 95.2831 45.4276 38.8336 144.593 86.7491 19.1994
371290189.371 3434.08 235.616 61.4896 95.4235 45.4468 14.4836 356.523 39.4159 359.398
372521364.604 3717.3 235.449 61.4929 95.4854 45.5138 16.7339 152.874 66.6452 23.7323
380040033.566 3226.61 236.033 61.5735 95.3835 45.2328 31.2068 252.849 50.7501 335.307
381406837.374 2933.68 235.57 61.4127 95.345 45.5048 40.3899 291.474 79.4736 25.9734
382825669.835 3479.39 236.021 61.506 95.3046 45.2716 34.7576 234.061 82.4316 335.136
383951695.272 2950.97 235.751 61.4117 95.281 45.4304 43.1498 332.725 71.4073 18.6913
384347764.141 2682.04 235.659 61.5364 95.4659 45.4053 33.0054 285.981 37.5714 354.568
384765388.463 3245.67 235.54 61.4465 95.3968 45.4999 22.6814 280.436 42.7578 20.2929
384846434.368 3955.45 235.814 61.5205 95.3931 45.3497 26.0537 190.883 45.9267 341.768
384903170.073 3711.49 235.731 61.5434 95.4496 45.372 13.5118 239.48 36.6163 6.79944
385201204.079 3518.83 235.849 61.4766 95.3274 45.3575 15.722 178.753 42.0327 358.406
387351677.509 2883.33 235.675 61.6312 95.5768 45.3506 39.1755 196.517 87.3413 341.798
387469447.206 2665.38 235.926 61.4945 95.323 45.3167 39.5963 359.371 86.6771 8.14987
390498164.098 3087.78 235.741 61.5473 95.4512 45.3662 44.2789 199.625 81.574 25.074
394725646.965 2635.91 235.776 61.5623 95.4577 45.3443 44.4439 151.263 74.6815 29.2289
396244286.05 3892.18 235.828 61.4357 95.2841 45.3867 39.2184 260.182 89.1387 20.3984
397058174.79 3441.51 235.594 61.4768 95.4152 45.4622 31.7831 255.853 73.4555 2.29196
400333177.958 2950.86 235.677 61.6028 95.541 45.364 24.4759 169.686 74.3079 27.7402
407481246.531 3016.04 235.766 61.3513 95.2017 45.455 15.0346 19.2424 37.1452 3.51505
409362932.997 3678.57 235.628 61.4841 95.4124 45.4446 41.262 335.5 86.7345 18.6142
411124515.591 2772.84 236.003 61.4641 95.2593 45.3 29.0297 155.233 74.622 331.231
411449316.917 3048.8 235.545 61.4086 95.3485 45.5172 46.4619 128.524 48.4047 357.996
412125966.469 3889.92 235.667 61.4852 95.4005 45.4281 42.4755 157.897 72.023 331.086
412995347.465 2924.85 235.984 61.5084 95.3202 45.2856 29.5274 196.301 56.9613 349.233
413236370.847 3387.11 235.68 61.4887 95.4001 45.4209 53.3978 195.794 87.2725 338.271
413285619.869 2669.28 235.812 61.3499 95.184 45.4364 35.3384 297.884 68.5475 31.0012
415919784.477 3198.7 235.739 61.4612 95.3463 45.4106 52.6934 95.2168 79.1829 18.4776
419067746.556 2640.03 235.752 61.3806 95.2427 45.446 35.7552 323.625 85.8125 24.6231
420197488.694 2523.35 235.85 61.5617 95.4316 45.3142 45.2511 127.498 64.2136 328.546
420316066.398 2700.19 236.036 61.5394 95.3407 45.2488 34.9478 302.32 70.5342 8.93024
420853929.1 3009.34 235.874 61.4295 95.2607 45.3708 33.0449 268.582 58.2263 15.5691
424963307.891 2666.03 235.914 61.5071 95.3426 45.3152 26.4872 266.229 61.9139 3.55135
425627498.975 2672.46 235.778 61.5356 95.4242 45.357 12.1079 148.318 38.2855 348.845
425741354.049 3889.28 235.821 61.5402 95.415 45.3369 25.4857 205.605 46.8865 15.7375
426370512.795 3789.78 235.475 61.5485 95.5446 45.4747 25.5438 169.58 47.3175 26.6819
427496750.276 2598.59 235.687 61.3622 95.2421 45.482 35.3067 138.715 77.1341 27.2831
430907707.519 3628.68 235.643 61.5309 95.4647 45.4146 52.7618 99.3162 77.2016 29.169
434937911.789 3613.46 235.64 61.407 95.3138 45.4789 39.3088 266.519 49.85 332.592
435376704.033 2560.35 235.761 61.4255 95.2947 45.4197 44.3335 71.2733 66.0413 29.054
435675539.467 3837.09 235.816 61.5479 95.4262 45.3351 63.6086 277.296 49.566 347.014
436108769.221 2825.06 235.843 61.3794 95.2098 45.4088 33.4354 51.0506 64.2766 31.7735
436921727.344 3427.52 235.82 61.5153 95.3847 45.3498 25.7826 180.26 70.0585 20.8908
439158672.375 3455.76 236.068 61.4848 95.2627 45.263 43.8446 181.419 63.8224 17.4122
440640626.806 3537.44 235.67 61.5221 95.4447 45.408 15.8264 233.937 49.3004 2.17311
441144318.995 2795.15 235.641 61.4957 95.4224 45.4336 35.7348 201.982 75.2892 353.604
444667596.151 3192.53 235.529 61.511 95.4799 45.4717 27.9202 175.004 47.1787 343.955
445274032.162 2664.13 235.822 61.3636 95.1977 45.4257 42.6435 182.279 73.2406 343.748
445357589.284 2851.32 235.78 61.4168 95.2775 45.4161 45.1925 281.016 78.2648 27.778
446933175.114 3161.76 236.019 61.5544 95.3648 45.2482 30.6154 164.318 80.4286 331.871
448008523.099 2648.17 235.504 61.5788 95.5714 45.447 41.2686 270.066 72.514 330.321
450596484.48 2969.2 235.665 61.4026 95.2997 45.4708 17.059 332.629 67.1216 24.6941
454553711.543 2702.54 235.486 61.4044 95.3641 45.5438 14.7989 54.7508 52.7108 5.69499
455295085.607 3630.27 235.525 61.5416 95.5185 45.4575 37.1917 186.885 83.6489 22.2769
456030390.277 2645.91 235.876 61.578 95.4425 45.2951 33.5494 78.3636 83.2781 331.363
457548927.343 3247.39 235.455 61.4366 95.4143 45.5401 43.6139 219.299 70.2353 21.1902
464444446.181 3918.99 235.868 61.5003 95.3499 45.3375 43.1176 294.271 89.4936 346.819
466479488.818 3190.92 235.748 61.4086 95.2783 45.4335 7.1628 38.423 44.2229 340.853
466489811.489 3150.63 235.923 61.6161 95.4734 45.2567 43.0163 108.403 71.9843 17.9863
467005571.142 3419.06 236.011 61.4926 95.2916 45.2826 28.2146 351.447 48.7656 333.334
468997778.902 3448.57 235.424 61.4568 95.4497 45.5423 36.8927 33.6729 83.0146 22.9759
469598969.926 2969.44 235.747 61.4888 95.3773 45.3933 40.1309 103.638 89.9624 25.7221
470630228.029 3232.18 235.864 61.6156 95.4927 45.281 29.2135 316.792 66.9304 328.911
470926262.271 3750.46 235.843 61.5522 95.4221 45.3217 11.0451 89.0765 48.8713 352.735
472960466.144 2778.04 235.716 61.4665 95.3605 45.4173 14.7129 152.659 53.4437 11.5563
473502948.727 2994.94 235.895 61.6059 95.4702 45.2731 18.238 84.4722 68.1482 23.7752
473525301.242 2826.04 235.74 61.4811 95.3703 45.4001 23.101 27.3494 71.3734 29.9337
473925355.162 3946.34 235.925 61.4187 95.2299 45.355 33.3162 45.1098 83.1631 28.7195
476836279.896 3756.46 235.584 61.5395 95.4959 45.4347 33.8431 175.012 53.9355 342.817
478064359.964 2607.1 235.787 61.6345 95.5424 45.3032 26.8534 98.5602 73.2815 8.50821
479545563.67 3171.19 235.623 61.6336 95.5977 45.3707 10.3733 121.904 61.1667 336.923
480795851.951 3648.83 235.671 61.54 95.4663 45.3986 30.5048 279.526 50.9934 20.7539
482051923.058 3172.47 235.927 61.4583 95.2779 45.3342 43.9445 234.267 78.5149 27.2914
482327592.003 2639.04 235.757 61.6081 95.5201 45.3287 16.1076 56.594 60.9497 11.3826
482579131.634 3158.75 235.839 61.3737 95.2041 45.4133 24.7957 48.2641 70.8569 9.06034
482727142.421 2575.32 235.804 61.5076 95.3809 45.3605 20.7143 333.529 70.6775 23.4038
482796734.13 2831.27 235.584 61.4171 95.3453 45.4967 37.6703 71.5481 84.5343 355.572
483981248.505 3646.56 235.603 61.5053 95.4471 45.444 32.8026 161.871 76.8705 332.36
484363047.551 2587.65 235.951 61.5323 95.3608 45.2873 4.04514 74.9674 53.8721 338.234
492718529.28 3384.96 235.542 61.4104 95.3518 45.5175 31.8295 30.9583 81.2574 331.187
493837915.782 2909.52 235.521 61.6004 95.5923 45.4294 20.3859 52.174 52.8138 329.741
494761765.539 3205.19 235.895 61.5742 95.4312 45.2891 42.9401 107.486 64.1468 27.8753
494820457.415 3774.65 235.466 61.4942 95.4812 45.5062 33.5436 18.8081 53.2553 336.748
498699618.293 2634.73 235.664 61.5177 95.4412 45.4126 22.0619 101.721 48.0966 7.98993
502659917.433 2872.44 235.689 61.4522 95.3522 45.4357 11.283 131.122 55.5919 348.201
505378999.344 3261.78 235.853 61.5413 95.4052 45.3232 20.8178 136.739 67.2611 12.0844
507768646.511 2823.13 235.418 61.4852 95.4865 45.5304 26.3933 250.09 52.8536 329.401
508270544.788 2577.57 235.982 61.5696 95.3959 45.2559 14.1307 295.297 36.5636 1.38644
509059269.552 3614.2 235.562 61.3766 95.3031 45.5265 26.1817 185.662 52.1032 350.032
509526412.961 3538.86 235.538 61.4287 95.3754 45.5098 22.1416 293.306 59.4495 31.7205
509584474.795 2691.57 235.821 61.5426 95.4177 45.3357 15.8568 129.188 56.8767 7.59878
514006250.114 3959.59 235.645 61.6264 95.581 45.3654 11.1014 247.593 51.4419 27.3423
514087599.408 3576.18 235.525 61.4571 95.4148 45.5008 43.4681 110.348 78.0849 345.208
514224367.509 2825.66 235.763 61.5861 95.491 45.3375 32.1775 92.9296 69.8313 355.166
516383383.935 2925.55 235.566 61.433 95.3711 45.4962 42.4926 281.846 79.2417 13.8589
516600668.044 2677.09 235.655 61.5849 95.5266 45.3823 34.2185 278.654 66.5526 10.6076
516943843.885 2635.59 235.604 61.5359 95.4842 45.4283 15.5089 250.723 44.3889 0.831743
517949216.26 3758.3 235.737 61.4587 95.3435 45.4128 12.2607 145.2 37.908 7.02884
518212513.374 2845.4 235.784 61.5565 95.4475 45.3439 29.4288 82.503 55.4461 348.083
518257612.387 2923.65 235.839 61.4408 95.2865 45.3797 8.23608 117.896 42.4208 11.6406
518509447.626 3765.5 235.58 61.5257 95.4801 45.4434 26.7348 58.7024 59.0909 354.738
521733226.346 2847.7 235.586 61.4463 95.3803 45.4811 58.8948 88.0627 85.701 331.793
521801498.287 2616.88 235.8 61.3624 95.2034 45.4353 49.604 84.7077 73.0245 330.262
525104414.806 3453.82 235.531 61.5274 95.4989 45.4624 35.1181 60.8341 79.3351 334.108
531215881.977 2873.52 235.419 61.4545 95.4487 45.5457 15.8295 356.92 36.998 350.264
532499645.011 2555.27 235.48 61.5564 95.5523 45.4686 49.7242 64.1152 69.6352 30.4379
532876568.887 3978.06 235.436 61.5027 95.5019 45.5142 29.2172 39.768 74.4912 29.0952
533099933.39 2665.56 235.807 61.4949 95.3639 45.3654 25.1915 96.0509 73.732 27.2469
533150671.198 3360.51 236.017 61.5478 95.3572 45.2523 32.2059 46.3944 80.6663 27.2471
535511618.828 3703.78 235.828 61.4652 95.3202 45.3718 26.0631 23.4012 45.755 13.8314
537640663.204 2999.6 235.688 61.3754 95.258 45.4751 39.4099 312.25 86.4002 19.1856
538839097.215 3783.17 235.91 61.5037 95.3396 45.3189 45.7022 274.459 89.6205 343.676
538848926.44 3640.71 235.447 61.53 95.5315 45.4958 16.1131 143.374 65.5109 339.936
540749775.739 2769.1 235.705 61.3967 95.2785 45.4575 34.0714 295.759 55.7771 29.6245
541914429.566 3387.29 235.662 61.4953 95.4144 45.4251 31.002 276.92 74.3185 28.8513
547435347.838 2784.76 236.003 61.4247 95.2104 45.3197 33.365 63.3118 83.3212 339.991
547584623.422 2896.02 235.713 61.5807 95.5016 45.3608 30.214 112.718 79.7284 331.101
549103536.883 2548.85 235.562 61.4097 95.3437 45.5095 26.4349 136.074 49.2019 331.425
549228379.187 3492.21 235.432 61.4654 95.4572 45.5346 16.6188 218.92 39.8753 5.50558
553577175.222 3529.07 235.863 61.5231 95.3792 45.3281 47.6752 87.1972 73.2359 330.146
553730131.346 3588.3 235.75 61.4401 95.3161 45.4168 13.3378 159.245 38.6021 358.319
553948100.352 2980.81 235.86 61.4552 95.297 45.3638 41.6766 73.6449 62.4882 331.206
554068095.226 3078.27 235.548 61.6012 95.5836 45.4179 45.5905 69.3805 66.8863 332.008
554997413.893 3494.82 235.618 61.4526 95.377 45.4648 16.4965 136.633 50.5633 29.071
555574253.359 3633.02 235.78 61.5909 95.4911 45.3283 13.3766 191.063 62.2165 27.5608
557415054.682 3354.58 235.504 61.4381 95.3989 45.5192 43.3103 288.064 58.5482 348.33
558870659.883 2682.83 235.792 61.4385 95.2998 45.4003 32.8061 97.3528 53.0822 27.5356
564236073.097 2559.87 235.565 61.4734 95.4208 45.4759 44.5192 271.009 77.0638 343.469
564576604.528 2641.95 235.91 61.5602 95.4089 45.2902 33.7034 25.9606 73.3023 29.0377
564874716.739 3766.22 235.803 61.6013 95.496 45.3135 19.4836 152.63 68.0491 17.4066
566497526.071 2800.38 235.605 61.4824 95.4182 45.455 32.2828 110.771 70.1389 1.93648
566658531.744 3547.42 235.736 61.4669 95.3539 45.409 21.6934 254.683 56.0761 330.714
567016924.596 3860.22 235.546 61.4824 95.4387 45.4795 49.4322 89.9913 68.8351 15.8128
572096706.504 2685.1 235.737 61.6119 95.5315 45.3352 39.1549 209.158 58.575 330.672
572746310.815 3768.02 235.678 61.5872 95.5214 45.3717 25.0394 291.056 47.2161 26.7736
573317278.998 2774.91 235.756 61.6481 95.5694 45.309 20.7704 255.898 53.1487 30.1735
581417035.076 3387.53 235.725 61.4132 95.2919 45.4409 58.9964 239.81 80.7163 27.9999
581531962.854 3353.2 235.759 61.5023 95.3895 45.3815 26.683 212.169 46.4028 21.9198
585988637.385 2557.48 235.497 61.5386 95.5246 45.4708 31.0777 66.896 50.6835 334.318
