257863775.889 37099.3 235.691 61.4757 95.3805 45.423 50.8947 72.4163 85.8579 14.6196
265750170.95 35983.9 235.66 61.498 95.4186 45.4244 39.854 221.376 64.2414 31.6199
281813541.444 25429.4 235.788 61.4794 95.3515 45.381 17.4761 275.366 64.8138 330.284
294377366.108 29692.4 235.82 61.553 95.4311 45.3309 43.8563 220.944 86.4333 18.9157
393803937.967 34006.5 235.732 61.4105 95.2861 45.4389 50.9847 209.443 73.8948 27.7042
435658959.682 33885.7 235.799 61.5099 95.3851 45.361 63.5937 277.441 74.3476 336.052
471007490.195 25576.1 235.699 61.4859 95.3901 45.4145 41.5656 313.649 71.1231 329.735
487836157.78 29644.0 235.669 61.5024 95.421 45.4187 74.0524 284.072 87.5382 20.2211
505629942.415 28351.9 235.71 61.4887 95.3898 45.4087 22.212 81.6114 72.071 23.3635
510451973.117 25269.3 235.845 61.4738 95.3251 45.3607 30.8685 347.807 80.8529 28.0181
548761375.305 27625.1 235.592 61.5585 95.5161 45.4218 48.0674 119.228 68.6625 329.273
557501039.509 28693.6 235.825 61.5356 95.4078 45.3375 3.89736 317.049 53.6548 338.708
562950853.749 32201.6 235.729 61.4986 95.3952 45.3956 32.4735 286.541 48.3454 333.025
