241687066.122 1691.66 236.01 61.3734 95.1452 45.3425 44.2392 149.661 62.3122 25.9521
243005862.587 1678.27 235.742 61.638 95.5621 45.3199 37.4595 106.877 66.1668 31.2209
246965809.35 2004.25 235.862 61.3702 95.192 45.4056 37.7791 283.642 58.9437 343.02
251651424.487 1632.34 236.016 61.439 95.2239 45.3072 9.33098 70.1748 41.825 19.336
251822647.117 1741.39 236.113 61.3787 95.1166 45.2972 44.3762 20.6936 67.3308 31.1814
252678033.938 1783.26 235.729 61.664 95.5985 45.3119 33.436 98.696 68.0515 19.2995
253940541.829 2055.33 235.48 61.4231 95.3888 45.5365 48.176 103.725 80.6927 1.89349
254308853.831 2050.41 235.687 61.492 95.4019 45.4164 27.2396 213.664 60.3094 330.166
257071309.601 2426.66 235.71 61.5842 95.5071 45.3601 33.8846 322.675 66.1422 30.9237
257632859.742 1730.68 235.776 61.6369 95.5491 45.3064 49.6217 283.351 84.0514 24.9005
258863756.777 1851.75 235.46 61.4842 95.4711 45.5137 36.7319 184.007 67.8352 329.008
259483010.516 2435.65 236.04 61.5709 95.3779 45.2311 37.3398 180.54 60.7903 328.363
259527508.093 1974.21 235.587 61.5492 95.5066 45.4283 30.1539 356.233 54.6355 9.13404
260112840.782 2345.32 235.515 61.655 95.661 45.4038 2.93191 350.594 36.4665 359.762
262729975.37 2340.59 235.846 61.5914 95.4691 45.3005 49.6712 115.368 84.5253 331.45
263028312.021 2217.48 235.857 61.5415 95.4042 45.3214 42.2067 123.16 76.4632 330.676
263188578.3 1800.12 235.809 61.5424 95.4219 45.3408 34.605 104.264 69.1682 331.207
263658255.036 1697.33 235.873 61.4063 95.2327 45.383 15.1241 276.876 54.4732 344.039
263911198.58 2009.77 235.83 61.2965 95.112 45.4559 25.7582 127.084 55.703 328.497
265423977.624 1633.28 236.079 61.6105 95.4134 45.1953 12.6219 253.957 42.3089 21.8309
265470117.047 1846.25 236.014 61.5217 95.3264 45.2668 6.06779 343.929 40.8251 10.5393
265756920.331 1888.9 236.015 61.3905 95.1646 45.332 14.3081 353.125 47.2496 9.36414
266112391.673 1670.06 235.779 61.6997 95.6249 45.2734 22.3363 322.086 56.2929 14.281
266525223.475 1917.28 235.764 61.5395 95.4335 45.3606 33.8825 296.211 68.518 18.443
269142248.452 1609.56 236.106 61.4158 95.1649 45.2816 28.5466 67.9536 50.2274 331.899
270166850.962 1876.37 235.839 61.4743 95.3279 45.3627 48.891 146.701 72.2636 30.0859
270912884.364 2213.3 235.738 61.5004 95.3945 45.391 24.2378 201.915 61.9696 28.9467
272974645.301 1702.77 235.961 61.5452 95.3731 45.2765 38.7963 43.7303 68.3369 329.165
273031300.565 1962.84 235.663 61.6388 95.5901 45.3515 13.8169 348.376 51.1813 334.92
273173883.467 2308.87 236.109 61.583 95.3693 45.1967 26.5708 222.571 55.8267 3.52453
273398421.06 2431.35 236.155 61.4852 95.2337 45.2268 19.0243 18.4613 47.6965 332.043
277396283.513 1956.55 235.785 61.4351 95.2982 45.4047 7.62161 235.19 56.9172 340.686
277648256.272 2065.99 235.676 61.6799 95.6361 45.3255 15.0349 152.51 53.9837 354.079
277831709.548 2391.54 235.732 61.3712 95.2377 45.4587 16.0365 126.111 49.938 357.92
277888291.443 1726.46 235.919 61.4345 95.2516 45.3498 46.1146 100.128 75.8212 19.1488
277900807.962 2150.76 235.678 61.3607 95.2437 45.4867 6.40124 83.2492 44.3531 346.768
280044138.291 1765.52 235.552 61.434 95.3772 45.5012 31.6187 33.8522 71.3061 30.0253
281078860.367 2510.25 235.952 61.5593 95.3938 45.2734 36.2421 224.982 86.2442 340.099
283234136.398 1649.22 235.932 61.5499 95.3888 45.2862 38.6021 29.085 59.0192 25.4394
284702032.352 1708.09 236.04 61.5654 95.3711 45.234 20.4518 359.993 64.1697 30.9337
285783506.188 2145.06 235.933 61.5294 95.3635 45.2962 37.2585 244.44 86.9428 334.176
286780474.168 2500.39 235.289 61.5477 95.6086 45.5513 7.83739 225.857 53.5075 334.074
286884269.854 2223.43 235.764 61.6378 95.5543 45.3109 31.3239 253.159 65.3057 328.622
287067857.707 1585.92 235.556 61.6083 95.5898 45.4109 38.5973 252.445 68.7125 329.319
288488701.786 2254.16 236.061 61.5196 95.3079 45.2484 9.97657 235.637 40.1039 10.3973
288924067.051 1643.31 235.488 61.3221 95.2619 45.5845 12.1388 292.955 50.7527 27.7386
289750512.145 2317.38 235.952 61.6511 95.5062 45.2269 28.6031 76.2096 76.8439 11.156
290381653.339 1726.19 235.924 61.5079 95.3402 45.3109 37.5313 66.6387 87.2015 3.61087
291025824.664 1755.35 235.398 61.5798 95.6096 45.4899 30.6203 201.776 74.0087 331.035
292034546.561 2441.53 235.734 61.5213 95.4215 45.382 29.1028 189.24 52.8623 330.011
293409588.106 2062.97 235.488 61.615 95.6214 45.4352 8.84913 227.341 46.6656 23.4355
294320324.428 2048.89 235.628 61.4911 95.4212 45.4413 38.1476 234.859 80.497 25.8319
295269667.035 1597.34 236.022 61.5917 95.4094 45.2281 30.128 88.063 75.0468 333.042
295717395.331 1618.39 235.713 61.6463 95.582 45.3272 29.2468 133.03 68.6208 329.35
296140923.488 1870.88 235.756 61.6487 95.5702 45.3084 4.05879 37.2343 49.0684 341.478
297000267.367 1973.07 236.019 61.3519 95.1158 45.3498 28.1801 225.536 48.1398 20.2304
298886762.233 1984.8 235.991 61.4241 95.2143 45.3252 19.8763 260.1 69.8915 26.0739
298944290.153 2321.63 235.81 61.4713 95.3342 45.3763 22.0474 279.128 71.9235 22.6606
300882948.44 1921.93 235.75 61.4342 95.3092 45.4196 48.996 233.788 80.7245 20.1387
301641396.883 2338.33 235.694 61.5702 95.4954 45.3737 33.3163 122.944 47.9683 335.399
303046214.267 1661.9 235.617 61.5441 95.4899 45.4186 38.7792 324.818 72.0451 354.135
303291205.892 1981.07 235.793 61.5985 95.4959 45.3187 23.8579 144.209 69.0108 30.5532
303384086.105 2412.15 235.932 61.4348 95.2475 45.3443 24.0103 288.733 70.5874 10.3828
303601646.843 1607.84 235.543 61.6176 95.6058 45.4115 24.3754 247.421 73.9432 20.1157
305690136.249 1686.03 235.728 61.436 95.3188 45.4277 13.6993 147.304 44.6001 357.865
306905381.243 1719.73 235.535 61.4361 95.3856 45.5071 16.5345 77.5231 42.862 23.5658
309509786.581 2508.04 235.947 61.518 95.3447 45.2963 29.7861 171.336 72.6248 359.439
310966184.241 1591.15 235.838 61.544 95.4137 45.3279 22.3904 54.2791 42.502 18.0429
320681756.726 1654.52 235.946 61.4361 95.2441 45.3377 13.1415 210.171 39.7085 2.45888
326845416.436 2476.87 235.365 61.5792 95.6204 45.5038 29.9142 273.692 79.8632 28.2171
331007611.012 2289.06 235.671 61.5985 95.5381 45.3689 44.5586 139.693 88.3125 17.525
332832595.499 1612.85 235.966 61.5101 95.3283 45.2921 49.6271 243.66 87.6584 18.9167
333326876.681 1812.28 236.009 61.4866 95.285 45.2864 7.74571 131.322 42.6261 343.882
335333295.312 1628.17 235.402 61.3589 95.337 45.6012 21.9158 315.846 62.7903 4.27874
336031048.945 1986.5 235.608 61.4366 95.361 45.4769 35.3211 115.992 84.1373 24.9711
340538409.121 1751.77 236.016 61.5088 95.3098 45.2724 46.4277 97.0478 76.9437 29.2776
341459473.613 2061.04 235.758 61.3911 95.2532 45.4379 41.5702 13.048 88.2558 343.42
342616284.131 1889.7 235.488 61.5647 95.5599 45.461 28.6601 336.61 54.7414 329.088
343567086.043 1649.63 236.071 61.3984 95.1554 45.305 16.6538 312.314 39.4236 354.736
349476809.606 2133.59 236.008 61.3556 95.1239 45.3523 49.1274 97.5203 69.3363 12.4897
350916671.218 2321.31 235.796 61.5215 95.4006 45.3565 14.5946 139.627 64.3934 337.962
353798175.88 1875.06 236.089 61.5089 95.2851 45.2422 9.19658 326.282 57.8986 26.2342
353981527.79 1679.03 236.106 61.5227 95.2964 45.2282 13.4138 339.815 63.148 26.3044
355216068.076 2206.29 235.489 61.6495 95.6635 45.4173 26.2483 142.797 75.6275 331.05
355266199.728 2459.47 235.567 61.4631 95.4079 45.4805 36.4171 25.1566 83.5288 2.7852
356596401.148 2331.69 236.174 61.4305 95.1598 45.246 11.5024 212.909 39.0119 347.014
357879276.639 2069.08 235.538 61.4082 95.3503 45.52 12.2607 214.784 46.4008 25.3793
363472604.177 2382.17 235.539 61.4531 95.4051 45.4969 21.8325 244.789 71.8323 26.3986
365439561.578 1850.9 235.801 61.6076 95.5045 45.3108 9.59282 201.308 46.6015 351.963
365807389.269 1728.18 235.452 61.3909 95.3591 45.5645 47.2026 70.8675 71.7445 329.865
368075362.267 1936.72 235.36 61.4706 95.4892 45.5617 32.085 281.728 79.2019 4.15098
368775151.465 2005.75 235.449 61.4602 95.4452 45.5303 33.3244 292.092 83.3086 342.552
372933351.997 2134.43 235.906 61.3525 95.155 45.3961 31.9977 97.553 81.6343 28.9404
376017200.959 1851.32 235.497 61.4013 95.3564 45.5408 11.5852 304.28 39.9485 5.73121
376171065.228 2279.39 235.778 61.5234 95.4089 45.3628 44.5402 75.8389 55.6395 31.2651
377556716.761 1692.69 235.999 61.5476 95.3632 45.2598 35.9756 25.4902 85.417 25.531
378321360.956 1811.72 235.61 61.6545 95.6278 45.3654 21.994 185.816 71.7345 338.429
378354922.806 1928.51 236.008 61.5337 95.3432 45.2633 34.4942 113.363 80.6902 0.623669
380154957.664 2423.8 235.539 61.5458 95.519 45.4498 47.4378 248.909 69.1674 332.761
380297181.456 1845.82 235.819 61.5718 95.4545 45.3217 40.8168 117.639 36.8497 0.194067
380510195.32 2157.02 235.945 61.4989 95.322 45.3067 54.163 237.132 79.8416 334.51
380543892.379 1640.45 235.532 61.4542 95.4089 45.4992 27.4629 208.306 50.5849 345.629
381694799.63 1724.05 235.648 61.4213 95.3286 45.4684 23.6139 111.99 70.0819 10.688
381808639.726 2393.31 235.695 61.4734 95.3762 45.4223 19.9745 26.8277 69.8005 27.3554
382198168.943 2094.09 235.337 61.6016 95.6574 45.5036 32.5743 33.4704 82.5672 26.7081
383151307.21 1841.77 235.847 61.5651 95.4367 45.3136 24.5719 318.77 64.3793 332.406
387076503.397 2083.99 235.817 61.4548 95.3113 45.3814 39.8659 172.664 89.6033 336.692
387928928.008 2059.09 235.986 61.5682 95.3932 45.255 10.6428 127.284 58.9139 333.316
388340462.888 1761.7 235.664 61.393 95.2882 45.4761 20.5862 307.855 54.7281 1.01931
389061463.855 1766.01 235.659 61.5091 95.4325 45.4191 41.5297 253.795 63.2417 24.4372
390137855.466 2422.79 235.587 61.7042 95.6963 45.3492 34.7105 215.015 64.6747 31.3029
390470093.058 2430.46 235.656 61.683 95.6467 45.332 24.8143 216.199 63.0253 31.5107
391199250.222 2159.45 236.036 61.5367 95.3372 45.25 41.4021 44.28 89.3545 348.316
391363517.966 1848.08 235.711 61.4458 95.3368 45.4299 32.7899 252.606 82.6258 28.7974
392231164.564 1601.18 235.675 61.4526 95.3575 45.4412 22.0413 94.4108 69.99 330.06
392368291.038 2250.92 235.768 61.4211 95.287 45.419 14.1134 65.3855 63.4658 333.114
393420597.703 2407.91 236.061 61.4904 95.2721 45.2631 40.764 234.579 64.2453 20.9841
394119551.707 1982.69 235.716 61.5531 95.4667 45.3733 24.1644 88.3947 42.3016 21.7859
395642970.52 2204.27 235.932 61.3546 95.1486 45.3843 22.6319 278.204 71.9316 18.9252
397220415.597 2307.89 235.843 61.5359 95.4023 45.3301 40.0793 83.0964 77.7887 333.034
397642454.207 2489.09 236.127 61.3931 95.1296 45.2842 20.5126 205.649 52.079 2.71418
398261403.316 2477.08 235.312 61.5442 95.5959 45.5433 17.6241 67.8466 39.3794 342.664
399640441.815 1963.84 235.792 61.4797 95.3508 45.3795 10.8485 130.738 54.5469 27.9635
401721086.855 1739.54 235.936 61.516 95.346 45.3018 8.61341 311.218 58.325 335.659
402362306.937 1605.76 236.022 61.6241 95.4495 45.212 11.9532 30.2678 44.3912 337.068
402396485.233 1599.13 235.588 61.5171 95.4668 45.4443 8.31967 58.8795 42.2085 343.74
405581591.362 2085.68 235.598 61.6423 95.617 45.3765 33.4816 292.0 83.3344 331.442
407687553.797 1990.06 236.157 61.4798 95.2265 45.2287 15.3622 325.917 36.6812 353.228
409181207.234 1772.59 235.743 61.4912 95.3816 45.3938 23.2407 136.708 63.0478 21.0644
410477679.942 2033.61 235.654 61.6435 95.5991 45.353 47.8415 147.051 79.1899 332.848
411889956.433 2112.98 235.519 61.4273 95.3807 45.5186 39.1516 149.259 41.9958 7.56256
412297082.284 2072.8 235.652 61.6441 95.6004 45.3535 27.5122 243.127 47.0935 338.497
413234541.166 2094.62 235.702 61.3053 95.1672 45.5047 19.2495 313.249 54.2187 30.9039
413920819.566 1690.41 235.678 61.3344 95.2112 45.4999 30.7353 303.563 76.4392 28.3963
416533488.453 1872.37 236.002 61.3893 95.1677 45.3381 20.3476 212.731 42.2768 337.324
419706078.917 2309.16 235.43 61.5006 95.5015 45.5176 38.9289 188.624 84.9559 339.197
420140200.313 2369.34 235.531 61.6091 95.5992 45.4206 47.1335 121.158 63.4736 328.844
424072412.077 1712.58 235.302 61.4487 95.4825 45.5965 33.3101 104.558 82.2203 332.575
424175474.186 1701.29 236.149 61.5978 95.3741 45.1729 32.4872 112.01 80.4113 333.029
425753984.813 2211.32 235.953 61.5993 95.4424 45.2528 34.0769 97.0939 54.9502 331.344
426823479.847 1704.85 235.477 61.3471 95.2966 45.5766 73.2231 331.188 56.1226 351.393
430315491.3 1731.99 235.548 61.4299 95.3735 45.5049 62.0507 61.4652 89.1526 331.928
430801085.653 2446.78 235.634 61.4516 95.3704 45.4585 56.4 312.73 62.2137 335.085
435419105.644 2265.37 236.055 61.4273 95.1963 45.2969 55.4116 278.68 89.5999 331.759
440092276.147 1828.48 235.871 61.5105 95.3615 45.3313 39.5153 273.197 61.0634 337.362
443768963.572 2074.46 235.669 61.6225 95.5679 45.3573 33.029 51.5204 56.3641 13.8221
445872846.473 1892.78 235.794 61.4773 95.347 45.3797 16.2461 345.362 64.2703 29.2111
446421056.702 2438.32 235.743 61.6927 95.6286 45.2915 35.7531 298.544 85.1697 25.0629
446535613.711 1699.63 235.589 61.3709 95.2868 45.5181 37.0665 314.521 86.9048 27.4699
446968493.212 1965.11 235.757 61.5838 95.4903 45.341 39.4051 234.448 88.1039 342.377
447097952.378 1603.47 235.338 61.5617 95.6085 45.5239 31.7248 84.2165 80.0197 352.883
451340771.606 2494.9 235.51 61.6023 95.5982 45.4327 36.6797 41.9008 86.6073 356.534
451512857.59 1807.34 235.473 61.5623 95.562 45.4682 31.0073 72.5465 80.8464 340.716
452803590.629 2168.04 235.702 61.5397 95.4553 45.3861 49.2656 264.196 78.5895 21.3988
455033837.512 1880.94 235.578 61.5944 95.565 45.409 21.4018 357.154 67.0186 10.1948
457138441.975 1995.07 235.591 61.4822 95.4229 45.4608 4.39753 244.483 48.498 345.494
458601623.213 1731.11 235.669 61.4835 95.3977 45.4282 18.0827 60.6873 43.1751 355.131
459155257.725 2475.4 235.708 61.5128 95.4201 45.3972 14.498 50.7435 52.0498 27.6629
461859927.822 2262.05 235.776 61.6647 95.5829 45.2921 26.0036 192.746 56.4143 6.98367
464031842.402 2058.63 235.635 61.5938 95.5448 45.3861 10.5619 243.422 58.7131 17.313
464224917.804 1662.32 235.508 61.6426 95.6484 45.4131 35.0981 80.3554 78.388 26.1991
466227972.29 1951.27 236.072 61.3926 95.1476 45.3072 2.19147 156.199 49.5871 342.832
466809976.821 2195.23 235.827 61.4774 95.3358 45.366 36.7352 95.5693 59.9974 19.4944
467165347.386 2483.06 235.611 61.5705 95.5245 45.4077 25.521 346.261 41.7139 340.71
468746316.332 2140.42 235.635 61.5162 95.4495 45.4255 40.5026 29.4673 82.7135 23.0908
470298317.818 1684.58 236.064 61.6421 95.4573 45.1858 15.3385 262.359 64.6274 332.657
470880890.503 1755.77 235.832 61.6077 95.4941 45.2983 3.74483 331.43 48.0293 339.307
470995689.319 2461.55 235.756 61.5888 95.497 45.3391 26.5068 312.384 56.8861 328.46
472377440.712 1909.0 235.907 61.4168 95.2339 45.3635 10.435 329.885 40.1682 16.4026
472446883.373 2375.67 236.097 61.4944 95.2644 45.2459 35.5516 250.319 60.748 343.748
473577922.272 2276.32 236.049 61.5659 95.3687 45.2299 30.2574 142.44 77.0682 6.61253
474448089.072 1982.95 235.452 61.6408 95.6656 45.4369 29.1161 215.007 78.9375 331.784
474835621.023 2079.65 235.589 61.5491 95.5057 45.4275 27.5535 103.866 72.8524 354.684
475579473.237 1587.74 236.023 61.482 95.2744 45.2828 23.8321 258.607 54.364 328.87
478624444.101 2279.13 235.519 61.3952 95.3409 45.5345 36.2646 77.8392 86.183 7.88699
478726888.529 1614.01 236.093 61.6156 95.4149 45.1871 38.5775 45.7339 88.5081 19.6467
479329849.562 2097.28 236.004 61.4059 95.1872 45.3287 42.9901 236.842 87.9096 342.386
480578229.501 2447.72 235.888 61.5818 95.4432 45.2883 52.2848 276.868 77.9084 25.1994
481584574.804 2225.9 235.364 61.6103 95.6588 45.4882 10.7056 221.857 41.2919 18.0259
482007215.99 2101.76 236.037 61.4573 95.2393 45.2894 6.12291 253.836 49.9882 24.2494
483012724.499 1698.24 235.48 61.5947 95.5993 45.4487 30.0541 311.536 80.12 25.3584
483459856.429 1936.24 236.054 61.3842 95.1434 45.3188 33.9331 52.8364 83.7532 347.157
483678112.592 2431.33 235.651 61.5669 95.5061 45.3929 27.9899 132.441 77.8371 330.859
483843222.279 1628.3 235.674 61.4727 95.3826 45.4315 28.0111 130.83 69.9083 335.638
483912271.333 2420.33 235.89 61.4448 95.274 45.3565 70.8027 106.958 70.5543 329.889
484072896.77 1919.53 235.905 61.6115 95.4739 45.2665 40.1564 175.959 82.214 336.567
484088364.78 1595.12 235.3 61.5212 95.5721 45.5603 20.8584 359.27 66.5221 350.124
484615157.281 1687.8 236.11 61.4055 95.1508 45.2852 27.9388 157.107 65.5229 328.436
485219313.497 1623.79 235.955 61.6636 95.5205 45.2194 23.1921 242.067 45.5279 13.0345
485984884.95 1786.91 235.404 61.5584 95.5815 45.4987 15.3508 189.758 40.5043 19.7751
486533825.718 2365.72 235.98 61.5088 95.3221 45.2872 17.0245 55.5924 53.0461 3.11375
491265184.779 2511.77 235.501 61.36 95.304 45.5601 10.9099 337.77 53.8108 11.1707
492661354.409 2249.4 235.59 61.4673 95.4051 45.4688 33.0278 26.9968 82.6759 331.281
492901368.467 1796.93 235.745 61.4543 95.3357 45.4117 27.9991 36.8428 76.342 330.608
494350683.556 2220.42 235.385 61.4716 95.4817 45.551 36.3883 137.086 58.4608 20.7786
497711806.976 1705.5 235.883 61.5455 95.4001 45.3086 17.2513 246.54 66.0591 342.337
498619745.281 2314.33 235.884 61.5057 95.3512 45.3285 18.2599 107.216 46.8165 3.24815
499876439.475 2220.63 235.489 61.4429 95.4102 45.5229 26.4241 258.882 41.1102 17.7271
501471382.456 1862.99 235.763 61.5244 95.4156 45.3689 38.2738 210.209 88.0668 350.133
502066307.704 1828.55 235.432 61.5506 95.5619 45.4909 22.2613 243.925 72.2535 333.924
502077172.255 1627.11 235.302 61.4741 95.5137 45.5837 25.9997 184.114 74.6185 345.957
502831618.277 2160.31 235.387 61.4039 95.3978 45.5845 4.46165 304.632 49.582 337.406
502831871.133 2397.28 236.062 61.6311 95.4443 45.1919 14.2954 304.374 52.6968 331.275
503578792.981 1775.74 235.417 61.4401 95.4318 45.554 11.4748 260.601 61.0964 23.2228
506786887.332 1939.72 235.744 61.3205 95.171 45.4796 36.4955 267.706 81.115 335.238
506889260.432 2114.82 235.515 61.6004 95.5941 45.4317 25.1004 246.737 70.1904 329.64
507014783.23 1815.8 235.877 61.3267 95.1329 45.4212 20.8962 243.116 64.8701 328.916
507698754.186 1958.85 235.401 61.4323 95.4275 45.5643 34.2367 21.7667 61.7701 14.1311
508954606.765 1753.73 235.78 61.4377 95.3029 45.4057 56.2736 275.252 84.3748 27.9291
509354243.155 2394.16 235.314 61.4456 95.4742 45.5932 55.3761 264.077 89.5634 23.5467
509881474.758 1649.23 235.94 61.523 95.3531 45.2968 19.4527 95.8438 65.2016 11.4662
510441969.904 1715.9 235.648 61.5982 95.5455 45.3786 38.5512 104.696 87.4588 354.173
510509017.367 2490.5 235.976 61.5436 95.3659 45.2712 39.11 296.125 83.114 28.3821
510992560.204 1840.95 235.797 61.5008 95.3745 45.3665 39.802 225.751 88.591 343.022
511024260.248 1931.2 235.817 61.5443 95.4211 45.3364 39.4723 53.6007 88.105 8.56764
512750534.533 1749.17 236.099 61.6098 95.4055 45.1875 18.2682 183.492 41.4562 339.412
513845538.494 2074.83 235.354 61.4352 95.4477 45.5823 44.959 235.437 75.4959 29.0978
514153900.787 1955.85 236.062 61.6034 95.4104 45.2061 41.3127 229.281 77.7363 27.114
515104263.833 1704.23 236.167 61.5187 95.2707 45.2052 37.9961 51.4439 87.5255 354.614
516601908.227 2247.54 235.892 61.6071 95.4726 45.2739 16.3531 147.729 52.3727 330.731
516670115.52 1685.94 235.704 61.5662 95.4869 45.3718 4.9523 176.73 46.5317 339.993
516978223.86 2099.59 236.108 61.4576 95.2155 45.2602 12.3788 236.226 41.6815 356.732
517560993.698 1747.5 235.966 61.4289 95.2284 45.3331 19.9809 158.188 36.4789 353.472
517845911.248 2227.6 235.629 61.3685 95.2701 45.5031 25.5876 206.902 46.6412 26.142
518062838.62 1808.43 235.555 61.3791 95.3087 45.5282 26.9797 201.099 50.7765 29.6076
518063336.225 1828.95 235.748 61.6524 95.5775 45.3101 10.9294 157.527 39.5829 13.7124
518715785.056 1684.17 235.307 61.5145 95.5612 45.5607 25.3296 52.9661 89.4528 339.45
521423049.168 1698.55 235.599 61.6621 95.6407 45.3661 22.8867 209.389 50.5981 5.5487
521481733.932 2312.36 235.887 61.3711 95.1844 45.395 46.4164 99.6552 74.7987 330.295
521686800.312 1658.03 235.938 61.6422 95.5001 45.2374 30.0412 97.4443 51.6997 330.865
521835266.512 2309.78 235.692 61.3185 95.1866 45.5022 29.9689 84.0973 50.5729 331.961
522223011.941 1872.46 235.457 61.4263 95.4009 45.5446 14.2395 109.72 35.9569 0.210739
524693179.841 1841.72 235.626 61.3923 95.3001 45.492 36.5301 53.3324 85.5162 335.894
524726828.508 1759.92 235.494 61.3885 95.3415 45.5487 29.9444 9.76062 79.6694 331.099
525172446.938 2021.56 235.77 61.3467 95.1943 45.4555 21.9134 32.1526 67.9277 329.321
525937130.658 1592.17 235.692 61.466 95.3681 45.4276 6.48651 101.531 43.6565 343.89
525949728.397 1847.06 235.423 61.5363 95.5474 45.5021 50.2697 56.6211 79.749 331.922
527583091.816 1921.1 235.64 61.4343 95.3471 45.4651 56.5975 330.47 89.8186 336.198
531661904.971 2178.32 236.034 61.5218 95.3195 45.2585 36.7738 303.237 59.01 339.821
532323482.588 1874.93 235.729 61.5856 95.502 45.3517 0.243808 202.15 50.0721 19.4561
532426138.544 2379.06 235.648 61.6341 95.5893 45.3602 5.30885 76.9312 53.121 24.2042
532678630.372 2130.96 235.32 61.4687 95.5005 45.5789 40.3547 249.581 80.8815 349.925
533626634.447 2438.83 235.952 61.5237 95.3498 45.2915 36.971 165.8 86.8718 359.31
533742962.977 2509.9 235.641 61.5261 95.4594 45.4181 38.506 307.856 88.0058 338.16
533914309.554 1775.91 235.855 61.667 95.5588 45.259 36.4842 311.814 84.8579 337.426
535808625.021 1802.23 235.887 61.6671 95.5477 45.2456 21.7043 10.8663 42.0703 17.2269
536110926.956 1710.98 235.662 61.5133 95.4366 45.416 33.6848 21.7898 54.8855 28.728
536739353.671 2274.54 235.827 61.4638 95.319 45.3732 23.0184 44.7779 50.5626 28.7944
537436011.759 1602.4 235.994 61.6763 95.5229 45.1974 18.6597 30.0177 67.3856 29.0201
538381532.331 2121.81 235.682 61.6181 95.5579 45.3542 34.2223 238.13 83.6285 332.619
538541330.11 1731.25 235.906 61.529 95.3718 45.3076 29.331 232.447 78.1363 330.986
538553093.546 2101.1 235.966 61.4616 95.2687 45.3168 34.3054 254.666 82.1273 334.553
541115557.649 1748.48 235.441 61.4615 95.4496 45.5331 17.1167 286.195 47.0013 27.3974
541675252.759 2415.09 235.677 61.5287 95.45 45.4018 9.78154 326.566 56.8075 27.2497
542348966.169 2048.01 235.51 61.5375 95.5188 45.466 28.131 330.875 77.9555 28.6819
546798862.491 2115.34 235.51 61.4248 95.3803 45.5234 30.2713 244.526 78.3498 28.4164
546977100.495 2210.8 235.935 61.4065 95.2114 45.3572 30.7472 342.681 80.4627 17.0047
547251957.383 1715.65 235.768 61.5077 95.3932 45.3754 37.0916 28.3995 87.09 356.765
549222561.031 1844.89 235.386 61.3995 95.3926 45.5873 20.0853 227.719 42.4914 10.0487
549269715.513 2114.36 235.728 61.2918 95.1412 45.5006 51.3876 123.121 74.7449 330.43
549788113.656 1729.65 235.444 61.51 95.5079 45.5071 13.6901 164.428 36.8293 8.7707
550239617.197 1616.8 235.654 61.3866 95.2835 45.4834 18.1499 77.238 47.0252 357.812
550245166.322 2397.44 235.832 61.5605 95.4361 45.3222 12.0743 85.9461 43.9983 4.75386
551512114.274 2104.71 235.889 61.3838 95.1993 45.3878 30.0065 228.198 79.6091 29.1195
551621775.709 2271.53 235.536 61.6605 95.6603 45.3923 34.185 306.636 83.858 10.3515
553290364.578 1988.1 235.63 61.5649 95.5108 45.4027 11.7265 220.976 47.2255 354.39
553341985.702 1909.33 235.695 61.4501 95.3473 45.4343 6.20469 162.792 43.8833 345.317
553679705.99 1812.39 235.945 61.4925 95.3138 45.3099 38.743 83.0818 61.5748 329.465
554009688.389 1905.88 235.703 61.3458 95.2162 45.4837 46.0358 277.694 41.1398 14.8708
554245280.04 1707.27 235.81 61.3657 95.204 45.4293 52.8338 65.3664 75.8152 332.458
555683622.097 2044.81 235.615 61.3411 95.241 45.5226 26.7358 302.223 71.7644 5.94136
556958366.894 2313.52 235.922 61.59 95.4413 45.2702 21.5126 303.66 71.0806 340.132
557130193.972 1710.66 235.837 61.5365 95.4046 45.3321 17.5068 4.52119 66.0131 331.14
558870694.339 2325.63 235.847 61.3555 95.1788 45.4194 31.5086 97.4705 51.6233 27.2223
559132656.319 2373.59 235.835 61.3725 95.2037 45.4156 57.054 77.9964 84.1303 28.3636
559191203.854 1668.72 235.813 61.5808 95.4675 45.3198 12.4999 10.7682 40.2447 3.51127
559715770.054 1710.64 235.324 61.434 95.4566 45.5952 22.3476 82.2321 57.6924 31.6668
562286808.03 1859.22 235.649 61.6661 95.6283 45.3436 48.0397 100.783 81.4377 18.7586
567217092.901 1670.61 235.819 61.6209 95.5144 45.2968 30.5645 83.4959 53.6571 11.9215
571491259.373 1884.99 235.694 61.7062 95.6618 45.3047 23.0177 229.788 54.7839 329.188
572414862.42 2195.06 235.498 61.678 95.6948 45.399 38.0308 304.089 58.6593 26.5335
574276155.149 2393.88 235.893 61.6173 95.4848 45.2685 31.7072 284.235 80.3331 27.5108
575176462.55 1942.83 235.669 61.6644 95.6191 45.336 31.2092 189.594 78.6735 332.356
577528103.026 2215.67 235.76 61.4971 95.3829 45.384 13.6256 145.343 41.8784 1.92482
577693983.63 1635.77 235.51 61.564 95.5512 45.4525 23.8322 116.84 52.1386 353.434
578937767.814 1837.05 235.607 61.4408 95.3665 45.4754 29.6443 269.379 79.4356 28.8774
579910267.026 2014.58 235.707 61.4641 95.3606 45.4225 29.882 333.14 75.4193 356.671
580572606.141 1745.33 235.571 61.5644 95.5303 45.4271 29.0615 275.183 61.8131 7.13695
581630240.95 1818.63 235.994 61.5689 95.3909 45.2512 35.4082 104.597 55.2358 335.987
584504552.477 1600.08 235.969 61.3788 95.1656 45.3568 32.5021 95.2071 76.8383 332.126
584765003.109 1848.85 235.362 61.3961 95.3968 45.5991 59.2575 268.734 85.0018 15.0136
586495870.557 2007.66 235.686 61.6314 95.5728 45.3459 17.1549 129.463 41.4058 21.3902
589118501.264 2242.99 235.995 61.6404 95.4785 45.215 43.0126 279.114 69.4813 350.929
