260651196.453 10018.6 235.811 61.4166 95.2666 45.4035 31.3689 278.147 52.3085 29.3166
262638040.53 12866.4 235.847 61.4644 95.313 45.3644 52.1006 108.36 87.0021 331.726
265991248.294 14086.7 235.792 61.4808 95.3519 45.3787 28.8221 232.234 58.6412 31.41
272296876.038 11270.1 235.729 61.5167 95.4176 45.3865 35.3467 303.385 73.8157 343.377
272298674.915 13196.7 235.856 61.5031 95.3572 45.341 52.5192 73.5933 89.2071 345.001
272933138.031 14349.9 235.724 61.5073 95.408 45.3936 27.1107 251.544 59.2237 356.899
273276470.513 10656.8 235.678 61.4367 95.3371 45.4482 52.6987 191.993 77.7238 19.9153
275789033.397 14978.6 235.693 61.4578 95.3578 45.4313 21.262 218.048 70.095 17.336
277602479.497 12013.4 235.777 61.4944 95.3737 45.378 11.4519 163.063 53.3326 350.122
279197214.061 10009.8 235.744 61.4668 95.3513 45.4057 32.0176 299.558 55.4327 343.515
285550534.55 11026.0 235.704 61.4426 95.3354 45.4345 38.4532 16.0174 88.3336 27.8386
299525975.104 10410.1 235.733 61.5552 95.4636 45.3654 38.6165 69.7662 88.4556 331.877
341722364.487 11770.9 235.797 61.5703 95.46 45.3313 24.5632 332.639 69.6806 329.524
357433102.033 13321.4 235.747 61.4989 95.3894 45.388 21.5181 137.23 43.7162 349.294
357776236.032 10095.3 235.721 61.4709 95.3643 45.4132 11.0915 206.189 43.5827 21.9909
360678778.941 12440.2 235.772 61.4547 95.3269 45.4004 59.0706 126.732 88.8368 336.75
365874195.728 12750.3 235.744 61.5169 95.4128 45.3803 40.1377 176.512 63.22 21.5089
371535579.597 11507.0 235.791 61.4577 95.3237 45.3907 31.2739 68.1821 57.3752 31.4244
374779852.076 11424.8 235.796 61.4789 95.3483 45.3781 14.4044 81.9645 45.4828 358.548
376362040.397 12289.8 235.752 61.4952 95.3836 45.3881 54.3443 266.777 86.7625 337.335
377863700.444 11407.6 235.789 61.5468 95.4341 45.3466 37.6306 247.996 87.5417 331.519
380120275.591 14733.6 235.793 61.4937 95.3674 45.3719 34.3255 248.522 53.9237 335.215
388599969.257 10438.9 235.716 61.5244 95.4314 45.3878 57.1994 180.36 87.2475 333.623
390671067.829 14902.1 235.651 61.4519 95.3651 45.4517 8.98577 293.854 58.9642 24.034
393216181.298 11056.4 235.643 61.4996 95.4263 45.4304 35.0473 115.761 61.1524 328.532
393330060.608 12932.3 235.735 61.4807 95.3716 45.4025 12.7691 138.038 41.2074 340.547
394193886.436 11139.9 235.939 61.5207 95.3506 45.2981 23.8461 176.459 45.5267 25.4243
398352575.058 10096.7 235.775 61.4253 95.2894 45.4136 16.024 123.145 37.4687 6.79045
401285843.365 14253.1 235.619 61.4923 95.4257 45.4441 22.336 296.406 72.3046 337.008
412313937.926 12506.7 235.737 61.5171 95.4155 45.3832 17.0142 259.979 37.9113 349.966
412892700.533 12050.3 235.761 61.5168 95.407 45.3735 44.5867 210.305 70.8055 339.736
412920399.881 10646.4 235.781 61.4844 95.3603 45.3817 9.75148 232.005 41.9698 8.48105
418460720.618 10404.7 235.642 61.5191 95.4507 45.4212 19.8785 286.99 68.0144 29.7891
418814790.851 15122.8 235.551 61.5361 95.5031 45.4499 36.4029 246.347 85.0159 22.8017
429462469.157 15645.9 235.61 61.523 95.4663 45.4321 58.8135 290.691 60.1524 328.56
430507855.852 13934.6 235.729 61.4921 95.3875 45.3991 4.70594 237.94 53.5077 23.365
430507889.241 13913.1 235.814 61.5087 95.3789 45.3558 12.2559 300.709 52.1352 22.817
440514852.158 12103.4 235.717 61.5514 95.4642 45.3737 16.8918 247.588 47.1204 359.416
444084423.001 10363.5 235.766 61.46 95.3352 45.3999 21.8137 255.878 43.2479 336.635
447310091.097 13478.4 235.623 61.4666 95.3927 45.4556 18.0703 118.998 67.7611 338.346
452015766.018 13352.9 235.776 61.4311 95.2963 45.4103 19.1297 20.0848 66.1881 346.945
454198451.873 12985.8 235.769 61.5297 95.42 45.3636 28.1547 207.68 54.88 31.101
463711812.572 12466.3 235.771 61.4966 95.3788 45.3796 4.08388 312.43 49.5652 15.6455
470425058.626 14005.3 235.746 61.5099 95.4036 45.383 43.3692 334.766 84.3469 337.776
470903972.612 11995.9 235.688 61.593 95.5254 45.3647 13.0252 312.808 50.2328 332.54
474688024.501 12206.1 235.744 61.5835 95.4945 45.3466 21.2576 211.285 70.7883 331.859
475430294.233 10231.2 235.886 61.473 95.31 45.3438 4.74337 42.1414 48.7267 345.778
475453835.543 13046.0 235.902 61.4511 95.2778 45.3483 24.078 259.2 57.3343 328.325
482076856.413 12085.3 235.846 61.5034 95.3613 45.3452 37.1335 110.911 71.4548 349.509
484009423.865 14693.0 235.842 61.5374 95.4045 45.3298 58.391 110.965 68.6784 329.555
484512125.178 15141.8 235.847 61.5098 95.3688 45.3416 27.9047 157.95 59.6136 328.24
486224511.41 13109.1 235.867 61.5729 95.4394 45.3015 22.5881 200.861 50.2489 29.6066
493073559.207 11558.6 235.647 61.4382 95.3495 45.4601 45.2082 81.2888 89.9363 344.591
498826710.29 10996.6 235.8 61.4485 95.3095 45.3917 45.1592 352.217 69.0971 329.712
509697542.668 13472.0 235.624 61.5343 95.4752 45.4207 28.2763 285.697 67.7822 30.9871
517379438.169 11143.7 235.78 61.4751 95.3489 45.3867 74.2239 100.049 83.6329 331.283
523239734.401 12636.0 235.877 61.5518 95.4098 45.3079 12.7769 338.301 54.2028 9.15019
529252201.776 10370.0 235.646 61.5096 95.4375 45.4246 34.8725 349.195 84.1437 333.464
530166372.914 15774.0 235.656 61.4369 95.3447 45.4573 49.0365 19.7642 84.7863 335.779
534302320.401 12499.3 235.823 61.4448 95.2967 45.3841 28.2545 301.952 72.5801 330.147
536792518.47 13872.7 235.728 61.5234 95.4262 45.3837 55.2885 237.482 89.4717 337.174
538883092.525 10419.2 235.925 61.5176 95.3514 45.3055 16.5514 127.109 65.0042 342.983
540819015.738 13052.1 235.648 61.4184 95.3246 45.4698 11.9465 246.032 38.0386 8.43537
542349149.658 12633.2 235.775 61.4645 95.3374 45.394 27.4139 351.252 77.4232 27.3301
542865471.872 13504.4 235.649 61.4773 95.3966 45.4393 33.5069 134.372 83.4251 333.748
547327075.818 11590.3 235.665 61.5273 95.4527 45.4077 36.836 84.2122 86.7593 335.021
559710069.309 14790.5 235.677 61.5106 95.4279 45.411 22.0742 82.9053 57.5272 31.5402
564309011.862 10440.5 235.607 61.551 95.5016 45.4193 6.61262 44.9332 50.8494 24.816
568520004.2 10057.6 235.671 61.4382 95.3412 45.4504 25.415 225.831 52.63 351.547
572073997.173 14579.1 235.641 61.5592 95.5001 45.4013 44.0816 219.933 64.5627 330.168
573672240.108 10960.5 235.741 61.5096 95.4047 45.3853 18.4897 140.697 62.5368 4.98986
575329338.405 14573.6 235.655 61.5414 95.4734 45.4045 42.4743 86.5066 70.649 347.524
