256029374.951 4748.66 235.827 61.444 95.2948 45.383 46.2683 187.49 65.4922 337.391
259895215.212 4455.41 235.875 61.4405 95.2739 45.3647 9.56862 144.896 39.003 343.25
260674958.254 5860.37 235.672 61.5659 95.4977 45.3851 11.0841 103.88 40.1683 358.341
260937423.119 6074.86 235.788 61.4595 95.3271 45.3911 51.0742 255.589 72.6467 30.0258
263509218.344 4141.74 235.782 61.4181 95.2785 45.4147 19.9131 45.5442 58.5028 341.314
265951585.05 5695.63 235.736 61.5341 95.4367 45.3748 15.8021 287.235 50.7344 21.6235
270208924.665 5380.26 235.824 61.4784 95.3382 45.367 41.9067 14.6567 65.968 343.706
270282295.339 6237.69 235.746 61.502 95.394 45.3872 13.3711 191.843 46.5872 25.4515
270293084.827 4164.04 235.568 61.5533 95.518 45.4339 43.3095 148.803 68.2617 30.8211
270908529.329 4396.46 235.907 61.5342 95.3782 45.3046 46.2512 325.44 79.2923 351.874
273364090.523 4461.81 235.784 61.5307 95.4159 45.3569 22.2841 21.0953 50.2396 330.484
273656041.814 5904.75 235.618 61.4497 95.3736 45.4661 4.00842 72.6608 38.4921 348.834
274963200.693 4646.57 235.751 61.5364 95.4343 45.3675 4.89085 2.34197 45.7495 14.6418
278038096.441 5753.16 235.648 61.511 95.4386 45.4227 17.856 104.133 46.6089 2.52645
281938551.825 5362.29 235.711 61.5439 95.4572 45.3801 28.4627 116.43 69.597 359.763
282146121.097 5788.6 235.649 61.5747 95.5165 45.3901 17.043 296.059 57.693 329.554
282409847.113 4093.59 235.653 61.4994 95.4225 45.4264 19.09 303.15 52.798 329.781
282890794.199 5818.77 235.766 61.4037 95.266 45.4283 13.8291 18.1463 39.4194 359.389
283406584.546 4045.55 235.674 61.5103 95.4287 45.4123 20.8756 3.35371 41.185 18.5906
286527663.501 5458.94 235.699 61.5118 95.4219 45.4012 16.8186 99.2512 62.4561 348.075
288924565.695 4224.12 235.752 61.5772 95.484 45.3463 8.70146 147.756 49.7471 10.7257
290038059.763 4569.56 235.84 61.5779 95.4548 45.3101 40.1575 109.154 89.5052 347.06
290715761.691 5354.84 235.608 61.5359 95.4828 45.4263 25.174 159.467 74.4501 330.846
291804909.58 5274.62 235.764 61.4885 95.3711 45.3865 14.1022 201.678 45.9085 334.498
292256973.823 6101.64 235.576 61.5015 95.452 45.4573 37.0976 146.246 48.1009 16.8719
293880377.164 5601.12 235.921 61.5174 95.3528 45.3073 21.1172 61.6186 63.529 6.11025
325126432.445 4977.61 235.673 61.4275 95.3273 45.4547 17.8526 156.383 40.1265 352.889
331433298.775 4597.68 235.841 61.5797 95.4565 45.3085 28.9776 265.457 78.9736 23.5496
338395398.0 5122.59 235.812 61.4077 95.2551 45.4073 14.5752 87.5158 37.5097 1.72928
344133099.127 5378.56 235.819 61.5658 95.4471 45.3248 41.1071 21.0881 71.6397 30.0168
348661841.251 4322.95 235.771 61.4582 95.3312 45.3987 40.2101 317.375 69.1985 30.7312
350641650.371 4879.11 235.592 61.569 95.5291 45.4162 23.5489 152.273 73.4475 336.33
360449529.21 5117.72 235.673 61.4304 95.331 45.4534 45.9927 145.939 84.3287 336.413
373416940.964 5579.18 235.834 61.5274 95.3947 45.3379 31.381 262.983 81.4163 336.416
377544823.444 5472.09 235.712 61.4181 95.3026 45.4436 40.013 350.982 89.2337 16.2962
382595804.877 5412.5 235.846 61.4755 95.327 45.3592 32.5988 175.843 82.4625 332.037
388455476.988 5408.75 235.709 61.5704 95.4904 45.3674 5.03402 230.835 44.977 343.493
399549112.593 4738.7 235.778 61.5564 95.4496 45.3464 0.52414 168.33 50.3268 20.0519
400987069.455 4883.74 235.755 61.4906 95.3768 45.3892 37.6381 244.902 87.1073 4.17795
403517380.799 5313.36 235.538 61.4895 95.4502 45.4788 42.6042 66.9103 66.3365 30.423
406415473.76 6073.43 235.669 61.516 95.4374 45.4115 50.247 93.8621 89.3488 19.2882
406862022.999 4474.62 235.758 61.5314 95.4258 45.3674 51.5853 79.4983 82.6167 21.8313
410105894.969 5924.88 235.683 61.4023 95.293 45.4633 37.4021 270.028 89.4286 339.467
410174529.354 5414.99 235.868 61.4597 95.3001 45.3582 32.0867 242.685 87.5934 337.901
416681866.394 5312.31 235.584 61.4944 95.4405 45.4576 41.6508 111.905 36.3561 357.592
435399518.898 5250.57 235.768 61.568 95.4673 45.3446 46.5157 70.3191 68.9208 29.1086
447425907.06 4128.38 235.851 61.4934 95.3471 45.348 45.0262 241.548 88.095 341.724
447962848.321 4234.83 235.867 61.5277 95.384 45.3243 42.0337 224.017 74.6287 331.017
451885214.965 4003.43 235.7 61.5118 95.4217 45.401 23.345 136.764 70.7038 329.943
459675980.444 4695.93 235.773 61.4585 95.3313 45.3981 22.0648 301.647 68.6138 11.4139
473422718.781 5444.91 235.775 61.5433 95.4345 45.3541 16.7204 52.0914 66.0629 27.8777
474516490.432 4741.28 235.644 61.5471 95.4845 45.4061 26.1311 199.36 76.0676 333.262
474814675.559 4200.68 235.9 61.4883 95.3241 45.3304 40.0734 277.864 84.0609 338.248
475304495.92 5264.98 235.584 61.5593 95.5199 45.4243 9.62015 75.5991 53.2244 348.341
476782835.06 4544.08 235.903 61.4994 95.3368 45.3236 60.1405 281.075 87.7065 27.9471
482647389.138 4213.23 235.741 61.5441 95.4472 45.3678 20.4378 8.91864 69.2811 17.7408
484255053.419 5218.48 235.589 61.4762 95.4165 45.4648 34.1607 121.923 63.4384 328.712
486029789.261 5144.06 235.701 61.5931 95.521 45.3593 45.4851 211.425 70.2129 30.0896
486453533.064 6299.72 235.776 61.5158 95.4005 45.3677 5.05614 91.1886 46.4774 14.3429
495630739.386 4130.02 235.777 61.5281 95.4154 45.3612 3.33578 54.6373 47.082 19.3331
496223694.713 4520.34 235.654 61.451 95.363 45.4509 36.3005 74.2964 79.2562 25.7847
498278829.744 5297.14 235.869 61.5724 95.4379 45.3008 52.9659 25.3175 87.4878 336.272
501470047.406 5460.35 235.836 61.5251 95.3913 45.3384 36.0761 102.473 85.8155 25.868
509505411.156 4780.46 235.679 61.5229 95.4424 45.4042 48.7562 161.645 83.9348 341.68
509904354.836 5202.93 235.855 61.437 95.2762 45.3747 20.6764 96.8095 66.2949 10.7378
510029879.014 4712.31 235.792 61.5309 95.4134 45.3537 20.2817 73.2966 68.3495 15.7218
518758859.863 5542.31 235.57 61.5172 95.4731 45.4519 61.8674 225.413 81.5946 25.1371
519560668.08 5267.27 235.745 61.5263 95.424 45.3753 36.9506 342.741 85.8625 358.369
519661303.651 4170.73 235.676 61.4661 95.3737 45.4342 38.7199 186.792 88.1866 21.1769
522086739.45 6226.11 235.674 61.4101 95.3057 45.4635 39.2141 72.593 59.1968 332.796
529650837.121 5409.77 235.85 61.5492 95.4159 45.3204 19.8418 239.751 68.4323 343.518
532254184.76 4113.48 235.857 61.4858 95.3356 45.3496 51.6925 75.2852 64.321 31.7008
532826409.032 4081.39 235.905 61.5451 95.3922 45.3001 21.0257 181.698 67.8485 12.6441
533070611.223 4134.25 235.89 61.5609 95.4166 45.2981 33.0093 37.5745 80.457 26.2273
535124662.791 5131.08 235.923 61.4904 95.3188 45.32 36.9031 306.698 64.6787 328.668
537505111.489 4068.47 235.803 61.5867 95.4781 45.3209 43.3106 282.399 69.1572 18.7537
540785228.103 4474.57 235.572 61.4622 95.4049 45.479 43.1733 121.805 46.8797 346.429
542063874.169 4666.63 235.708 61.5595 95.4772 45.3735 18.2562 35.2839 67.9748 21.8926
547402207.907 5389.81 235.544 61.5152 95.4797 45.4635 37.7882 131.932 87.4263 333.733
550062242.791 5158.56 235.663 61.5865 95.5259 45.3784 10.5711 139.941 39.4811 11.0875
550090463.475 4250.58 235.584 61.4814 95.4242 45.4641 18.2241 184.348 44.1399 25.1429
555661025.239 5308.43 235.849 61.4312 95.2714 45.3806 33.2475 316.532 76.7022 358.451
557770508.696 4893.78 235.704 61.5423 95.4575 45.3838 46.1129 55.256 77.7728 331.913
559309799.226 4382.68 235.747 61.5017 95.393 45.387 49.7697 76.2662 77.3314 29.066
560081378.378 4397.43 235.784 61.5306 95.4156 45.3568 15.676 110.118 61.9824 29.6724
564730612.143 5485.38 235.908 61.4989 95.3344 45.3221 37.2316 19.5757 79.4268 25.5858
567245712.998 6169.08 235.668 61.4918 95.4079 45.4243 26.3292 80.7838 50.6116 10.4369
573842790.122 5655.31 235.63 61.4689 95.3928 45.4514 12.7225 339.336 61.7782 27.3149
577065740.351 5903.49 235.67 61.5194 95.441 45.4093 19.7199 169.171 40.0646 346.973
587272657.732 4335.06 235.906 61.5081 95.3461 45.3179 4.53325 281.5 53.4272 18.4785
